   2.980E+02   1.578E+00
   3.230E+02   4.334E-06
   3.481E+02   2.535E-06
   3.731E+02   1.856E-06
   3.982E+02   1.505E-06
   4.232E+02   1.282E-06
   4.483E+02   1.108E-06
   4.733E+02   9.675E-07
   4.984E+02   8.791E-07
   5.234E+02   8.209E-07
   5.485E+02   7.573E-07
   5.735E+02   7.068E-07
   5.985E+02   6.758E-07
   6.236E+02   6.493E-07
   6.486E+02   6.272E-07
   6.737E+02   6.093E-07
   6.987E+02   5.954E-07
   7.238E+02   5.853E-07
   7.488E+02   5.788E-07
   7.739E+02   5.758E-07
   7.989E+02   5.759E-07
   8.240E+02   5.790E-07
   8.490E+02   5.850E-07
   8.740E+02   5.937E-07
   8.991E+02   6.053E-07
   9.241E+02   6.165E-07
   9.492E+02   6.325E-07
   9.742E+02   6.549E-07
   9.993E+02   6.809E-07
   1.024E+03   7.071E-07
   1.049E+03   7.369E-07
   1.074E+03   7.703E-07
   1.099E+03   8.284E-07
   1.124E+03   8.952E-07
   1.150E+03   9.740E-07
   1.175E+03   1.073E-06
   1.200E+03   1.175E-06
   1.225E+03   1.337E-06
   1.250E+03   1.582E-06
   1.275E+03   1.944E-06
   1.300E+03   2.500E-06
   1.325E+03   3.541E-06
   1.350E+03   5.966E-06
   1.375E+03   1.855E-05
   1.400E+03   1.403E-02
