   0.000E+00   1.053E+05
   2.614E-04   1.357E+01
   5.227E-04   6.751E+01
   7.841E-04   1.365E+01
   1.045E-03   7.253E+00
   1.307E-03   5.685E+00
   1.568E-03   5.287E+00
   1.830E-03   5.348E+00
   2.091E-03   5.757E+00
   2.352E-03   6.368E+00
   2.614E-03   7.808E+00
   2.875E-03   9.586E+00
   3.136E-03   1.257E+01
   3.398E-03   1.966E+01
   3.659E-03   2.918E+01
   3.920E-03   4.991E+01
   4.182E-03   8.816E+01
   4.443E-03   1.816E+02
   4.705E-03   4.293E+02
   4.966E-03   9.522E+02
   5.227E-03   1.888E+03
   5.489E-03   2.028E+03
   5.750E-03   1.732E+03
   6.011E-03   1.740E+03
   6.273E-03   1.735E+03
   6.534E-03   1.735E+03
   6.795E-03   1.730E+03
   7.057E-03   1.770E+03
   7.318E-03   1.779E+03
   7.580E-03   1.816E+03
   7.841E-03   1.862E+03
   8.102E-03   1.897E+03
   8.364E-03   1.987E+03
   8.625E-03   2.071E+03
   8.886E-03   2.195E+03
   9.148E-03   2.353E+03
   9.409E-03   2.571E+03
   9.670E-03   2.859E+03
   9.932E-03   3.255E+03
   1.019E-02   3.875E+03
   1.045E-02   4.909E+03
   1.072E-02   7.329E+03
   1.098E-02   3.236E+04
   1.124E-02   4.414E+04
   1.150E-02   1.138E+04
