   0.000E+00   1.514E+01
   2.614E-04   2.041E-02
   5.227E-04   1.144E-02
   7.841E-04   8.853E-03
   1.045E-03   7.527E-03
   1.307E-03   6.842E-03
   1.568E-03   6.521E-03
   1.830E-03   6.355E-03
   2.091E-03   6.326E-03
   2.352E-03   6.347E-03
   2.614E-03   6.471E-03
   2.875E-03   6.626E-03
   3.136E-03   6.847E-03
   3.398E-03   7.244E-03
   3.659E-03   7.635E-03
   3.920E-03   8.180E-03
   4.182E-03   8.834E-03
   4.443E-03   9.663E-03
   4.705E-03   1.080E-02
   4.966E-03   1.179E-02
   5.227E-03   1.332E-02
   5.489E-03   1.481E-02
   5.750E-03   1.686E-02
   6.011E-03   1.917E-02
   6.273E-03   2.185E-02
   6.534E-03   2.510E-02
   6.795E-03   3.001E-02
   7.057E-03   3.549E-02
   7.318E-03   4.468E-02
   7.580E-03   6.398E-02
   7.841E-03   8.840E-02
   8.102E-03   9.497E-02
   8.364E-03   1.202E-01
   8.625E-03   1.857E-01
   8.886E-03   2.624E-01
   9.148E-03   6.394E-01
   9.409E-03   1.068E+00
   9.670E-03   1.390E+00
   9.932E-03   3.635E+00
   1.019E-02   4.902E+00
   1.045E-02   2.778E+00
   1.072E-02   8.825E+00
   1.098E-02   2.662E+03
   1.124E-02   1.613E+01
   1.150E-02   7.191E+03
