   2.980E+02   1.129E+00
   3.230E+02   8.288E+00
   3.481E+02   9.546E+00
   3.731E+02   1.026E+01
   3.982E+02   1.063E+01
   4.232E+02   1.089E+01
   4.483E+02   1.107E+01
   4.733E+02   1.120E+01
   4.984E+02   1.126E+01
   5.234E+02   1.125E+01
   5.485E+02   1.132E+01
   5.735E+02   1.129E+01
   5.985E+02   1.127E+01
   6.236E+02   1.124E+01
   6.486E+02   1.119E+01
   6.737E+02   1.112E+01
   6.987E+02   1.103E+01
   7.238E+02   1.093E+01
   7.488E+02   1.081E+01
   7.739E+02   1.068E+01
   7.989E+02   1.052E+01
   8.240E+02   1.035E+01
   8.490E+02   1.016E+01
   8.740E+02   9.958E+00
   8.991E+02   9.729E+00
   9.241E+02   9.536E+00
   9.492E+02   9.281E+00
   9.742E+02   8.949E+00
   9.993E+02   8.586E+00
   1.024E+03   8.264E+00
   1.049E+03   7.909E+00
   1.074E+03   7.534E+00
   1.099E+03   6.939E+00
   1.124E+03   6.322E+00
   1.150E+03   5.695E+00
   1.175E+03   5.017E+00
   1.200E+03   4.438E+00
   1.225E+03   3.697E+00
   1.250E+03   2.892E+00
   1.275E+03   2.111E+00
   1.300E+03   1.438E+00
   1.325E+03   8.480E-01
   1.350E+03   4.064E-01
   1.375E+03   1.289E-01
   1.400E+03   4.998E-03
