   0.000E+00   1.387E-03
   2.614E-04   9.609E-04
   5.227E-04   5.362E-03
   7.841E-04   2.894E-02
   1.045E-03   7.735E-02
   1.307E-03   1.447E-01
   1.568E-03   2.186E-01
   1.830E-03   3.047E-01
   2.091E-03   3.781E-01
   2.352E-03   4.369E-01
   2.614E-03   4.924E-01
   2.875E-03   5.083E-01
   3.136E-03   4.868E-01
   3.398E-03   4.005E-01
   3.659E-03   2.956E-01
   3.920E-03   1.517E-01
   4.182E-03   6.738E-03
   4.443E-03   1.360E-01
   4.705E-03   2.558E-01
   4.966E-03   3.330E-01
   5.227E-03   3.784E-01
   5.489E-03   3.993E-01
   5.750E-03   3.922E-01
   6.011E-03   3.772E-01
   6.273E-03   3.511E-01
   6.534E-03   3.191E-01
   6.795E-03   2.756E-01
   7.057E-03   2.470E-01
   7.318E-03   2.076E-01
   7.580E-03   1.686E-01
   7.841E-03   1.347E-01
   8.102E-03   1.049E-01
   8.364E-03   8.206E-02
   8.625E-03   6.362E-02
   8.886E-03   4.606E-02
   9.148E-03   3.043E-02
   9.409E-03   2.031E-02
   9.670E-03   1.290E-02
   9.932E-03   7.621E-03
   1.019E-02   4.340E-03
   1.045E-02   2.450E-03
   1.072E-02   1.437E-03
   1.098E-02   1.028E-03
   1.124E-02   9.036E-04
   1.150E-02   6.293E-04
