   2.980E+02   2.644E-03
   3.230E+02   1.153E-01
   3.481E+02   2.081E-01
   3.731E+02   2.850E-01
   3.982E+02   3.404E-01
   4.232E+02   3.787E-01
   4.483E+02   3.979E-01
   4.733E+02   3.876E-01
   4.984E+02   3.522E-01
   5.234E+02   2.972E-01
   5.485E+02   2.097E-01
   5.735E+02   9.293E-02
   5.985E+02   6.738E-03
   6.236E+02   1.027E-01
   6.486E+02   2.008E-01
   6.737E+02   2.912E-01
   6.987E+02   3.689E-01
   7.238E+02   4.304E-01
   7.488E+02   4.740E-01
   7.739E+02   4.996E-01
   7.989E+02   5.083E-01
   8.240E+02   5.019E-01
   8.490E+02   4.829E-01
   8.740E+02   4.538E-01
   8.991E+02   4.180E-01
   9.241E+02   3.839E-01
   9.492E+02   3.395E-01
   9.742E+02   2.882E-01
   9.993E+02   2.423E-01
   1.024E+03   1.983E-01
   1.049E+03   1.612E-01
   1.074E+03   1.283E-01
   1.099E+03   8.791E-02
   1.124E+03   5.623E-02
   1.150E+03   3.418E-02
   1.175E+03   1.791E-02
   1.200E+03   8.476E-03
   1.225E+03   1.635E-03
   1.250E+03   9.572E-04
   1.275E+03   5.327E-04
   1.300E+03   2.685E-03
   1.325E+03   6.219E-03
   1.350E+03   8.654E-03
   1.375E+03   7.306E-03
   1.400E+03   6.873E-04
