   0.000E+00   3.132E+02
   2.614E-04   3.582E+00
   5.227E-04   6.330E-01
   7.841E-04   3.511E-01
   1.045E-03   2.780E-01
   1.307E-03   2.617E-01
   1.568E-03   2.736E-01
   1.830E-03   3.108E-01
   2.091E-03   3.706E-01
   2.352E-03   4.560E-01
   2.614E-03   6.531E-01
   2.875E-03   9.088E-01
   3.136E-03   1.369E+00
   3.398E-03   2.537E+00
   3.659E-03   4.164E+00
   3.920E-03   7.672E+00
   4.182E-03   1.380E+01
   4.443E-03   2.652E+01
   4.705E-03   5.014E+01
   4.966E-03   9.287E+01
   5.227E-03   1.508E+02
   5.489E-03   2.617E+02
   5.750E-03   3.131E+02
   6.011E-03   3.772E+02
   6.273E-03   4.103E+02
   6.534E-03   4.507E+02
   6.795E-03   4.966E+02
   7.057E-03   5.845E+02
   7.318E-03   6.564E+02
   7.580E-03   7.893E+02
   7.841E-03   9.721E+02
   8.102E-03   1.186E+03
   8.364E-03   1.632E+03
   8.625E-03   2.298E+03
   8.886E-03   4.284E+03
   9.148E-03   1.101E+06
   9.409E-03   1.225E+04
   9.670E-03   4.641E+03
   9.932E-03   3.192E+03
   1.019E-02   5.858E+03
   1.045E-02   2.681E+03
   1.072E-02   2.324E+03
   1.098E-02   2.531E+03
   1.124E-02   4.543E+03
   1.150E-02   6.130E+06
