   0.000E+00   2.153E-01
   2.614E-04   2.172E+00
   5.227E-04   3.595E+00
   7.841E-04   3.901E+00
   1.045E-03   3.655E+00
   1.307E-03   3.153E+00
   1.568E-03   2.638E+00
   1.830E-03   2.122E+00
   2.091E-03   1.739E+00
   2.352E-03   1.477E+00
   2.614E-03   1.214E+00
   2.875E-03   1.068E+00
   3.136E-03   9.449E-01
   3.398E-03   7.692E-01
   3.659E-03   6.183E-01
   3.920E-03   4.441E-01
   4.182E-03   2.887E-01
   4.443E-03   1.706E-01
   4.705E-03   8.442E-02
   4.966E-03   4.428E-02
   5.227E-03   1.963E-02
   5.489E-03   9.040E-03
   5.750E-03   5.767E-03
   6.011E-03   3.938E-03
   6.273E-03   3.624E-03
   6.534E-03   3.316E-03
   6.795E-03   3.151E-03
   7.057E-03   2.430E-03
   7.318E-03   2.330E-03
   7.580E-03   1.965E-03
   7.841E-03   1.637E-03
   8.102E-03   1.527E-03
   8.364E-03   1.054E-03
   8.625E-03   8.043E-04
   8.886E-03   5.399E-04
   9.148E-03   3.505E-04
   9.409E-03   2.515E-04
   9.670E-03   3.179E-04
   9.932E-03   3.684E-04
   1.019E-02   3.878E-04
   1.045E-02   4.367E-04
   1.072E-02   4.963E-04
   1.098E-02   5.200E-04
   1.124E-02   4.675E-04
   1.150E-02   5.602E-02
