   2.980E+02   4.123E+04
   3.230E+02   2.398E+05
   3.481E+02   3.988E+05
   3.731E+02   5.418E+05
   3.982E+02   6.660E+05
   4.232E+02   7.812E+05
   4.483E+02   9.035E+05
   4.733E+02   1.035E+06
   4.984E+02   1.138E+06
   5.234E+02   1.219E+06
   5.485E+02   1.321E+06
   5.735E+02   1.415E+06
   5.985E+02   1.480E+06
   6.236E+02   1.540E+06
   6.486E+02   1.595E+06
   6.737E+02   1.642E+06
   6.987E+02   1.680E+06
   7.238E+02   1.709E+06
   7.488E+02   1.728E+06
   7.739E+02   1.737E+06
   7.989E+02   1.737E+06
   8.240E+02   1.727E+06
   8.490E+02   1.710E+06
   8.740E+02   1.685E+06
   8.991E+02   1.652E+06
   9.241E+02   1.622E+06
   9.492E+02   1.581E+06
   9.742E+02   1.527E+06
   9.993E+02   1.469E+06
   1.024E+03   1.414E+06
   1.049E+03   1.357E+06
   1.074E+03   1.298E+06
   1.099E+03   1.208E+06
   1.124E+03   1.117E+06
   1.150E+03   1.028E+06
   1.175E+03   9.330E+05
   1.200E+03   8.526E+05
   1.225E+03   7.495E+05
   1.250E+03   6.346E+05
   1.275E+03   5.164E+05
   1.300E+03   4.033E+05
   1.325E+03   2.869E+05
   1.350E+03   1.738E+05
   1.375E+03   6.965E+04
   1.400E+03   3.103E+03
