   0.000E+00   4.059E+03
   2.614E-04   4.586E-01
   5.227E-04   2.464E-01
   7.841E-04   1.830E-01
   1.045E-03   1.489E-01
   1.307E-03   1.296E-01
   1.568E-03   1.187E-01
   1.830E-03   1.105E-01
   2.091E-03   1.056E-01
   2.352E-03   1.015E-01
   2.614E-03   9.751E-02
   2.875E-03   9.505E-02
   3.136E-03   9.309E-02
   3.398E-03   9.108E-02
   3.659E-03   8.997E-02
   3.920E-03   8.922E-02
   4.182E-03   8.875E-02
   4.443E-03   8.856E-02
   4.705E-03   8.901E-02
   4.966E-03   8.850E-02
   5.227E-03   8.956E-02
   5.489E-03   8.955E-02
   5.750E-03   9.107E-02
   6.011E-03   9.192E-02
   6.273E-03   9.339E-02
   6.534E-03   9.523E-02
   6.795E-03   9.811E-02
   7.057E-03   1.006E-01
   7.318E-03   1.047E-01
   7.580E-03   1.102E-01
   7.841E-03   1.161E-01
   8.102E-03   1.226E-01
   8.364E-03   1.298E-01
   8.625E-03   1.393E-01
   8.886E-03   1.528E-01
   9.148E-03   1.705E-01
   9.409E-03   1.885E-01
   9.670E-03   2.132E-01
   9.932E-03   2.539E-01
   1.019E-02   3.064E-01
   1.045E-02   3.823E-01
   1.072E-02   5.234E-01
   1.098E-02   8.786E-01
   1.124E-02   3.813E+00
   1.150E-02   1.913E+03
