   0.000E+00   2.602E+01
   2.614E-04   5.039E-01
   5.227E-04   2.791E-01
   7.841E-04   2.564E-01
   1.045E-03   2.740E-01
   1.307E-03   3.177E-01
   1.568E-03   3.801E-01
   1.830E-03   4.728E-01
   2.091E-03   5.764E-01
   2.352E-03   6.802E-01
   2.614E-03   8.267E-01
   2.875E-03   9.381E-01
   3.136E-03   1.062E+00
   3.398E-03   1.309E+00
   3.659E-03   1.627E+00
   3.920E-03   2.301E+00
   4.182E-03   3.491E+00
   4.443E-03   6.145E+00
   4.705E-03   1.247E+01
   4.966E-03   2.425E+01
   5.227E-03   5.110E+01
   5.489E-03   1.231E+02
   5.750E-03   2.297E+02
   6.011E-03   3.198E+02
   6.273E-03   3.482E+02
   6.534E-03   3.827E+02
   6.795E-03   4.218E+02
   7.057E-03   4.971E+02
   7.318E-03   5.581E+02
   7.580E-03   6.708E+02
   7.841E-03   8.253E+02
   8.102E-03   1.005E+03
   8.364E-03   1.377E+03
   8.625E-03   1.924E+03
   8.886E-03   3.487E+03
   9.148E-03   2.794E+04
   9.409E-03   1.345E+04
   9.670E-03   4.309E+03
   9.932E-03   2.882E+03
   1.019E-02   5.809E+03
   1.045E-02   2.436E+03
   1.072E-02   2.086E+03
   1.098E-02   2.272E+03
   1.124E-02   4.065E+03
   1.150E-02   2.551E+06
