   2.980E+02   3.765E+00
   3.230E+02   1.130E+01
   3.481E+02   2.265E+01
   3.731E+02   3.464E+01
   3.982E+02   4.400E+01
   4.232E+02   5.261E+01
   4.483E+02   6.236E+01
   4.733E+02   7.313E+01
   4.984E+02   8.175E+01
   5.234E+02   8.868E+01
   5.485E+02   9.809E+01
   5.735E+02   1.069E+02
   5.985E+02   1.132E+02
   6.236E+02   1.194E+02
   6.486E+02   1.253E+02
   6.737E+02   1.307E+02
   6.987E+02   1.357E+02
   7.238E+02   1.403E+02
   7.488E+02   1.443E+02
   7.739E+02   1.479E+02
   7.989E+02   1.509E+02
   8.240E+02   1.535E+02
   8.490E+02   1.556E+02
   8.740E+02   1.572E+02
   8.991E+02   1.580E+02
   9.241E+02   1.584E+02
   9.492E+02   1.582E+02
   9.742E+02   1.570E+02
   9.993E+02   1.545E+02
   1.024E+03   1.520E+02
   1.049E+03   1.484E+02
   1.074E+03   1.440E+02
   1.099E+03   1.361E+02
   1.124E+03   1.270E+02
   1.150E+03   1.169E+02
   1.175E+03   1.050E+02
   1.200E+03   9.460E+01
   1.225E+03   8.043E+01
   1.250E+03   6.409E+01
   1.275E+03   4.748E+01
   1.300E+03   3.243E+01
   1.325E+03   1.874E+01
   1.350E+03   8.551E+00
   1.375E+03   2.012E+00
   1.400E+03   7.446E-01
