   0.000E+00   6.229E-03
   2.614E-04   7.970E-02
   5.227E-04   2.009E-02
   7.841E-04   7.774E-02
   1.045E-03   1.396E-01
   1.307E-03   1.762E-01
   1.568E-03   1.893E-01
   1.830E-03   1.872E-01
   2.091E-03   1.741E-01
   2.352E-03   1.577E-01
   2.614E-03   1.290E-01
   2.875E-03   1.048E-01
   3.136E-03   8.072E-02
   3.398E-03   5.203E-02
   3.659E-03   3.469E-02
   3.920E-03   2.088E-02
   4.182E-03   1.145E-02
   4.443E-03   5.905E-03
   4.705E-03   2.487E-03
   4.966E-03   1.150E-03
   5.227E-03   5.404E-04
   5.489E-03   4.998E-04
   5.750E-03   5.854E-04
   6.011E-03   5.792E-04
   6.273E-03   5.809E-04
   6.534E-03   5.808E-04
   6.795E-03   5.836E-04
   7.057E-03   5.682E-04
   7.318E-03   5.666E-04
   7.580E-03   5.548E-04
   7.841E-03   5.410E-04
   8.102E-03   5.329E-04
   8.364E-03   5.073E-04
   8.625E-03   4.864E-04
   8.886E-03   4.586E-04
   9.148E-03   4.285E-04
   9.409E-03   3.918E-04
   9.670E-03   3.527E-04
   9.932E-03   3.098E-04
   1.019E-02   2.605E-04
   1.045E-02   2.054E-04
   1.072E-02   1.396E-04
   1.098E-02   5.699E-05
   1.124E-02   6.887E-05
   1.150E-02   2.852E-03
