   0.000E+00   1.485E+00
   2.614E-04   4.616E+01
   5.227E-04   7.755E+01
   7.841E-04   1.009E+02
   1.045E-03   1.209E+02
   1.307E-03   1.357E+02
   1.568E-03   1.454E+02
   1.830E-03   1.529E+02
   2.091E-03   1.568E+02
   2.352E-03   1.597E+02
   2.614E-03   1.611E+02
   2.875E-03   1.606E+02
   3.136E-03   1.586E+02
   3.398E-03   1.539E+02
   3.659E-03   1.492E+02
   3.920E-03   1.427E+02
   4.182E-03   1.357E+02
   4.443E-03   1.279E+02
   4.705E-03   1.188E+02
   4.966E-03   1.114E+02
   5.227E-03   1.018E+02
   5.489E-03   9.423E+01
   5.750E-03   8.496E+01
   6.011E-03   7.698E+01
   6.273E-03   6.902E+01
   6.534E-03   6.147E+01
   6.795E-03   5.255E+01
   7.057E-03   4.691E+01
   7.318E-03   3.972E+01
   7.580E-03   3.270E+01
   7.841E-03   2.662E+01
   8.102E-03   2.127E+01
   8.364E-03   1.701E+01
   8.625E-03   1.352E+01
   8.886E-03   1.009E+01
   9.148E-03   6.940E+00
   9.409E-03   4.774E+00
   9.670E-03   3.106E+00
   9.932E-03   1.857E+00
   1.019E-02   1.025E+00
   1.045E-02   4.980E-01
   1.072E-02   1.904E-01
   1.098E-02   4.529E-02
   1.124E-02   3.289E-03
   1.150E-02   5.192E+00
