   2.980E+02   1.905E-03
   3.230E+02   5.289E-04
   3.481E+02   5.662E-04
   3.731E+02   5.799E-04
   3.982E+02   5.876E-04
   4.232E+02   5.790E-04
   4.483E+02   5.554E-04
   4.733E+02   5.012E-04
   4.984E+02   8.249E-04
   5.234E+02   1.675E-03
   5.485E+02   3.740E-03
   5.735E+02   7.327E-03
   5.985E+02   1.145E-02
   6.236E+02   1.714E-02
   6.486E+02   2.462E-02
   6.737E+02   3.402E-02
   6.987E+02   4.532E-02
   7.238E+02   5.838E-02
   7.488E+02   7.291E-02
   7.739E+02   8.853E-02
   7.989E+02   1.048E-01
   8.240E+02   1.211E-01
   8.490E+02   1.369E-01
   8.740E+02   1.517E-01
   8.991E+02   1.643E-01
   9.241E+02   1.736E-01
   9.492E+02   1.829E-01
   9.742E+02   1.890E-01
   9.993E+02   1.891E-01
   1.024E+03   1.879E-01
   1.049E+03   1.814E-01
   1.074E+03   1.710E-01
   1.099E+03   1.488E-01
   1.124E+03   1.211E-01
   1.150E+03   8.896E-02
   1.175E+03   5.305E-02
   1.200E+03   2.110E-02
   1.225E+03   1.955E-02
   1.250E+03   5.863E-02
   1.275E+03   8.879E-02
   1.300E+03   1.024E-01
   1.325E+03   9.728E-02
   1.350E+03   7.011E-02
   1.375E+03   2.782E-02
   1.400E+03   7.611E-04
