   2.980E+02   2.370E+00
   3.230E+02   5.428E+00
   3.481E+02   9.390E+00
   3.731E+02   1.571E+01
   3.982E+02   1.621E+01
   4.232E+02   1.526E+01
   4.483E+02   1.473E+01
   4.733E+02   1.363E+01
   4.984E+02   1.253E+01
   5.234E+02   1.129E+01
   5.485E+02   1.174E+01
   5.735E+02   1.103E+01
   5.985E+02   1.094E+01
   6.236E+02   1.069E+01
   6.486E+02   1.014E+01
   6.737E+02   9.227E+00
   6.987E+02   7.948E+00
   7.238E+02   6.384E+00
   7.488E+02   4.653E+00
   7.739E+02   2.876E+00
   7.989E+02   1.495E+00
   8.240E+02   1.474E+00
   8.490E+02   2.589E+00
   8.740E+02   3.759E+00
   8.991E+02   4.812E+00
   9.241E+02   5.686E+00
   9.492E+02   6.882E+00
   9.742E+02   8.116E+00
   9.993E+02   9.050E+00
   1.024E+03   1.045E+01
   1.049E+03   1.130E+01
   1.074E+03   1.198E+01
   1.099E+03   1.252E+01
   1.124E+03   1.253E+01
   1.150E+03   1.206E+01
   1.175E+03   1.198E+01
   1.200E+03   1.019E+01
   1.225E+03   8.620E+00
   1.250E+03   7.302E+00
   1.275E+03   5.556E+00
   1.300E+03   3.913E+00
   1.325E+03   2.305E+00
   1.350E+03   2.509E+00
   1.375E+03   2.860E+00
   1.400E+03   4.005E+00
