   2.980E+02   3.649E-02
   3.230E+02   1.433E-03
   3.481E+02   2.333E-03
   3.731E+02   3.071E-03
   3.982E+02   3.900E-03
   4.232E+02   4.006E-03
   4.483E+02   5.990E-03
   4.733E+02   1.585E-02
   4.984E+02   3.335E-02
   5.234E+02   6.084E-02
   5.485E+02   1.181E-01
   5.735E+02   2.039E-01
   5.985E+02   2.887E-01
   6.236E+02   3.890E-01
   6.486E+02   4.992E-01
   6.737E+02   6.117E-01
   6.987E+02   7.191E-01
   7.238E+02   8.168E-01
   7.488E+02   9.043E-01
   7.739E+02   9.855E-01
   7.989E+02   1.068E+00
   8.240E+02   1.159E+00
   8.490E+02   1.269E+00
   8.740E+02   1.403E+00
   8.991E+02   1.560E+00
   9.241E+02   1.719E+00
   9.492E+02   1.940E+00
   9.742E+02   2.214E+00
   9.993E+02   2.474E+00
   1.024E+03   2.771E+00
   1.049E+03   3.031E+00
   1.074E+03   3.275E+00
   1.099E+03   3.581E+00
   1.124E+03   3.804E+00
   1.150E+03   3.904E+00
   1.175E+03   3.868E+00
   1.200E+03   3.746E+00
   1.225E+03   3.410E+00
   1.250E+03   2.815E+00
   1.275E+03   1.997E+00
   1.300E+03   1.060E+00
   1.325E+03   2.496E-01
   1.350E+03   7.702E-01
   1.375E+03   9.795E-01
   1.400E+03   1.434E-01
