   0.000E+00   1.597E-01
   2.614E-04   5.093E-01
   5.227E-04   1.678E+00
   7.841E-04   2.872E+00
   1.045E-03   3.604E+00
   1.307E-03   3.823E+00
   1.568E-03   3.659E+00
   1.830E-03   3.225E+00
   2.091E-03   2.707E+00
   2.352E-03   2.214E+00
   2.614E-03   1.555E+00
   2.875E-03   1.106E+00
   3.136E-03   7.497E-01
   3.398E-03   4.082E-01
   3.659E-03   2.436E-01
   3.920E-03   1.365E-01
   4.182E-03   7.293E-02
   4.443E-03   3.958E-02
   4.705E-03   2.006E-02
   4.966E-03   1.126E-02
   5.227E-03   7.319E-03
   5.489E-03   4.211E-03
   5.750E-03   4.397E-03
   6.011E-03   3.280E-03
   6.273E-03   3.023E-03
   6.534E-03   2.769E-03
   6.795E-03   2.628E-03
   7.057E-03   2.042E-03
   7.318E-03   1.951E-03
   7.580E-03   1.645E-03
   7.841E-03   1.370E-03
   8.102E-03   1.275E-03
   8.364E-03   8.827E-04
   8.625E-03   6.702E-04
   8.886E-03   4.451E-04
   9.148E-03   2.846E-04
   9.409E-03   2.260E-04
   9.670E-03   2.862E-04
   9.932E-03   3.295E-04
   1.019E-02   3.476E-04
   1.045E-02   3.933E-04
   1.072E-02   4.460E-04
   1.098E-02   4.673E-04
   1.124E-02   4.196E-04
   1.150E-02   5.457E-02
