   0.000E+00   1.464E+00
   2.614E-04   5.167E+01
   5.227E-04   8.816E+01
   7.841E-04   1.133E+02
   1.045E-03   1.331E+02
   1.307E-03   1.462E+02
   1.568E-03   1.534E+02
   1.830E-03   1.574E+02
   2.091E-03   1.581E+02
   2.352E-03   1.576E+02
   2.614E-03   1.546E+02
   2.875E-03   1.509E+02
   3.136E-03   1.461E+02
   3.398E-03   1.381E+02
   3.659E-03   1.310E+02
   3.920E-03   1.223E+02
   4.182E-03   1.132E+02
   4.443E-03   1.036E+02
   4.705E-03   9.283E+01
   4.966E-03   8.498E+01
   5.227E-03   7.516E+01
   5.489E-03   6.763E+01
   5.750E-03   5.936E+01
   6.011E-03   5.227E+01
   6.273E-03   4.577E+01
   6.534E-03   3.996E+01
   6.795E-03   3.351E+01
   7.057E-03   2.829E+01
   7.318E-03   2.254E+01
   7.580E-03   1.663E+01
   7.841E-03   1.262E+01
   8.102E-03   1.069E+01
   8.364E-03   8.531E+00
   8.625E-03   5.764E+00
   8.886E-03   4.242E+00
   9.148E-03   2.011E+00
   9.409E-03   1.508E+00
   9.670E-03   1.716E+00
   9.932E-03   1.183E+00
   1.019E-02   9.929E-01
   1.045E-02   9.372E-01
   1.072E-02   9.195E-01
   1.098E-02   6.314E-01
   1.124E-02   1.153E+00
   1.150E-02   5.103E+00
