   0.000E+00   1.162E+04
   2.614E-04   3.309E+03
   5.227E-04   5.193E+02
   7.841E-04   3.822E+01
   1.045E-03   1.366E+01
   1.307E-03   7.000E+00
   1.568E-03   4.614E+00
   1.830E-03   3.300E+00
   2.091E-03   2.648E+00
   2.352E-03   2.293E+00
   2.614E-03   2.032E+00
   2.875E-03   1.967E+00
   3.136E-03   2.056E+00
   3.398E-03   2.514E+00
   3.659E-03   3.400E+00
   3.920E-03   7.438E+00
   4.182E-03   4.027E+02
   4.443E-03   8.189E+00
   4.705E-03   3.917E+00
   4.966E-03   3.015E+00
   5.227E-03   2.645E+00
   5.489E-03   2.505E+00
   5.750E-03   2.555E+00
   6.011E-03   2.657E+00
   6.273E-03   2.854E+00
   6.534E-03   3.145E+00
   6.795E-03   3.646E+00
   7.057E-03   4.063E+00
   7.318E-03   4.839E+00
   7.580E-03   5.960E+00
   7.841E-03   7.459E+00
   8.102E-03   9.621E+00
   8.364E-03   1.231E+01
   8.625E-03   1.586E+01
   8.886E-03   2.207E+01
   9.148E-03   3.370E+01
   9.409E-03   5.074E+01
   9.670E-03   8.055E+01
   9.932E-03   1.365E+02
   1.019E-02   2.464E+02
   1.045E-02   4.228E+02
   1.072E-02   7.424E+02
   1.098E-02   1.397E+03
   1.124E-02   4.684E+03
   1.150E-02   3.869E+07
