   0.000E+00   3.479E+01
   2.614E-04   2.269E-02
   5.227E-04   1.301E-02
   7.841E-04   9.947E-03
   1.045E-03   8.291E-03
   1.307E-03   7.373E-03
   1.568E-03   6.879E-03
   1.830E-03   6.544E-03
   2.091E-03   6.380E-03
   2.352E-03   6.264E-03
   2.614E-03   6.211E-03
   2.875E-03   6.229E-03
   3.136E-03   6.308E-03
   3.398E-03   6.500E-03
   3.659E-03   6.706E-03
   3.920E-03   7.011E-03
   4.182E-03   7.372E-03
   4.443E-03   7.822E-03
   4.705E-03   8.427E-03
   4.966E-03   8.983E-03
   5.227E-03   9.829E-03
   5.489E-03   1.062E-02
   5.750E-03   1.178E-02
   6.011E-03   1.302E-02
   6.273E-03   1.450E-02
   6.534E-03   1.631E-02
   6.795E-03   1.909E-02
   7.057E-03   2.137E-02
   7.318E-03   2.525E-02
   7.580E-03   3.068E-02
   7.841E-03   3.768E-02
   8.102E-03   4.726E-02
   8.364E-03   5.912E-02
   8.625E-03   7.436E-02
   8.886E-03   1.002E-01
   9.148E-03   1.463E-01
   9.409E-03   2.127E-01
   9.670E-03   3.291E-01
   9.932E-03   5.522E-01
   1.019E-02   1.017E+00
   1.045E-02   2.139E+00
   1.072E-02   6.001E+00
   1.098E-02   2.935E+01
   1.124E-02   1.524E+03
   1.150E-02   1.271E+07
