   0.000E+00   4.331E-02
   2.614E-04   2.310E+00
   5.227E-04   4.101E+00
   7.841E-04   5.487E+00
   1.045E-03   6.734E+00
   1.307E-03   7.721E+00
   1.568E-03   8.431E+00
   1.830E-03   9.054E+00
   2.091E-03   9.475E+00
   2.352E-03   9.851E+00
   2.614E-03   1.026E+01
   2.875E-03   1.052E+01
   3.136E-03   1.074E+01
   3.398E-03   1.098E+01
   3.659E-03   1.112E+01
   3.920E-03   1.121E+01
   4.182E-03   1.127E+01
   4.443E-03   1.129E+01
   4.705E-03   1.124E+01
   4.966E-03   1.130E+01
   5.227E-03   1.117E+01
   5.489E-03   1.117E+01
   5.750E-03   1.099E+01
   6.011E-03   1.088E+01
   6.273E-03   1.071E+01
   6.534E-03   1.050E+01
   6.795E-03   1.019E+01
   7.057E-03   9.946E+00
   7.318E-03   9.551E+00
   7.580E-03   9.079E+00
   7.841E-03   8.617E+00
   8.102E-03   8.161E+00
   8.364E-03   7.705E+00
   8.625E-03   7.186E+00
   8.886E-03   6.561E+00
   9.148E-03   5.878E+00
   9.409E-03   5.310E+00
   9.670E-03   4.699E+00
   9.932E-03   3.956E+00
   1.019E-02   3.276E+00
   1.045E-02   2.631E+00
   1.072E-02   1.938E+00
   1.098E-02   1.184E+00
   1.124E-02   4.220E-01
   1.150E-02   6.777E-01
