   0.000E+00   8.874E-03
   2.614E-04   1.403E-01
   5.227E-04   2.090E-01
   7.841E-04   2.761E-01
   1.045E-03   3.580E-01
   1.307E-03   4.480E-01
   1.568E-03   5.378E-01
   1.830E-03   6.420E-01
   2.091E-03   7.316E-01
   2.352E-03   8.079E-01
   2.614E-03   8.628E-01
   2.875E-03   8.329E-01
   3.136E-03   6.728E-01
   3.398E-03   2.479E-01
   3.659E-03   2.370E-01
   3.920E-03   7.599E-01
   4.182E-03   1.191E+00
   4.443E-03   1.416E+00
   4.705E-03   1.444E+00
   4.966E-03   1.335E+00
   5.227E-03   1.104E+00
   5.489E-03   8.912E-01
   5.750E-03   6.694E-01
   6.011E-03   5.250E-01
   6.273E-03   4.061E-01
   6.534E-03   3.165E-01
   6.795E-03   2.302E-01
   7.057E-03   1.858E-01
   7.318E-03   1.377E-01
   7.580E-03   9.935E-02
   7.841E-03   7.193E-02
   8.102E-03   5.145E-02
   8.364E-03   3.765E-02
   8.625E-03   2.758E-02
   8.886E-03   1.886E-02
   9.148E-03   1.176E-02
   9.409E-03   7.496E-03
   9.670E-03   4.527E-03
   9.932E-03   2.493E-03
   1.019E-02   1.293E-03
   1.045E-02   6.151E-04
   1.072E-02   2.654E-04
   1.098E-02   1.203E-04
   1.124E-02   7.445E-05
   1.150E-02   4.320E-03
