   2.980E+02   3.824E+00
   3.230E+02   2.309E+01
   3.481E+02   3.984E+01
   3.731E+02   5.441E+01
   3.982E+02   6.660E+01
   4.232E+02   7.747E+01
   4.483E+02   8.852E+01
   4.733E+02   9.987E+01
   4.984E+02   1.085E+02
   5.234E+02   1.150E+02
   5.485E+02   1.232E+02
   5.735E+02   1.306E+02
   5.985E+02   1.357E+02
   6.236E+02   1.405E+02
   6.486E+02   1.449E+02
   6.737E+02   1.489E+02
   6.987E+02   1.524E+02
   7.238E+02   1.554E+02
   7.488E+02   1.577E+02
   7.739E+02   1.595E+02
   7.989E+02   1.606E+02
   8.240E+02   1.611E+02
   8.490E+02   1.610E+02
   8.740E+02   1.603E+02
   8.991E+02   1.589E+02
   9.241E+02   1.575E+02
   9.492E+02   1.553E+02
   9.742E+02   1.517E+02
   9.993E+02   1.473E+02
   1.024E+03   1.433E+02
   1.049E+03   1.384E+02
   1.074E+03   1.330E+02
   1.099E+03   1.241E+02
   1.124E+03   1.144E+02
   1.150E+03   1.043E+02
   1.175E+03   9.315E+01
   1.200E+03   8.330E+01
   1.225E+03   7.060E+01
   1.250E+03   5.662E+01
   1.275E+03   4.270E+01
   1.300E+03   3.035E+01
   1.325E+03   1.900E+01
   1.350E+03   9.576E+00
   1.375E+03   3.551E+00
   1.400E+03   6.383E-01
