   0.000E+00   3.510E+03
   2.614E-04   7.268E+00
   5.227E-04   4.821E+00
   7.841E-04   3.640E+00
   1.045E-03   2.808E+00
   1.307E-03   2.237E+00
   1.568E-03   1.864E+00
   1.830E-03   1.561E+00
   2.091E-03   1.368E+00
   2.352E-03   1.239E+00
   2.614E-03   1.159E+00
   2.875E-03   1.202E+00
   3.136E-03   1.516E+00
   3.398E-03   5.839E+00
   3.659E-03   4.582E+00
   3.920E-03   1.385E+00
   4.182E-03   8.397E-01
   4.443E-03   7.069E-01
   4.705E-03   6.938E-01
   4.966E-03   7.514E-01
   5.227E-03   9.125E-01
   5.489E-03   1.133E+00
   5.750E-03   1.504E+00
   6.011E-03   1.930E+00
   6.273E-03   2.477E+00
   6.534E-03   3.199E+00
   6.795E-03   4.401E+00
   7.057E-03   5.436E+00
   7.318E-03   7.338E+00
   7.580E-03   1.016E+01
   7.841E-03   1.403E+01
   8.102E-03   1.974E+01
   8.364E-03   2.697E+01
   8.625E-03   3.679E+01
   8.886E-03   5.429E+01
   9.148E-03   8.797E+01
   9.409E-03   1.383E+02
   9.670E-03   2.306E+02
   9.932E-03   4.235E+02
   1.019E-02   8.606E+02
   1.045E-02   1.981E+03
   1.072E-02   6.219E+03
   1.098E-02   9.757E+03
   1.124E-02   1.743E+04
   1.150E-02   3.473E+07
