   2.980E+02   3.553E-02
   3.230E+02   1.199E-03
   3.481E+02   1.953E-03
   3.731E+02   2.566E-03
   3.982E+02   3.238E-03
   4.232E+02   3.333E-03
   4.483E+02   3.936E-03
   4.733E+02   5.931E-03
   4.984E+02   9.351E-03
   5.234E+02   1.502E-02
   5.485E+02   2.684E-02
   5.735E+02   4.789E-02
   5.985E+02   7.293E-02
   6.236E+02   1.099E-01
   6.486E+02   1.631E-01
   6.737E+02   2.377E-01
   6.987E+02   3.392E-01
   7.238E+02   4.732E-01
   7.488E+02   6.442E-01
   7.739E+02   8.551E-01
   7.989E+02   1.106E+00
   8.240E+02   1.395E+00
   8.490E+02   1.714E+00
   8.740E+02   2.054E+00
   8.991E+02   2.390E+00
   9.241E+02   2.674E+00
   9.492E+02   3.005E+00
   9.742E+02   3.329E+00
   9.993E+02   3.545E+00
   1.024E+03   3.736E+00
   1.049E+03   3.819E+00
   1.074E+03   3.827E+00
   1.099E+03   3.693E+00
   1.124E+03   3.427E+00
   1.150E+03   3.029E+00
   1.175E+03   2.513E+00
   1.200E+03   2.000E+00
   1.225E+03   1.290E+00
   1.250E+03   4.734E-01
   1.275E+03   3.405E-01
   1.300E+03   9.929E-01
   1.325E+03   1.430E+00
   1.350E+03   1.448E+00
   1.375E+03   8.655E-01
   1.400E+03   4.771E-02
