   2.980E+02   3.601E-03
   3.230E+02   5.942E-02
   3.481E+02   1.396E-01
   3.731E+02   2.477E-01
   3.982E+02   3.758E-01
   4.232E+02   5.323E-01
   4.483E+02   7.479E-01
   4.733E+02   1.048E+00
   4.984E+02   1.274E+00
   5.234E+02   1.400E+00
   5.485E+02   1.464E+00
   5.735E+02   1.373E+00
   5.985E+02   1.191E+00
   6.236E+02   9.237E-01
   6.486E+02   5.962E-01
   6.737E+02   2.454E-01
   6.987E+02   1.098E-01
   7.238E+02   3.769E-01
   7.488E+02   5.979E-01
   7.739E+02   7.478E-01
   7.989E+02   8.329E-01
   8.240E+02   8.656E-01
   8.490E+02   8.600E-01
   8.740E+02   8.292E-01
   8.991E+02   7.838E-01
   9.241E+02   7.408E-01
   9.492E+02   6.853E-01
   9.742E+02   6.216E-01
   9.993E+02   5.641E-01
   1.024E+03   5.134E-01
   1.049E+03   4.685E-01
   1.074E+03   4.275E-01
   1.099E+03   3.737E-01
   1.124E+03   3.268E-01
   1.150E+03   2.874E-01
   1.175E+03   2.509E-01
   1.200E+03   2.233E-01
   1.225E+03   1.918E-01
   1.250E+03   1.610E-01
   1.275E+03   1.330E-01
   1.300E+03   1.094E-01
   1.325E+03   8.714E-02
   1.350E+03   6.606E-02
   1.375E+03   4.013E-02
   1.400E+03   3.165E-03
