   2.730E+02   1.344E+01
   2.781E+02   1.330E+01
   2.832E+02   1.238E+01
   2.883E+02   9.900E+00
   2.934E+02   4.436E-01
   2.985E+02   1.529E+00
   3.036E+02   3.388E+00
   3.087E+02   4.571E+00
   3.139E+02   5.580E+00
   3.190E+02   6.482E+00
   3.241E+02   7.289E+00
   3.292E+02   7.996E+00
   3.343E+02   8.680E+00
   3.394E+02   9.280E+00
   3.445E+02   9.860E+00
   3.496E+02   1.036E+01
   3.547E+02   1.087E+01
   3.598E+02   1.133E+01
   3.649E+02   1.180E+01
   3.700E+02   1.222E+01
   3.751E+02   1.261E+01
   3.802E+02   1.300E+01
   3.854E+02   1.336E+01
   3.905E+02   1.372E+01
   3.956E+02   1.404E+01
   4.007E+02   1.435E+01
   4.058E+02   1.466E+01
   4.109E+02   1.494E+01
   4.160E+02   1.522E+01
   4.211E+02   1.549E+01
   4.262E+02   1.574E+01
   4.313E+02   1.598E+01
   4.364E+02   1.624E+01
   4.415E+02   1.646E+01
   4.466E+02   1.664E+01
   4.517E+02   1.686E+01
   4.569E+02   1.707E+01
   4.620E+02   1.727E+01
   4.671E+02   1.743E+01
   4.722E+02   1.763E+01
   4.773E+02   1.779E+01
   4.824E+02   1.795E+01
   4.875E+02   1.811E+01
   4.926E+02   1.829E+01
   4.977E+02   1.841E+01
   5.028E+02   1.854E+01
   5.079E+02   1.868E+01
   5.130E+02   1.880E+01
   5.181E+02   1.895E+01
   5.232E+02   1.905E+01
   5.284E+02   1.916E+01
   5.335E+02   1.929E+01
   5.386E+02   1.940E+01
   5.437E+02   1.949E+01
   5.488E+02   1.958E+01
   5.539E+02   1.968E+01
   5.590E+02   1.975E+01
   5.641E+02   1.984E+01
   5.692E+02   1.996E+01
   5.743E+02   1.997E+01
   5.794E+02   2.007E+01
   5.845E+02   2.011E+01
   5.896E+02   2.019E+01
   5.947E+02   2.024E+01
   5.998E+02   2.030E+01
   6.050E+02   2.036E+01
   6.101E+02   2.044E+01
   6.152E+02   2.046E+01
   6.203E+02   2.046E+01
   6.254E+02   2.050E+01
   6.305E+02   2.056E+01
   6.356E+02   2.060E+01
   6.407E+02   2.061E+01
   6.458E+02   2.063E+01
   6.509E+02   2.063E+01
   6.560E+02   2.069E+01
   6.611E+02   2.068E+01
   6.662E+02   2.067E+01
   6.713E+02   2.069E+01
   6.765E+02   2.067E+01
   6.816E+02   2.070E+01
   6.867E+02   2.067E+01
   6.918E+02   2.070E+01
   6.969E+02   2.065E+01
   7.020E+02   2.067E+01
   7.071E+02   2.065E+01
   7.122E+02   2.064E+01
   7.173E+02   2.062E+01
   7.224E+02   2.062E+01
   7.275E+02   2.054E+01
   7.326E+02   2.052E+01
   7.377E+02   2.050E+01
   7.428E+02   2.047E+01
   7.480E+02   2.043E+01
   7.531E+02   2.040E+01
   7.582E+02   2.037E+01
   7.633E+02   2.033E+01
   7.684E+02   2.027E+01
   7.735E+02   2.023E+01
   7.786E+02   2.017E+01
   7.837E+02   2.013E+01
   7.888E+02   2.008E+01
   7.939E+02   2.001E+01
   7.990E+02   1.997E+01
   8.041E+02   1.990E+01
   8.092E+02   1.984E+01
   8.143E+02   1.979E+01
   8.195E+02   1.974E+01
   8.246E+02   1.967E+01
   8.297E+02   1.961E+01
   8.348E+02   1.955E+01
   8.399E+02   1.946E+01
   8.450E+02   1.940E+01
   8.501E+02   1.931E+01
   8.552E+02   1.926E+01
   8.603E+02   1.915E+01
   8.654E+02   1.907E+01
   8.705E+02   1.900E+01
   8.756E+02   1.893E+01
   8.807E+02   1.882E+01
   8.858E+02   1.872E+01
   8.909E+02   1.864E+01
   8.961E+02   1.852E+01
   9.012E+02   1.843E+01
   9.063E+02   1.833E+01
   9.114E+02   1.823E+01
   9.165E+02   1.811E+01
   9.216E+02   1.801E+01
   9.267E+02   1.790E+01
   9.318E+02   1.781E+01
   9.369E+02   1.768E+01
   9.420E+02   1.756E+01
   9.471E+02   1.744E+01
   9.522E+02   1.731E+01
   9.573E+02   1.719E+01
   9.624E+02   1.708E+01
   9.676E+02   1.693E+01
   9.727E+02   1.680E+01
   9.778E+02   1.666E+01
   9.829E+02   1.652E+01
   9.880E+02   1.639E+01
   9.931E+02   1.623E+01
   9.982E+02   1.607E+01
   1.003E+03   1.594E+01
   1.008E+03   1.579E+01
   1.014E+03   1.564E+01
   1.019E+03   1.545E+01
   1.024E+03   1.530E+01
   1.029E+03   1.513E+01
   1.034E+03   1.494E+01
   1.039E+03   1.478E+01
   1.044E+03   1.460E+01
   1.049E+03   1.440E+01
   1.054E+03   1.424E+01
   1.059E+03   1.406E+01
   1.065E+03   1.384E+01
   1.070E+03   1.365E+01
   1.075E+03   1.347E+01
   1.080E+03   1.325E+01
   1.085E+03   1.303E+01
   1.090E+03   1.281E+01
   1.095E+03   1.260E+01
   1.100E+03   1.236E+01
   1.105E+03   1.213E+01
   1.111E+03   1.190E+01
   1.116E+03   1.166E+01
   1.121E+03   1.142E+01
   1.126E+03   1.117E+01
   1.131E+03   1.092E+01
   1.136E+03   1.065E+01
   1.141E+03   1.041E+01
   1.146E+03   1.014E+01
   1.151E+03   9.871E+00
   1.157E+03   9.616E+00
   1.162E+03   9.363E+00
   1.167E+03   9.078E+00
   1.172E+03   8.807E+00
   1.177E+03   8.538E+00
   1.182E+03   8.261E+00
   1.187E+03   7.974E+00
   1.192E+03   7.659E+00
   1.197E+03   7.384E+00
   1.202E+03   7.090E+00
   1.208E+03   6.800E+00
   1.213E+03   6.506E+00
   1.218E+03   6.219E+00
   1.223E+03   5.935E+00
   1.228E+03   5.645E+00
   1.233E+03   5.350E+00
   1.238E+03   5.069E+00
   1.243E+03   4.789E+00
   1.248E+03   4.506E+00
   1.254E+03   4.221E+00
   1.259E+03   3.943E+00
   1.264E+03   3.678E+00
   1.269E+03   3.423E+00
   1.274E+03   3.172E+00
   1.279E+03   2.922E+00
   1.284E+03   2.686E+00
   1.289E+03   2.462E+00
   1.294E+03   2.242E+00
   1.300E+03   2.028E+00
   1.305E+03   1.817E+00
   1.310E+03   1.630E+00
   1.315E+03   1.447E+00
   1.320E+03   1.274E+00
   1.325E+03   1.121E+00
   1.330E+03   9.783E-01
   1.335E+03   8.449E-01
   1.340E+03   7.168E-01
   1.345E+03   6.019E-01
   1.351E+03   5.026E-01
   1.356E+03   4.159E-01
   1.361E+03   3.352E-01
   1.366E+03   2.655E-01
   1.371E+03   2.069E-01
   1.376E+03   1.609E-01
   1.381E+03   1.239E-01
   1.386E+03   9.643E-02
   1.391E+03   7.718E-02
   1.397E+03   6.633E-02
   1.402E+03   5.940E-02
   1.407E+03   5.889E-02
   1.412E+03   6.584E-02
   1.417E+03   8.007E-02
   1.422E+03   9.758E-02
   1.427E+03   1.170E-01
   1.432E+03   1.404E-01
   1.437E+03   1.663E-01
   1.443E+03   1.913E-01
   1.448E+03   2.174E-01
   1.453E+03   2.419E-01
   1.458E+03   2.647E-01
   1.463E+03   2.858E-01
   1.468E+03   3.063E-01
   1.473E+03   3.267E-01
   1.478E+03   3.455E-01
   1.483E+03   3.617E-01
   1.488E+03   3.750E-01
   1.494E+03   3.866E-01
   1.499E+03   3.982E-01
   1.504E+03   4.086E-01
   1.509E+03   4.166E-01
   1.514E+03   4.245E-01
   1.519E+03   4.293E-01
   1.524E+03   4.349E-01
   1.529E+03   4.403E-01
   1.534E+03   4.468E-01
   1.540E+03   4.515E-01
   1.545E+03   4.543E-01
   1.550E+03   4.537E-01
   1.555E+03   4.501E-01
   1.560E+03   4.448E-01
   1.565E+03   4.437E-01
   1.570E+03   4.377E-01
   1.575E+03   4.325E-01
   1.580E+03   4.273E-01
   1.586E+03   4.217E-01
   1.591E+03   4.160E-01
   1.596E+03   4.078E-01
   1.601E+03   4.028E-01
   1.606E+03   3.991E-01
   1.611E+03   3.932E-01
   1.616E+03   3.895E-01
   1.621E+03   3.864E-01
   1.626E+03   3.842E-01
   1.631E+03   3.821E-01
   1.637E+03   3.789E-01
   1.642E+03   3.786E-01
   1.647E+03   3.784E-01
   1.652E+03   3.757E-01
   1.657E+03   3.723E-01
   1.662E+03   3.689E-01
   1.667E+03   3.660E-01
   1.672E+03   3.654E-01
   1.677E+03   3.672E-01
   1.683E+03   3.798E-01
   1.688E+03   3.758E-01
   1.693E+03   3.784E-01
   1.698E+03   3.919E-01
   1.703E+03   4.146E-01
   1.708E+03   4.235E-01
   1.713E+03   4.977E-01
   1.718E+03   6.734E-01
   1.723E+03   6.762E-01
   1.729E+03   6.751E-01
   1.734E+03   0.000E+00
   1.739E+03   0.000E+00
   1.744E+03   0.000E+00
   1.749E+03   0.000E+00
   1.754E+03   0.000E+00
   1.759E+03   0.000E+00
   1.764E+03   0.000E+00
   1.769E+03   0.000E+00
   1.774E+03   0.000E+00
   1.780E+03   0.000E+00
   1.785E+03   0.000E+00
   1.790E+03   0.000E+00
   1.795E+03   0.000E+00
   1.800E+03   0.000E+00
