   2.730E+02   2.568E+01
   2.781E+02   2.002E+01
   2.832E+02   1.599E+01
   2.883E+02   1.271E+01
   2.934E+02   8.135E+00
   2.985E+02   3.056E+00
   3.036E+02   9.268E+00
   3.087E+02   1.454E+01
   3.139E+02   1.971E+01
   3.190E+02   2.485E+01
   3.241E+02   2.990E+01
   3.292E+02   3.482E+01
   3.343E+02   3.969E+01
   3.394E+02   4.444E+01
   3.445E+02   4.915E+01
   3.496E+02   5.362E+01
   3.547E+02   5.828E+01
   3.598E+02   6.273E+01
   3.649E+02   6.729E+01
   3.700E+02   7.164E+01
   3.751E+02   7.600E+01
   3.802E+02   8.036E+01
   3.854E+02   8.457E+01
   3.905E+02   8.882E+01
   3.956E+02   9.299E+01
   4.007E+02   9.716E+01
   4.058E+02   1.012E+02
   4.109E+02   1.052E+02
   4.160E+02   1.091E+02
   4.211E+02   1.131E+02
   4.262E+02   1.170E+02
   4.313E+02   1.208E+02
   4.364E+02   1.248E+02
   4.415E+02   1.284E+02
   4.466E+02   1.318E+02
   4.517E+02   1.356E+02
   4.569E+02   1.392E+02
   4.620E+02   1.427E+02
   4.671E+02   1.461E+02
   4.722E+02   1.499E+02
   4.773E+02   1.531E+02
   4.824E+02   1.565E+02
   4.875E+02   1.599E+02
   4.926E+02   1.633E+02
   4.977E+02   1.664E+02
   5.028E+02   1.694E+02
   5.079E+02   1.728E+02
   5.130E+02   1.758E+02
   5.181E+02   1.791E+02
   5.232E+02   1.819E+02
   5.284E+02   1.848E+02
   5.335E+02   1.881E+02
   5.386E+02   1.908E+02
   5.437E+02   1.938E+02
   5.488E+02   1.965E+02
   5.539E+02   1.997E+02
   5.590E+02   2.020E+02
   5.641E+02   2.046E+02
   5.692E+02   2.078E+02
   5.743E+02   2.097E+02
   5.794E+02   2.127E+02
   5.845E+02   2.149E+02
   5.896E+02   2.176E+02
   5.947E+02   2.198E+02
   5.998E+02   2.225E+02
   6.050E+02   2.247E+02
   6.101E+02   2.274E+02
   6.152E+02   2.295E+02
   6.203E+02   2.312E+02
   6.254E+02   2.332E+02
   6.305E+02   2.359E+02
   6.356E+02   2.381E+02
   6.407E+02   2.399E+02
   6.458E+02   2.419E+02
   6.509E+02   2.436E+02
   6.560E+02   2.461E+02
   6.611E+02   2.474E+02
   6.662E+02   2.493E+02
   6.713E+02   2.513E+02
   6.765E+02   2.529E+02
   6.816E+02   2.549E+02
   6.867E+02   2.562E+02
   6.918E+02   2.582E+02
   6.969E+02   2.595E+02
   7.020E+02   2.613E+02
   7.071E+02   2.628E+02
   7.122E+02   2.644E+02
   7.173E+02   2.658E+02
   7.224E+02   2.676E+02
   7.275E+02   2.682E+02
   7.326E+02   2.697E+02
   7.377E+02   2.712E+02
   7.428E+02   2.725E+02
   7.480E+02   2.735E+02
   7.531E+02   2.749E+02
   7.582E+02   2.762E+02
   7.633E+02   2.774E+02
   7.684E+02   2.784E+02
   7.735E+02   2.795E+02
   7.786E+02   2.803E+02
   7.837E+02   2.817E+02
   7.888E+02   2.827E+02
   7.939E+02   2.835E+02
   7.990E+02   2.846E+02
   8.041E+02   2.853E+02
   8.092E+02   2.864E+02
   8.143E+02   2.873E+02
   8.195E+02   2.884E+02
   8.246E+02   2.891E+02
   8.297E+02   2.899E+02
   8.348E+02   2.909E+02
   8.399E+02   2.911E+02
   8.450E+02   2.922E+02
   8.501E+02   2.926E+02
   8.552E+02   2.938E+02
   8.603E+02   2.940E+02
   8.654E+02   2.943E+02
   8.705E+02   2.952E+02
   8.756E+02   2.958E+02
   8.807E+02   2.961E+02
   8.858E+02   2.963E+02
   8.909E+02   2.967E+02
   8.961E+02   2.968E+02
   9.012E+02   2.973E+02
   9.063E+02   2.974E+02
   9.114E+02   2.978E+02
   9.165E+02   2.977E+02
   9.216E+02   2.978E+02
   9.267E+02   2.980E+02
   9.318E+02   2.984E+02
   9.369E+02   2.980E+02
   9.420E+02   2.982E+02
   9.471E+02   2.979E+02
   9.522E+02   2.977E+02
   9.573E+02   2.974E+02
   9.624E+02   2.976E+02
   9.676E+02   2.970E+02
   9.727E+02   2.966E+02
   9.778E+02   2.960E+02
   9.829E+02   2.958E+02
   9.880E+02   2.954E+02
   9.931E+02   2.945E+02
   9.982E+02   2.933E+02
   1.003E+03   2.930E+02
   1.008E+03   2.925E+02
   1.014E+03   2.917E+02
   1.019E+03   2.901E+02
   1.024E+03   2.895E+02
   1.029E+03   2.882E+02
   1.034E+03   2.867E+02
   1.039E+03   2.857E+02
   1.044E+03   2.842E+02
   1.049E+03   2.825E+02
   1.054E+03   2.815E+02
   1.059E+03   2.799E+02
   1.065E+03   2.777E+02
   1.070E+03   2.760E+02
   1.075E+03   2.744E+02
   1.080E+03   2.721E+02
   1.085E+03   2.696E+02
   1.090E+03   2.673E+02
   1.095E+03   2.652E+02
   1.100E+03   2.622E+02
   1.105E+03   2.596E+02
   1.111E+03   2.570E+02
   1.116E+03   2.538E+02
   1.121E+03   2.510E+02
   1.126E+03   2.477E+02
   1.131E+03   2.445E+02
   1.136E+03   2.407E+02
   1.141E+03   2.376E+02
   1.146E+03   2.338E+02
   1.151E+03   2.300E+02
   1.157E+03   2.261E+02
   1.162E+03   2.225E+02
   1.167E+03   2.181E+02
   1.172E+03   2.139E+02
   1.177E+03   2.096E+02
   1.182E+03   2.053E+02
   1.187E+03   2.006E+02
   1.192E+03   1.953E+02
   1.197E+03   1.906E+02
   1.202E+03   1.855E+02
   1.208E+03   1.802E+02
   1.213E+03   1.750E+02
   1.218E+03   1.698E+02
   1.223E+03   1.644E+02
   1.228E+03   1.589E+02
   1.233E+03   1.532E+02
   1.238E+03   1.475E+02
   1.243E+03   1.420E+02
   1.248E+03   1.360E+02
   1.254E+03   1.300E+02
   1.259E+03   1.240E+02
   1.264E+03   1.182E+02
   1.269E+03   1.125E+02
   1.274E+03   1.067E+02
   1.279E+03   1.008E+02
   1.284E+03   9.513E+01
   1.289E+03   8.951E+01
   1.294E+03   8.395E+01
   1.300E+03   7.833E+01
   1.305E+03   7.260E+01
   1.310E+03   6.730E+01
   1.315E+03   6.202E+01
   1.320E+03   5.691E+01
   1.325E+03   5.224E+01
   1.330E+03   4.769E+01
   1.335E+03   4.320E+01
   1.340E+03   3.860E+01
   1.345E+03   3.434E+01
   1.351E+03   3.048E+01
   1.356E+03   2.694E+01
   1.361E+03   2.335E+01
   1.366E+03   2.002E+01
   1.371E+03   1.704E+01
   1.376E+03   1.450E+01
   1.381E+03   1.227E+01
   1.386E+03   1.051E+01
   1.391E+03   9.186E+00
   1.397E+03   8.447E+00
   1.402E+03   7.903E+00
   1.407E+03   7.887E+00
   1.412E+03   8.541E+00
   1.417E+03   9.865E+00
   1.422E+03   1.132E+01
   1.427E+03   1.283E+01
   1.432E+03   1.457E+01
   1.437E+03   1.642E+01
   1.443E+03   1.814E+01
   1.448E+03   1.980E+01
   1.453E+03   2.132E+01
   1.458E+03   2.267E+01
   1.463E+03   2.384E+01
   1.468E+03   2.494E+01
   1.473E+03   2.598E+01
   1.478E+03   2.697E+01
   1.483E+03   2.774E+01
   1.488E+03   2.833E+01
   1.494E+03   2.886E+01
   1.499E+03   2.936E+01
   1.504E+03   2.981E+01
   1.509E+03   3.009E+01
   1.514E+03   3.039E+01
   1.519E+03   3.048E+01
   1.524E+03   3.058E+01
   1.529E+03   3.068E+01
   1.534E+03   3.089E+01
   1.540E+03   3.103E+01
   1.545E+03   3.108E+01
   1.550E+03   3.094E+01
   1.555E+03   3.061E+01
   1.560E+03   3.022E+01
   1.565E+03   3.000E+01
   1.570E+03   2.957E+01
   1.575E+03   2.913E+01
   1.580E+03   2.867E+01
   1.586E+03   2.826E+01
   1.591E+03   2.777E+01
   1.596E+03   2.715E+01
   1.601E+03   2.664E+01
   1.606E+03   2.626E+01
   1.611E+03   2.569E+01
   1.616E+03   2.523E+01
   1.621E+03   2.476E+01
   1.626E+03   2.441E+01
   1.631E+03   2.402E+01
   1.637E+03   2.356E+01
   1.642E+03   2.325E+01
   1.647E+03   2.297E+01
   1.652E+03   2.259E+01
   1.657E+03   2.217E+01
   1.662E+03   2.160E+01
   1.667E+03   2.125E+01
   1.672E+03   2.070E+01
   1.677E+03   2.069E+01
   1.683E+03   2.112E+01
   1.688E+03   2.083E+01
   1.693E+03   2.073E+01
   1.698E+03   2.102E+01
   1.703E+03   2.171E+01
   1.708E+03   2.158E+01
   1.713E+03   2.459E+01
   1.718E+03   3.322E+01
   1.723E+03   3.372E+01
   1.729E+03   3.395E+01
   1.734E+03   0.000E+00
   1.739E+03   0.000E+00
   1.744E+03   0.000E+00
   1.749E+03   0.000E+00
   1.754E+03   0.000E+00
   1.759E+03   0.000E+00
   1.764E+03   0.000E+00
   1.769E+03   0.000E+00
   1.774E+03   0.000E+00
   1.780E+03   0.000E+00
   1.785E+03   0.000E+00
   1.790E+03   0.000E+00
   1.795E+03   0.000E+00
   1.800E+03   0.000E+00
