   2.730E+02   8.831E+00
   2.781E+02   9.063E+00
   2.832E+02   8.306E+00
   2.883E+02   6.921E+00
   2.934E+02   2.682E+01
   2.985E+02   6.860E-01
   3.036E+02   1.311E+00
   3.087E+02   1.818E+00
   3.139E+02   2.359E+00
   3.190E+02   2.925E+00
   3.241E+02   3.490E+00
   3.292E+02   4.047E+00
   3.343E+02   4.597E+00
   3.394E+02   5.123E+00
   3.445E+02   5.648E+00
   3.496E+02   6.128E+00
   3.547E+02   6.626E+00
   3.598E+02   7.094E+00
   3.649E+02   7.560E+00
   3.700E+02   7.993E+00
   3.751E+02   8.419E+00
   3.802E+02   8.827E+00
   3.854E+02   9.222E+00
   3.905E+02   9.610E+00
   3.956E+02   9.964E+00
   4.007E+02   1.031E+01
   4.058E+02   1.064E+01
   4.109E+02   1.096E+01
   4.160E+02   1.125E+01
   4.211E+02   1.154E+01
   4.262E+02   1.181E+01
   4.313E+02   1.207E+01
   4.364E+02   1.233E+01
   4.415E+02   1.254E+01
   4.466E+02   1.273E+01
   4.517E+02   1.293E+01
   4.569E+02   1.312E+01
   4.620E+02   1.332E+01
   4.671E+02   1.345E+01
   4.722E+02   1.363E+01
   4.773E+02   1.375E+01
   4.824E+02   1.388E+01
   4.875E+02   1.399E+01
   4.926E+02   1.412E+01
   4.977E+02   1.420E+01
   5.028E+02   1.427E+01
   5.079E+02   1.436E+01
   5.130E+02   1.440E+01
   5.181E+02   1.449E+01
   5.232E+02   1.453E+01
   5.284E+02   1.456E+01
   5.335E+02   1.459E+01
   5.386E+02   1.462E+01
   5.437E+02   1.461E+01
   5.488E+02   1.461E+01
   5.539E+02   1.462E+01
   5.590E+02   1.461E+01
   5.641E+02   1.458E+01
   5.692E+02   1.458E+01
   5.743E+02   1.449E+01
   5.794E+02   1.449E+01
   5.845E+02   1.439E+01
   5.896E+02   1.437E+01
   5.947E+02   1.429E+01
   5.998E+02   1.423E+01
   6.050E+02   1.418E+01
   6.101E+02   1.409E+01
   6.152E+02   1.400E+01
   6.203E+02   1.391E+01
   6.254E+02   1.381E+01
   6.305E+02   1.374E+01
   6.356E+02   1.367E+01
   6.407E+02   1.355E+01
   6.458E+02   1.345E+01
   6.509E+02   1.331E+01
   6.560E+02   1.326E+01
   6.611E+02   1.311E+01
   6.662E+02   1.297E+01
   6.713E+02   1.286E+01
   6.765E+02   1.275E+01
   6.816E+02   1.263E+01
   6.867E+02   1.250E+01
   6.918E+02   1.240E+01
   6.969E+02   1.226E+01
   7.020E+02   1.215E+01
   7.071E+02   1.202E+01
   7.122E+02   1.192E+01
   7.173E+02   1.180E+01
   7.224E+02   1.168E+01
   7.275E+02   1.156E+01
   7.326E+02   1.143E+01
   7.377E+02   1.134E+01
   7.428E+02   1.121E+01
   7.480E+02   1.113E+01
   7.531E+02   1.104E+01
   7.582E+02   1.093E+01
   7.633E+02   1.084E+01
   7.684E+02   1.075E+01
   7.735E+02   1.066E+01
   7.786E+02   1.060E+01
   7.837E+02   1.053E+01
   7.888E+02   1.049E+01
   7.939E+02   1.043E+01
   7.990E+02   1.038E+01
   8.041E+02   1.033E+01
   8.092E+02   1.033E+01
   8.143E+02   1.030E+01
   8.195E+02   1.030E+01
   8.246E+02   1.031E+01
   8.297E+02   1.029E+01
   8.348E+02   1.032E+01
   8.399E+02   1.036E+01
   8.450E+02   1.042E+01
   8.501E+02   1.046E+01
   8.552E+02   1.056E+01
   8.603E+02   1.061E+01
   8.654E+02   1.069E+01
   8.705E+02   1.079E+01
   8.756E+02   1.089E+01
   8.807E+02   1.102E+01
   8.858E+02   1.113E+01
   8.909E+02   1.126E+01
   8.961E+02   1.142E+01
   9.012E+02   1.158E+01
   9.063E+02   1.174E+01
   9.114E+02   1.192E+01
   9.165E+02   1.210E+01
   9.216E+02   1.227E+01
   9.267E+02   1.248E+01
   9.318E+02   1.268E+01
   9.369E+02   1.288E+01
   9.420E+02   1.312E+01
   9.471E+02   1.331E+01
   9.522E+02   1.355E+01
   9.573E+02   1.376E+01
   9.624E+02   1.402E+01
   9.676E+02   1.425E+01
   9.727E+02   1.449E+01
   9.778E+02   1.473E+01
   9.829E+02   1.499E+01
   9.880E+02   1.524E+01
   9.931E+02   1.549E+01
   9.982E+02   1.571E+01
   1.003E+03   1.599E+01
   1.008E+03   1.625E+01
   1.014E+03   1.652E+01
   1.019E+03   1.672E+01
   1.024E+03   1.702E+01
   1.029E+03   1.722E+01
   1.034E+03   1.746E+01
   1.039E+03   1.772E+01
   1.044E+03   1.795E+01
   1.049E+03   1.817E+01
   1.054E+03   1.844E+01
   1.059E+03   1.864E+01
   1.065E+03   1.883E+01
   1.070E+03   1.903E+01
   1.075E+03   1.925E+01
   1.080E+03   1.944E+01
   1.085E+03   1.958E+01
   1.090E+03   1.975E+01
   1.095E+03   1.993E+01
   1.100E+03   2.003E+01
   1.105E+03   2.018E+01
   1.111E+03   2.030E+01
   1.116E+03   2.038E+01
   1.121E+03   2.050E+01
   1.126E+03   2.055E+01
   1.131E+03   2.062E+01
   1.136E+03   2.064E+01
   1.141E+03   2.070E+01
   1.146E+03   2.070E+01
   1.151E+03   2.070E+01
   1.157E+03   2.067E+01
   1.162E+03   2.066E+01
   1.167E+03   2.057E+01
   1.172E+03   2.049E+01
   1.177E+03   2.040E+01
   1.182E+03   2.030E+01
   1.187E+03   2.016E+01
   1.192E+03   1.995E+01
   1.197E+03   1.979E+01
   1.202E+03   1.957E+01
   1.208E+03   1.933E+01
   1.213E+03   1.909E+01
   1.218E+03   1.881E+01
   1.223E+03   1.851E+01
   1.228E+03   1.819E+01
   1.233E+03   1.784E+01
   1.238E+03   1.747E+01
   1.243E+03   1.711E+01
   1.248E+03   1.667E+01
   1.254E+03   1.623E+01
   1.259E+03   1.576E+01
   1.264E+03   1.529E+01
   1.269E+03   1.482E+01
   1.274E+03   1.432E+01
   1.279E+03   1.379E+01
   1.284E+03   1.327E+01
   1.289E+03   1.272E+01
   1.294E+03   1.217E+01
   1.300E+03   1.159E+01
   1.305E+03   1.098E+01
   1.310E+03   1.040E+01
   1.315E+03   9.817E+00
   1.320E+03   9.239E+00
   1.325E+03   8.692E+00
   1.330E+03   8.150E+00
   1.335E+03   7.587E+00
   1.340E+03   6.987E+00
   1.345E+03   6.408E+00
   1.351E+03   5.871E+00
   1.356E+03   5.358E+00
   1.361E+03   4.813E+00
   1.366E+03   4.288E+00
   1.371E+03   3.797E+00
   1.376E+03   3.366E+00
   1.381E+03   2.974E+00
   1.386E+03   2.661E+00
   1.391E+03   2.423E+00
   1.397E+03   2.293E+00
   1.402E+03   2.200E+00
   1.407E+03   2.198E+00
   1.412E+03   2.329E+00
   1.417E+03   2.605E+00
   1.422E+03   2.897E+00
   1.427E+03   3.203E+00
   1.432E+03   3.548E+00
   1.437E+03   3.921E+00
   1.443E+03   4.271E+00
   1.448E+03   4.612E+00
   1.453E+03   4.921E+00
   1.458E+03   5.195E+00
   1.463E+03   5.431E+00
   1.468E+03   5.668E+00
   1.473E+03   5.903E+00
   1.478E+03   6.121E+00
   1.483E+03   6.296E+00
   1.488E+03   6.436E+00
   1.494E+03   6.573E+00
   1.499E+03   6.705E+00
   1.504E+03   6.837E+00
   1.509E+03   6.941E+00
   1.514E+03   7.043E+00
   1.519E+03   7.112E+00
   1.524E+03   7.191E+00
   1.529E+03   7.247E+00
   1.534E+03   7.319E+00
   1.540E+03   7.374E+00
   1.545E+03   7.415E+00
   1.550E+03   7.412E+00
   1.555E+03   7.385E+00
   1.560E+03   7.338E+00
   1.565E+03   7.321E+00
   1.570E+03   7.254E+00
   1.575E+03   7.185E+00
   1.580E+03   7.105E+00
   1.586E+03   7.026E+00
   1.591E+03   6.947E+00
   1.596E+03   6.844E+00
   1.601E+03   6.747E+00
   1.606E+03   6.664E+00
   1.611E+03   6.548E+00
   1.616E+03   6.441E+00
   1.621E+03   6.349E+00
   1.626E+03   6.293E+00
   1.631E+03   6.234E+00
   1.637E+03   6.147E+00
   1.642E+03   6.067E+00
   1.647E+03   5.997E+00
   1.652E+03   5.916E+00
   1.657E+03   5.809E+00
   1.662E+03   5.671E+00
   1.667E+03   5.561E+00
   1.672E+03   5.388E+00
   1.677E+03   5.326E+00
   1.683E+03   5.557E+00
   1.688E+03   5.545E+00
   1.693E+03   5.541E+00
   1.698E+03   5.707E+00
   1.703E+03   5.986E+00
   1.708E+03   5.996E+00
   1.713E+03   7.015E+00
   1.718E+03   9.860E+00
   1.723E+03   1.019E+01
   1.729E+03   1.040E+01
   1.734E+03   0.000E+00
   1.739E+03   0.000E+00
   1.744E+03   0.000E+00
   1.749E+03   0.000E+00
   1.754E+03   0.000E+00
   1.759E+03   0.000E+00
   1.764E+03   0.000E+00
   1.769E+03   0.000E+00
   1.774E+03   0.000E+00
   1.780E+03   0.000E+00
   1.785E+03   0.000E+00
   1.790E+03   0.000E+00
   1.795E+03   0.000E+00
   1.800E+03   0.000E+00
