   2.730E+02   5.211E-02
   2.781E+02   2.118E-02
   2.832E+02   1.208E-02
   2.883E+02   7.794E-03
   2.934E+02   1.319E-05
   2.985E+02   4.561E-04
   3.036E+02   1.234E-03
   3.087E+02   1.942E-03
   3.139E+02   2.784E-03
   3.190E+02   3.823E-03
   3.241E+02   5.077E-03
   3.292E+02   6.541E-03
   3.343E+02   8.397E-03
   3.394E+02   1.042E-02
   3.445E+02   1.287E-02
   3.496E+02   1.550E-02
   3.547E+02   1.868E-02
   3.598E+02   2.217E-02
   3.649E+02   2.621E-02
   3.700E+02   3.050E-02
   3.751E+02   3.530E-02
   3.802E+02   4.064E-02
   3.854E+02   4.620E-02
   3.905E+02   5.261E-02
   3.956E+02   5.933E-02
   4.007E+02   6.681E-02
   4.058E+02   7.473E-02
   4.109E+02   8.331E-02
   4.160E+02   9.253E-02
   4.211E+02   1.027E-01
   4.262E+02   1.129E-01
   4.313E+02   1.240E-01
   4.364E+02   1.365E-01
   4.415E+02   1.488E-01
   4.466E+02   1.619E-01
   4.517E+02   1.761E-01
   4.569E+02   1.916E-01
   4.620E+02   2.078E-01
   4.671E+02   2.239E-01
   4.722E+02   2.419E-01
   4.773E+02   2.601E-01
   4.824E+02   2.798E-01
   4.875E+02   3.002E-01
   4.926E+02   3.221E-01
   4.977E+02   3.444E-01
   5.028E+02   3.665E-01
   5.079E+02   3.912E-01
   5.130E+02   4.167E-01
   5.181E+02   4.448E-01
   5.232E+02   4.720E-01
   5.284E+02   4.999E-01
   5.335E+02   5.317E-01
   5.386E+02   5.631E-01
   5.437E+02   5.939E-01
   5.488E+02   6.279E-01
   5.539E+02   6.640E-01
   5.590E+02   6.989E-01
   5.641E+02   7.376E-01
   5.692E+02   7.797E-01
   5.743E+02   8.146E-01
   5.794E+02   8.602E-01
   5.845E+02   9.008E-01
   5.896E+02   9.485E-01
   5.947E+02   9.939E-01
   5.998E+02   1.044E+00
   6.050E+02   1.090E+00
   6.101E+02   1.146E+00
   6.152E+02   1.199E+00
   6.203E+02   1.248E+00
   6.254E+02   1.304E+00
   6.305E+02   1.368E+00
   6.356E+02   1.428E+00
   6.407E+02   1.486E+00
   6.458E+02   1.551E+00
   6.509E+02   1.613E+00
   6.560E+02   1.688E+00
   6.611E+02   1.750E+00
   6.662E+02   1.821E+00
   6.713E+02   1.897E+00
   6.765E+02   1.969E+00
   6.816E+02   2.048E+00
   6.867E+02   2.123E+00
   6.918E+02   2.208E+00
   6.969E+02   2.288E+00
   7.020E+02   2.378E+00
   7.071E+02   2.462E+00
   7.122E+02   2.553E+00
   7.173E+02   2.644E+00
   7.224E+02   2.743E+00
   7.275E+02   2.825E+00
   7.326E+02   2.925E+00
   7.377E+02   3.029E+00
   7.428E+02   3.128E+00
   7.480E+02   3.231E+00
   7.531E+02   3.340E+00
   7.582E+02   3.449E+00
   7.633E+02   3.561E+00
   7.684E+02   3.671E+00
   7.735E+02   3.782E+00
   7.786E+02   3.893E+00
   7.837E+02   4.019E+00
   7.888E+02   4.136E+00
   7.939E+02   4.255E+00
   7.990E+02   4.383E+00
   8.041E+02   4.502E+00
   8.092E+02   4.630E+00
   8.143E+02   4.762E+00
   8.195E+02   4.895E+00
   8.246E+02   5.023E+00
   8.297E+02   5.159E+00
   8.348E+02   5.297E+00
   8.399E+02   5.420E+00
   8.450E+02   5.562E+00
   8.501E+02   5.695E+00
   8.552E+02   5.842E+00
   8.603E+02   5.971E+00
   8.654E+02   6.104E+00
   8.705E+02   6.250E+00
   8.756E+02   6.395E+00
   8.807E+02   6.523E+00
   8.858E+02   6.659E+00
   8.909E+02   6.798E+00
   8.961E+02   6.924E+00
   9.012E+02   7.064E+00
   9.063E+02   7.199E+00
   9.114E+02   7.335E+00
   9.165E+02   7.457E+00
   9.216E+02   7.590E+00
   9.267E+02   7.722E+00
   9.318E+02   7.855E+00
   9.369E+02   7.970E+00
   9.420E+02   8.096E+00
   9.471E+02   8.214E+00
   9.522E+02   8.326E+00
   9.573E+02   8.438E+00
   9.624E+02   8.560E+00
   9.676E+02   8.654E+00
   9.727E+02   8.755E+00
   9.778E+02   8.849E+00
   9.829E+02   8.946E+00
   9.880E+02   9.041E+00
   9.931E+02   9.117E+00
   9.982E+02   9.183E+00
   1.003E+03   9.264E+00
   1.008E+03   9.342E+00
   1.014E+03   9.403E+00
   1.019E+03   9.440E+00
   1.024E+03   9.504E+00
   1.029E+03   9.542E+00
   1.034E+03   9.566E+00
   1.039E+03   9.602E+00
   1.044E+03   9.622E+00
   1.049E+03   9.626E+00
   1.054E+03   9.651E+00
   1.059E+03   9.655E+00
   1.065E+03   9.625E+00
   1.070E+03   9.615E+00
   1.075E+03   9.601E+00
   1.080E+03   9.558E+00
   1.085E+03   9.501E+00
   1.090E+03   9.447E+00
   1.095E+03   9.397E+00
   1.100E+03   9.308E+00
   1.105E+03   9.228E+00
   1.111E+03   9.142E+00
   1.116E+03   9.036E+00
   1.121E+03   8.933E+00
   1.126E+03   8.809E+00
   1.131E+03   8.685E+00
   1.136E+03   8.539E+00
   1.141E+03   8.407E+00
   1.146E+03   8.247E+00
   1.151E+03   8.080E+00
   1.157E+03   7.917E+00
   1.162E+03   7.755E+00
   1.167E+03   7.562E+00
   1.172E+03   7.374E+00
   1.177E+03   7.179E+00
   1.182E+03   6.983E+00
   1.187E+03   6.769E+00
   1.192E+03   6.529E+00
   1.197E+03   6.314E+00
   1.202E+03   6.087E+00
   1.208E+03   5.853E+00
   1.213E+03   5.620E+00
   1.218E+03   5.385E+00
   1.223E+03   5.151E+00
   1.228E+03   4.913E+00
   1.233E+03   4.669E+00
   1.238E+03   4.432E+00
   1.243E+03   4.199E+00
   1.248E+03   3.960E+00
   1.254E+03   3.720E+00
   1.259E+03   3.485E+00
   1.264E+03   3.262E+00
   1.269E+03   3.046E+00
   1.274E+03   2.834E+00
   1.279E+03   2.622E+00
   1.284E+03   2.423E+00
   1.289E+03   2.231E+00
   1.294E+03   2.046E+00
   1.300E+03   1.864E+00
   1.305E+03   1.684E+00
   1.310E+03   1.524E+00
   1.315E+03   1.367E+00
   1.320E+03   1.217E+00
   1.325E+03   1.085E+00
   1.330E+03   9.607E-01
   1.335E+03   8.429E-01
   1.340E+03   7.277E-01
   1.345E+03   6.232E-01
   1.351E+03   5.315E-01
   1.356E+03   4.500E-01
   1.361E+03   3.718E-01
   1.366E+03   3.025E-01
   1.371E+03   2.428E-01
   1.376E+03   1.947E-01
   1.381E+03   1.546E-01
   1.386E+03   1.246E-01
   1.391E+03   1.032E-01
   1.397E+03   9.158E-02
   1.402E+03   8.484E-02
   1.407E+03   8.667E-02
   1.412E+03   9.957E-02
   1.417E+03   1.247E-01
   1.422E+03   1.560E-01
   1.427E+03   1.926E-01
   1.432E+03   2.379E-01
   1.437E+03   2.900E-01
   1.443E+03   3.444E-01
   1.448E+03   4.028E-01
   1.453E+03   4.616E-01
   1.458E+03   5.207E-01
   1.463E+03   5.794E-01
   1.468E+03   6.411E-01
   1.473E+03   7.048E-01
   1.478E+03   7.679E-01
   1.483E+03   8.280E-01
   1.488E+03   8.856E-01
   1.494E+03   9.429E-01
   1.499E+03   9.998E-01
   1.504E+03   1.061E+00
   1.509E+03   1.118E+00
   1.514E+03   1.174E+00
   1.519E+03   1.226E+00
   1.524E+03   1.282E+00
   1.529E+03   1.338E+00
   1.534E+03   1.400E+00
   1.540E+03   1.458E+00
   1.545E+03   1.510E+00
   1.550E+03   1.549E+00
   1.555E+03   1.581E+00
   1.560E+03   1.608E+00
   1.565E+03   1.643E+00
   1.570E+03   1.668E+00
   1.575E+03   1.693E+00
   1.580E+03   1.718E+00
   1.586E+03   1.743E+00
   1.591E+03   1.760E+00
   1.596E+03   1.769E+00
   1.601E+03   1.782E+00
   1.606E+03   1.792E+00
   1.611E+03   1.794E+00
   1.616E+03   1.805E+00
   1.621E+03   1.815E+00
   1.626E+03   1.825E+00
   1.631E+03   1.833E+00
   1.637E+03   1.828E+00
   1.642E+03   1.840E+00
   1.647E+03   1.845E+00
   1.652E+03   1.830E+00
   1.657E+03   1.817E+00
   1.662E+03   1.794E+00
   1.667E+03   1.777E+00
   1.672E+03   1.761E+00
   1.677E+03   1.750E+00
   1.683E+03   1.742E+00
   1.688E+03   1.700E+00
   1.693E+03   1.695E+00
   1.698E+03   1.743E+00
   1.703E+03   1.807E+00
   1.708E+03   1.877E+00
   1.713E+03   2.116E+00
   1.718E+03   2.644E+00
   1.723E+03   2.631E+00
   1.729E+03   2.604E+00
   1.734E+03   0.000E+00
   1.739E+03   0.000E+00
   1.744E+03   0.000E+00
   1.749E+03   0.000E+00
   1.754E+03   0.000E+00
   1.759E+03   0.000E+00
   1.764E+03   0.000E+00
   1.769E+03   0.000E+00
   1.774E+03   0.000E+00
   1.780E+03   0.000E+00
   1.785E+03   0.000E+00
   1.790E+03   0.000E+00
   1.795E+03   0.000E+00
   1.800E+03   0.000E+00
