   2.730E+02   2.124E+00
   2.781E+02   1.316E+00
   2.832E+02   8.616E-01
   2.883E+02   4.674E-01
   2.934E+02   6.809E-04
   2.985E+02   5.839E-02
   3.036E+02   1.830E-01
   3.087E+02   2.847E-01
   3.139E+02   3.789E-01
   3.190E+02   4.675E-01
   3.241E+02   5.489E-01
   3.292E+02   6.216E-01
   3.343E+02   6.895E-01
   3.394E+02   7.495E-01
   3.445E+02   8.049E-01
   3.496E+02   8.504E-01
   3.547E+02   8.951E-01
   3.598E+02   9.322E-01
   3.649E+02   9.666E-01
   3.700E+02   9.936E-01
   3.751E+02   1.017E+00
   3.802E+02   1.036E+00
   3.854E+02   1.050E+00
   3.905E+02   1.061E+00
   3.956E+02   1.066E+00
   4.007E+02   1.068E+00
   4.058E+02   1.066E+00
   4.109E+02   1.060E+00
   4.160E+02   1.052E+00
   4.211E+02   1.040E+00
   4.262E+02   1.025E+00
   4.313E+02   1.007E+00
   4.364E+02   9.874E-01
   4.415E+02   9.631E-01
   4.466E+02   9.354E-01
   4.517E+02   9.091E-01
   4.569E+02   8.789E-01
   4.620E+02   8.466E-01
   4.671E+02   8.135E-01
   4.722E+02   7.801E-01
   4.773E+02   7.426E-01
   4.824E+02   7.059E-01
   4.875E+02   6.677E-01
   4.926E+02   6.295E-01
   4.977E+02   5.905E-01
   5.028E+02   5.515E-01
   5.079E+02   5.131E-01
   5.130E+02   4.747E-01
   5.181E+02   4.383E-01
   5.232E+02   4.038E-01
   5.284E+02   3.720E-01
   5.335E+02   3.436E-01
   5.386E+02   3.204E-01
   5.437E+02   3.026E-01
   5.488E+02   2.928E-01
   5.539E+02   2.902E-01
   5.590E+02   2.961E-01
   5.641E+02   3.093E-01
   5.692E+02   3.284E-01
   5.743E+02   3.532E-01
   5.794E+02   3.818E-01
   5.845E+02   4.125E-01
   5.896E+02   4.455E-01
   5.947E+02   4.799E-01
   5.998E+02   5.155E-01
   6.050E+02   5.500E-01
   6.101E+02   5.869E-01
   6.152E+02   6.222E-01
   6.203E+02   6.563E-01
   6.254E+02   6.914E-01
   6.305E+02   7.269E-01
   6.356E+02   7.602E-01
   6.407E+02   7.924E-01
   6.458E+02   8.234E-01
   6.509E+02   8.544E-01
   6.560E+02   8.860E-01
   6.611E+02   9.130E-01
   6.662E+02   9.406E-01
   6.713E+02   9.670E-01
   6.765E+02   9.921E-01
   6.816E+02   1.016E+00
   6.867E+02   1.038E+00
   6.918E+02   1.061E+00
   6.969E+02   1.080E+00
   7.020E+02   1.101E+00
   7.071E+02   1.117E+00
   7.122E+02   1.135E+00
   7.173E+02   1.151E+00
   7.224E+02   1.165E+00
   7.275E+02   1.175E+00
   7.326E+02   1.187E+00
   7.377E+02   1.198E+00
   7.428E+02   1.206E+00
   7.480E+02   1.214E+00
   7.531E+02   1.222E+00
   7.582E+02   1.227E+00
   7.633E+02   1.232E+00
   7.684E+02   1.235E+00
   7.735E+02   1.235E+00
   7.786E+02   1.235E+00
   7.837E+02   1.238E+00
   7.888E+02   1.236E+00
   7.939E+02   1.233E+00
   7.990E+02   1.231E+00
   8.041E+02   1.225E+00
   8.092E+02   1.221E+00
   8.143E+02   1.215E+00
   8.195E+02   1.210E+00
   8.246E+02   1.200E+00
   8.297E+02   1.193E+00
   8.348E+02   1.184E+00
   8.399E+02   1.172E+00
   8.450E+02   1.162E+00
   8.501E+02   1.150E+00
   8.552E+02   1.140E+00
   8.603E+02   1.125E+00
   8.654E+02   1.110E+00
   8.705E+02   1.097E+00
   8.756E+02   1.084E+00
   8.807E+02   1.066E+00
   8.858E+02   1.050E+00
   8.909E+02   1.033E+00
   8.961E+02   1.015E+00
   9.012E+02   9.990E-01
   9.063E+02   9.807E-01
   9.114E+02   9.628E-01
   9.165E+02   9.434E-01
   9.216E+02   9.251E-01
   9.267E+02   9.063E-01
   9.318E+02   8.877E-01
   9.369E+02   8.671E-01
   9.420E+02   8.479E-01
   9.471E+02   8.282E-01
   9.522E+02   8.075E-01
   9.573E+02   7.874E-01
   9.624E+02   7.681E-01
   9.676E+02   7.470E-01
   9.727E+02   7.264E-01
   9.778E+02   7.056E-01
   9.829E+02   6.862E-01
   9.880E+02   6.660E-01
   9.931E+02   6.456E-01
   9.982E+02   6.238E-01
   1.003E+03   6.049E-01
   1.008E+03   5.854E-01
   1.014E+03   5.660E-01
   1.019E+03   5.447E-01
   1.024E+03   5.266E-01
   1.029E+03   5.070E-01
   1.034E+03   4.870E-01
   1.039E+03   4.688E-01
   1.044E+03   4.505E-01
   1.049E+03   4.311E-01
   1.054E+03   4.150E-01
   1.059E+03   3.970E-01
   1.065E+03   3.790E-01
   1.070E+03   3.622E-01
   1.075E+03   3.461E-01
   1.080E+03   3.294E-01
   1.085E+03   3.130E-01
   1.090E+03   2.976E-01
   1.095E+03   2.828E-01
   1.100E+03   2.675E-01
   1.105E+03   2.534E-01
   1.111E+03   2.396E-01
   1.116E+03   2.256E-01
   1.121E+03   2.129E-01
   1.126E+03   2.001E-01
   1.131E+03   1.878E-01
   1.136E+03   1.759E-01
   1.141E+03   1.649E-01
   1.146E+03   1.538E-01
   1.151E+03   1.434E-01
   1.157E+03   1.335E-01
   1.162E+03   1.244E-01
   1.167E+03   1.151E-01
   1.172E+03   1.064E-01
   1.177E+03   9.833E-02
   1.182E+03   9.079E-02
   1.187E+03   8.331E-02
   1.192E+03   7.615E-02
   1.197E+03   6.979E-02
   1.202E+03   6.360E-02
   1.208E+03   5.789E-02
   1.213E+03   5.257E-02
   1.218E+03   4.761E-02
   1.223E+03   4.317E-02
   1.228E+03   3.901E-02
   1.233E+03   3.509E-02
   1.238E+03   3.167E-02
   1.243E+03   2.852E-02
   1.248E+03   2.548E-02
   1.254E+03   2.285E-02
   1.259E+03   2.043E-02
   1.264E+03   1.831E-02
   1.269E+03   1.644E-02
   1.274E+03   1.470E-02
   1.279E+03   1.316E-02
   1.284E+03   1.182E-02
   1.289E+03   1.062E-02
   1.294E+03   9.573E-03
   1.300E+03   8.580E-03
   1.305E+03   7.690E-03
   1.310E+03   6.951E-03
   1.315E+03   6.232E-03
   1.320E+03   5.615E-03
   1.325E+03   5.063E-03
   1.330E+03   4.553E-03
   1.335E+03   4.076E-03
   1.340E+03   3.604E-03
   1.345E+03   3.173E-03
   1.351E+03   2.785E-03
   1.356E+03   2.434E-03
   1.361E+03   2.074E-03
   1.366E+03   1.744E-03
   1.371E+03   1.447E-03
   1.376E+03   1.195E-03
   1.381E+03   9.770E-04
   1.386E+03   8.066E-04
   1.391E+03   6.787E-04
   1.397E+03   6.063E-04
   1.402E+03   5.604E-04
   1.407E+03   5.638E-04
   1.412E+03   6.322E-04
   1.417E+03   7.693E-04
   1.422E+03   9.327E-04
   1.427E+03   1.117E-03
   1.432E+03   1.342E-03
   1.437E+03   1.590E-03
   1.443E+03   1.839E-03
   1.448E+03   2.091E-03
   1.453E+03   2.332E-03
   1.458E+03   2.563E-03
   1.463E+03   2.779E-03
   1.468E+03   3.004E-03
   1.473E+03   3.225E-03
   1.478E+03   3.433E-03
   1.483E+03   3.623E-03
   1.488E+03   3.800E-03
   1.494E+03   3.970E-03
   1.499E+03   4.134E-03
   1.504E+03   4.310E-03
   1.509E+03   4.464E-03
   1.514E+03   4.620E-03
   1.519E+03   4.749E-03
   1.524E+03   4.884E-03
   1.529E+03   5.025E-03
   1.534E+03   5.178E-03
   1.540E+03   5.326E-03
   1.545E+03   5.449E-03
   1.550E+03   5.527E-03
   1.555E+03   5.579E-03
   1.560E+03   5.621E-03
   1.565E+03   5.690E-03
   1.570E+03   5.728E-03
   1.575E+03   5.763E-03
   1.580E+03   5.782E-03
   1.586E+03   5.803E-03
   1.591E+03   5.803E-03
   1.596E+03   5.788E-03
   1.601E+03   5.784E-03
   1.606E+03   5.754E-03
   1.611E+03   5.704E-03
   1.616E+03   5.677E-03
   1.621E+03   5.645E-03
   1.626E+03   5.601E-03
   1.631E+03   5.535E-03
   1.637E+03   5.439E-03
   1.642E+03   5.381E-03
   1.647E+03   5.327E-03
   1.652E+03   5.205E-03
   1.657E+03   5.079E-03
   1.662E+03   4.956E-03
   1.667E+03   4.810E-03
   1.672E+03   4.675E-03
   1.677E+03   4.579E-03
   1.683E+03   4.466E-03
   1.688E+03   4.143E-03
   1.693E+03   3.861E-03
   1.698E+03   3.709E-03
   1.703E+03   3.732E-03
   1.708E+03   3.809E-03
   1.713E+03   3.932E-03
   1.718E+03   4.403E-03
   1.723E+03   4.007E-03
   1.729E+03   3.665E-03
   1.734E+03   0.000E+00
   1.739E+03   0.000E+00
   1.744E+03   0.000E+00
   1.749E+03   0.000E+00
   1.754E+03   0.000E+00
   1.759E+03   0.000E+00
   1.764E+03   0.000E+00
   1.769E+03   0.000E+00
   1.774E+03   0.000E+00
   1.780E+03   0.000E+00
   1.785E+03   0.000E+00
   1.790E+03   0.000E+00
   1.795E+03   0.000E+00
   1.800E+03   0.000E+00
