   2.730E+02   3.363E+05
   2.768E+02   3.147E+05
   2.807E+02   2.764E+05
   2.845E+02   2.385E+05
   2.883E+02   2.027E+05
   2.921E+02   1.380E+05
   2.960E+02   1.648E+04
   2.998E+02   8.993E+04
   3.036E+02   1.693E+05
   3.074E+02   2.382E+05
   3.113E+02   3.029E+05
   3.151E+02   3.653E+05
   3.189E+02   4.250E+05
   3.228E+02   4.832E+05
   3.266E+02   5.392E+05
   3.304E+02   5.936E+05
   3.342E+02   6.470E+05
   3.381E+02   6.981E+05
   3.419E+02   7.494E+05
   3.457E+02   7.990E+05
   3.495E+02   8.467E+05
   3.534E+02   8.951E+05
   3.572E+02   9.417E+05
   3.610E+02   9.885E+05
   3.648E+02   1.035E+06
   3.687E+02   1.078E+06
   3.725E+02   1.122E+06
   3.763E+02   1.164E+06
   3.802E+02   1.207E+06
   3.840E+02   1.250E+06
   3.878E+02   1.290E+06
   3.916E+02   1.332E+06
   3.955E+02   1.373E+06
   3.993E+02   1.412E+06
   4.031E+02   1.452E+06
   4.069E+02   1.488E+06
   4.108E+02   1.526E+06
   4.146E+02   1.564E+06
   4.184E+02   1.600E+06
   4.223E+02   1.636E+06
   4.261E+02   1.672E+06
   4.299E+02   1.706E+06
   4.337E+02   1.739E+06
   4.376E+02   1.776E+06
   4.414E+02   1.806E+06
   4.452E+02   1.840E+06
   4.490E+02   1.871E+06
   4.529E+02   1.903E+06
   4.567E+02   1.933E+06
   4.605E+02   1.964E+06
   4.644E+02   1.993E+06
   4.682E+02   2.023E+06
   4.720E+02   2.054E+06
   4.758E+02   2.081E+06
   4.797E+02   2.110E+06
   4.835E+02   2.139E+06
   4.873E+02   2.165E+06
   4.911E+02   2.193E+06
   4.950E+02   2.217E+06
   4.988E+02   2.242E+06
   5.026E+02   2.269E+06
   5.065E+02   2.292E+06
   5.103E+02   2.319E+06
   5.141E+02   2.340E+06
   5.179E+02   2.366E+06
   5.218E+02   2.387E+06
   5.256E+02   2.409E+06
   5.294E+02   2.432E+06
   5.332E+02   2.455E+06
   5.371E+02   2.475E+06
   5.409E+02   2.496E+06
   5.447E+02   2.516E+06
   5.485E+02   2.534E+06
   5.524E+02   2.556E+06
   5.562E+02   2.574E+06
   5.600E+02   2.590E+06
   5.639E+02   2.608E+06
   5.677E+02   2.629E+06
   5.715E+02   2.645E+06
   5.753E+02   2.658E+06
   5.792E+02   2.679E+06
   5.830E+02   2.695E+06
   5.868E+02   2.710E+06
   5.906E+02   2.724E+06
   5.945E+02   2.736E+06
   5.983E+02   2.752E+06
   6.021E+02   2.766E+06
   6.060E+02   2.778E+06
   6.098E+02   2.792E+06
   6.136E+02   2.805E+06
   6.174E+02   2.816E+06
   6.213E+02   2.825E+06
   6.251E+02   2.834E+06
   6.289E+02   2.846E+06
   6.327E+02   2.858E+06
   6.366E+02   2.865E+06
   6.404E+02   2.879E+06
   6.442E+02   2.884E+06
   6.481E+02   2.891E+06
   6.519E+02   2.901E+06
   6.557E+02   2.908E+06
   6.595E+02   2.915E+06
   6.634E+02   2.919E+06
   6.672E+02   2.926E+06
   6.710E+02   2.931E+06
   6.748E+02   2.938E+06
   6.787E+02   2.944E+06
   6.825E+02   2.948E+06
   6.863E+02   2.952E+06
   6.902E+02   2.957E+06
   6.940E+02   2.961E+06
   6.978E+02   2.961E+06
   7.016E+02   2.967E+06
   7.055E+02   2.968E+06
   7.093E+02   2.969E+06
   7.131E+02   2.973E+06
   7.169E+02   2.973E+06
   7.208E+02   2.974E+06
   7.246E+02   2.974E+06
   7.284E+02   2.973E+06
   7.322E+02   2.975E+06
   7.361E+02   2.977E+06
   7.399E+02   2.973E+06
   7.437E+02   2.974E+06
   7.476E+02   2.970E+06
   7.514E+02   2.969E+06
   7.552E+02   2.969E+06
   7.590E+02   2.967E+06
   7.629E+02   2.965E+06
   7.667E+02   2.962E+06
   7.705E+02   2.959E+06
   7.743E+02   2.956E+06
   7.782E+02   2.951E+06
   7.820E+02   2.948E+06
   7.858E+02   2.943E+06
   7.897E+02   2.941E+06
   7.935E+02   2.936E+06
   7.973E+02   2.931E+06
   8.011E+02   2.925E+06
   8.050E+02   2.919E+06
   8.088E+02   2.914E+06
   8.126E+02   2.909E+06
   8.164E+02   2.903E+06
   8.203E+02   2.899E+06
   8.241E+02   2.892E+06
   8.279E+02   2.886E+06
   8.318E+02   2.878E+06
   8.356E+02   2.873E+06
   8.394E+02   2.863E+06
   8.432E+02   2.854E+06
   8.471E+02   2.848E+06
   8.509E+02   2.839E+06
   8.547E+02   2.834E+06
   8.585E+02   2.825E+06
   8.624E+02   2.814E+06
   8.662E+02   2.806E+06
   8.700E+02   2.799E+06
   8.738E+02   2.789E+06
   8.777E+02   2.779E+06
   8.815E+02   2.770E+06
   8.853E+02   2.760E+06
   8.892E+02   2.747E+06
   8.930E+02   2.740E+06
   8.968E+02   2.728E+06
   9.006E+02   2.717E+06
   9.045E+02   2.708E+06
   9.083E+02   2.695E+06
   9.121E+02   2.686E+06
   9.159E+02   2.672E+06
   9.198E+02   2.662E+06
   9.236E+02   2.652E+06
   9.274E+02   2.639E+06
   9.313E+02   2.628E+06
   9.351E+02   2.614E+06
   9.389E+02   2.603E+06
   9.427E+02   2.590E+06
   9.466E+02   2.578E+06
   9.504E+02   2.564E+06
   9.542E+02   2.550E+06
   9.580E+02   2.539E+06
   9.619E+02   2.527E+06
   9.657E+02   2.511E+06
   9.695E+02   2.498E+06
   9.734E+02   2.485E+06
   9.772E+02   2.470E+06
   9.810E+02   2.458E+06
   9.848E+02   2.440E+06
   9.887E+02   2.429E+06
   9.925E+02   2.414E+06
   9.963E+02   2.396E+06
   1.000E+03   2.381E+06
   1.004E+03   2.369E+06
   1.008E+03   2.352E+06
   1.012E+03   2.336E+06
   1.015E+03   2.322E+06
   1.019E+03   2.305E+06
   1.023E+03   2.289E+06
   1.027E+03   2.273E+06
   1.031E+03   2.255E+06
   1.035E+03   2.237E+06
   1.038E+03   2.222E+06
   1.042E+03   2.205E+06
   1.046E+03   2.188E+06
   1.050E+03   2.169E+06
   1.054E+03   2.154E+06
   1.058E+03   2.135E+06
   1.061E+03   2.117E+06
   1.065E+03   2.097E+06
   1.069E+03   2.079E+06
   1.073E+03   2.061E+06
   1.077E+03   2.041E+06
   1.081E+03   2.023E+06
   1.084E+03   2.004E+06
   1.088E+03   1.984E+06
   1.092E+03   1.965E+06
   1.096E+03   1.946E+06
   1.100E+03   1.924E+06
   1.103E+03   1.903E+06
   1.107E+03   1.883E+06
   1.111E+03   1.863E+06
   1.115E+03   1.842E+06
   1.119E+03   1.819E+06
   1.123E+03   1.799E+06
   1.126E+03   1.776E+06
   1.130E+03   1.754E+06
   1.134E+03   1.733E+06
   1.138E+03   1.708E+06
   1.142E+03   1.686E+06
   1.146E+03   1.663E+06
   1.149E+03   1.639E+06
   1.153E+03   1.615E+06
   1.157E+03   1.591E+06
   1.161E+03   1.568E+06
   1.165E+03   1.543E+06
   1.169E+03   1.519E+06
   1.172E+03   1.492E+06
   1.176E+03   1.467E+06
   1.180E+03   1.441E+06
   1.184E+03   1.416E+06
   1.188E+03   1.389E+06
   1.191E+03   1.361E+06
   1.195E+03   1.335E+06
   1.199E+03   1.308E+06
   1.203E+03   1.280E+06
   1.207E+03   1.253E+06
   1.211E+03   1.226E+06
   1.214E+03   1.199E+06
   1.218E+03   1.172E+06
   1.222E+03   1.144E+06
   1.226E+03   1.116E+06
   1.230E+03   1.087E+06
   1.234E+03   1.059E+06
   1.237E+03   1.029E+06
   1.241E+03   1.001E+06
   1.245E+03   9.721E+05
   1.249E+03   9.422E+05
   1.253E+03   9.127E+05
   1.257E+03   8.836E+05
   1.260E+03   8.537E+05
   1.264E+03   8.241E+05
   1.268E+03   7.955E+05
   1.272E+03   7.655E+05
   1.276E+03   7.350E+05
   1.280E+03   7.048E+05
   1.283E+03   6.748E+05
   1.287E+03   6.457E+05
   1.291E+03   6.161E+05
   1.295E+03   5.876E+05
   1.299E+03   5.592E+05
   1.302E+03   5.308E+05
   1.306E+03   5.032E+05
   1.310E+03   4.760E+05
   1.314E+03   4.495E+05
   1.318E+03   4.232E+05
   1.322E+03   3.966E+05
   1.325E+03   3.725E+05
   1.329E+03   3.485E+05
   1.333E+03   3.246E+05
   1.337E+03   3.008E+05
   1.341E+03   2.768E+05
   1.345E+03   2.544E+05
   1.348E+03   2.332E+05
   1.352E+03   2.141E+05
   1.356E+03   1.956E+05
   1.360E+03   1.768E+05
   1.364E+03   1.578E+05
   1.368E+03   1.414E+05
   1.371E+03   1.263E+05
   1.375E+03   1.132E+05
   1.379E+03   1.014E+05
   1.383E+03   9.116E+04
   1.387E+03   8.237E+04
   1.391E+03   7.484E+04
   1.394E+03   7.019E+04
   1.398E+03   6.757E+04
   1.402E+03   6.666E+04
   1.406E+03   6.786E+04
   1.410E+03   7.030E+04
   1.413E+03   7.610E+04
   1.417E+03   8.331E+04
   1.421E+03   9.094E+04
   1.425E+03   9.862E+04
   1.429E+03   1.079E+05
   1.433E+03   1.184E+05
   1.436E+03   1.289E+05
   1.440E+03   1.393E+05
   1.444E+03   1.493E+05
   1.448E+03   1.597E+05
   1.452E+03   1.691E+05
   1.456E+03   1.776E+05
   1.459E+03   1.861E+05
   1.463E+03   1.941E+05
   1.467E+03   2.013E+05
   1.471E+03   2.083E+05
   1.475E+03   2.150E+05
   1.479E+03   2.210E+05
   1.482E+03   2.264E+05
   1.486E+03   2.309E+05
   1.490E+03   2.345E+05
   1.494E+03   2.381E+05
   1.498E+03   2.416E+05
   1.501E+03   2.449E+05
   1.505E+03   2.481E+05
   1.509E+03   2.510E+05
   1.513E+03   2.538E+05
   1.517E+03   2.560E+05
   1.521E+03   2.579E+05
   1.524E+03   2.588E+05
   1.528E+03   2.598E+05
   1.532E+03   2.603E+05
   1.536E+03   2.606E+05
   1.540E+03   2.604E+05
   1.544E+03   2.599E+05
   1.547E+03   2.598E+05
   1.551E+03   2.589E+05
   1.555E+03   2.574E+05
   1.559E+03   2.560E+05
   1.563E+03   2.543E+05
   1.567E+03   2.527E+05
   1.570E+03   2.507E+05
   1.574E+03   2.481E+05
   1.578E+03   2.453E+05
   1.582E+03   2.419E+05
   1.586E+03   2.383E+05
   1.590E+03   2.353E+05
   1.593E+03   2.325E+05
   1.597E+03   2.286E+05
   1.601E+03   2.259E+05
   1.605E+03   2.230E+05
   1.609E+03   2.204E+05
   1.612E+03   2.167E+05
   1.616E+03   2.136E+05
   1.620E+03   2.102E+05
   1.624E+03   2.070E+05
   1.628E+03   2.033E+05
   1.632E+03   1.997E+05
   1.635E+03   1.955E+05
   1.639E+03   1.909E+05
   1.643E+03   1.870E+05
   1.647E+03   1.838E+05
   1.651E+03   1.787E+05
   1.655E+03   1.741E+05
   1.658E+03   1.688E+05
   1.662E+03   1.643E+05
   1.666E+03   1.608E+05
   1.670E+03   1.567E+05
   1.674E+03   1.517E+05
   1.678E+03   1.482E+05
   1.681E+03   1.485E+05
   1.685E+03   1.448E+05
   1.689E+03   1.386E+05
   1.693E+03   1.333E+05
   1.697E+03   1.288E+05
   1.700E+03   1.214E+05
   1.704E+03   1.200E+05
   1.708E+03   1.145E+05
   1.712E+03   1.073E+05
   1.716E+03   1.037E+05
   1.720E+03   1.025E+05
   1.723E+03   9.519E+04
   1.727E+03   9.299E+04
   1.731E+03   9.331E+04
   1.735E+03   7.860E+04
   1.739E+03   7.873E+04
   1.743E+03   6.289E+04
   1.746E+03   4.484E+04
   1.750E+03   1.845E+04
   1.754E+03   0.000E+00
   1.758E+03   0.000E+00
   1.762E+03   0.000E+00
   1.766E+03   0.000E+00
   1.769E+03   0.000E+00
   1.773E+03   0.000E+00
   1.777E+03   0.000E+00
   1.781E+03   0.000E+00
   1.785E+03   0.000E+00
   1.789E+03   0.000E+00
   1.792E+03   0.000E+00
   1.796E+03   2.682E+01
   1.800E+03   3.698E+01
