   0.000E+00   2.175E-01
   3.759E-04   2.286E+00
   7.519E-04   4.592E+00
   1.128E-03   7.218E+00
   1.504E-03   9.012E+00
   1.880E-03   1.012E+01
   2.256E-03   1.068E+01
   2.632E-03   1.078E+01
   3.008E-03   1.052E+01
   3.383E-03   9.973E+00
   3.759E-03   9.210E+00
   4.135E-03   8.295E+00
   4.511E-03   7.288E+00
   4.887E-03   6.241E+00
   5.263E-03   5.210E+00
   5.639E-03   4.232E+00
   6.015E-03   3.345E+00
   6.391E-03   2.563E+00
   6.767E-03   1.897E+00
   7.143E-03   1.355E+00
   7.519E-03   9.290E-01
   7.895E-03   6.089E-01
   8.271E-03   3.783E-01
   8.647E-03   2.203E-01
   9.023E-03   1.185E-01
   9.398E-03   5.800E-02
   9.774E-03   2.533E-02
   1.015E-02   9.945E-03
   1.053E-02   3.816E-03
   1.090E-02   1.417E-03
   1.128E-02   1.847E-05
   1.165E-02   0.000E+00
   1.203E-02   0.000E+00
   1.241E-02   0.000E+00
   1.278E-02   0.000E+00
   1.316E-02   0.000E+00
   1.353E-02   0.000E+00
   1.391E-02   0.000E+00
   1.429E-02   0.000E+00
   1.466E-02   0.000E+00
   1.504E-02   0.000E+00
   1.541E-02   0.000E+00
   1.579E-02   0.000E+00
   1.617E-02   0.000E+00
   1.654E-02   0.000E+00
   1.692E-02   0.000E+00
   1.729E-02   0.000E+00
   1.767E-02   0.000E+00
   1.805E-02   0.000E+00
   1.842E-02   0.000E+00
   1.880E-02   0.000E+00
   1.917E-02   0.000E+00
   1.955E-02   0.000E+00
   1.992E-02   0.000E+00
   2.030E-02   0.000E+00
   2.068E-02   0.000E+00
   2.105E-02   0.000E+00
   2.143E-02   0.000E+00
   2.180E-02   0.000E+00
   2.218E-02   0.000E+00
   2.256E-02   0.000E+00
   2.293E-02   0.000E+00
   2.331E-02   0.000E+00
   2.368E-02   0.000E+00
   2.406E-02   0.000E+00
   2.444E-02   0.000E+00
   2.481E-02   0.000E+00
   2.519E-02   0.000E+00
   2.556E-02   0.000E+00
   2.594E-02   0.000E+00
   2.632E-02   0.000E+00
   2.669E-02   0.000E+00
   2.707E-02   0.000E+00
   2.744E-02   0.000E+00
   2.782E-02   0.000E+00
   2.820E-02   0.000E+00
   2.857E-02   0.000E+00
   2.895E-02   0.000E+00
   2.932E-02   0.000E+00
   2.970E-02   0.000E+00
   3.008E-02   0.000E+00
   3.045E-02   0.000E+00
   3.083E-02   0.000E+00
   3.120E-02   0.000E+00
   3.158E-02   0.000E+00
   3.195E-02   0.000E+00
   3.233E-02   0.000E+00
   3.271E-02   0.000E+00
   3.308E-02   0.000E+00
   3.346E-02   0.000E+00
   3.383E-02   0.000E+00
   3.421E-02   0.000E+00
   3.459E-02   0.000E+00
   3.496E-02   0.000E+00
   3.534E-02   0.000E+00
   3.571E-02   0.000E+00
   3.609E-02   0.000E+00
   3.647E-02   0.000E+00
   3.684E-02   0.000E+00
   3.722E-02   0.000E+00
   3.759E-02   0.000E+00
   3.797E-02   0.000E+00
   3.835E-02   0.000E+00
   3.872E-02   0.000E+00
   3.910E-02   0.000E+00
   3.947E-02   0.000E+00
   3.985E-02   0.000E+00
   4.023E-02   0.000E+00
   4.060E-02   0.000E+00
   4.098E-02   0.000E+00
   4.135E-02   0.000E+00
   4.173E-02   0.000E+00
   4.211E-02   0.000E+00
   4.248E-02   0.000E+00
   4.286E-02   0.000E+00
   4.323E-02   0.000E+00
   4.361E-02   0.000E+00
   4.398E-02   0.000E+00
   4.436E-02   0.000E+00
   4.474E-02   0.000E+00
   4.511E-02   0.000E+00
   4.549E-02   0.000E+00
   4.586E-02   0.000E+00
   4.624E-02   0.000E+00
   4.662E-02   0.000E+00
   4.699E-02   0.000E+00
   4.737E-02   0.000E+00
   4.774E-02   0.000E+00
   4.812E-02   0.000E+00
   4.850E-02   0.000E+00
   4.887E-02   0.000E+00
   4.925E-02   0.000E+00
   4.962E-02   0.000E+00
   5.000E-02   0.000E+00
   5.038E-02   0.000E+00
   5.075E-02   0.000E+00
   5.113E-02   0.000E+00
   5.150E-02   0.000E+00
   5.188E-02   0.000E+00
   5.226E-02   0.000E+00
   5.263E-02   0.000E+00
   5.301E-02   0.000E+00
   5.338E-02   0.000E+00
   5.376E-02   0.000E+00
   5.414E-02   0.000E+00
   5.451E-02   0.000E+00
   5.489E-02   0.000E+00
   5.526E-02   0.000E+00
   5.564E-02   0.000E+00
   5.602E-02   0.000E+00
   5.639E-02   0.000E+00
   5.677E-02   0.000E+00
   5.714E-02   0.000E+00
   5.752E-02   0.000E+00
   5.789E-02   0.000E+00
   5.827E-02   0.000E+00
   5.865E-02   0.000E+00
   5.902E-02   0.000E+00
   5.940E-02   0.000E+00
   5.977E-02   0.000E+00
   6.015E-02   0.000E+00
   6.053E-02   0.000E+00
   6.090E-02   0.000E+00
   6.128E-02   0.000E+00
   6.165E-02   0.000E+00
   6.203E-02   0.000E+00
   6.241E-02   0.000E+00
   6.278E-02   0.000E+00
   6.316E-02   0.000E+00
   6.353E-02   0.000E+00
   6.391E-02   0.000E+00
   6.429E-02   0.000E+00
   6.466E-02   0.000E+00
   6.504E-02   0.000E+00
   6.541E-02   0.000E+00
   6.579E-02   0.000E+00
   6.617E-02   0.000E+00
   6.654E-02   0.000E+00
   6.692E-02   0.000E+00
   6.729E-02   0.000E+00
   6.767E-02   0.000E+00
   6.805E-02   0.000E+00
   6.842E-02   0.000E+00
   6.880E-02   0.000E+00
   6.917E-02   0.000E+00
   6.955E-02   0.000E+00
   6.992E-02   0.000E+00
   7.030E-02   0.000E+00
   7.068E-02   0.000E+00
   7.105E-02   0.000E+00
   7.143E-02   0.000E+00
   7.180E-02   0.000E+00
   7.218E-02   0.000E+00
   7.256E-02   0.000E+00
   7.293E-02   0.000E+00
   7.331E-02   0.000E+00
   7.368E-02   0.000E+00
   7.406E-02   0.000E+00
   7.444E-02   0.000E+00
   7.481E-02   0.000E+00
   7.519E-02   0.000E+00
   7.556E-02   0.000E+00
   7.594E-02   0.000E+00
   7.632E-02   0.000E+00
   7.669E-02   0.000E+00
   7.707E-02   0.000E+00
   7.744E-02   0.000E+00
   7.782E-02   0.000E+00
   7.820E-02   0.000E+00
   7.857E-02   0.000E+00
   7.895E-02   0.000E+00
   7.932E-02   0.000E+00
   7.970E-02   0.000E+00
   8.008E-02   0.000E+00
   8.045E-02   0.000E+00
   8.083E-02   0.000E+00
   8.120E-02   0.000E+00
   8.158E-02   0.000E+00
   8.195E-02   0.000E+00
   8.233E-02   0.000E+00
   8.271E-02   0.000E+00
   8.308E-02   0.000E+00
   8.346E-02   0.000E+00
   8.383E-02   0.000E+00
   8.421E-02   0.000E+00
   8.459E-02   0.000E+00
   8.496E-02   0.000E+00
   8.534E-02   0.000E+00
   8.571E-02   0.000E+00
   8.609E-02   0.000E+00
   8.647E-02   0.000E+00
   8.684E-02   0.000E+00
   8.722E-02   0.000E+00
   8.759E-02   0.000E+00
   8.797E-02   0.000E+00
   8.835E-02   0.000E+00
   8.872E-02   0.000E+00
   8.910E-02   0.000E+00
   8.947E-02   0.000E+00
   8.985E-02   0.000E+00
   9.023E-02   0.000E+00
   9.060E-02   0.000E+00
   9.098E-02   0.000E+00
   9.135E-02   0.000E+00
   9.173E-02   0.000E+00
   9.211E-02   0.000E+00
   9.248E-02   0.000E+00
   9.286E-02   0.000E+00
   9.323E-02   0.000E+00
   9.361E-02   0.000E+00
   9.398E-02   0.000E+00
   9.436E-02   0.000E+00
   9.474E-02   0.000E+00
   9.511E-02   0.000E+00
   9.549E-02   0.000E+00
   9.586E-02   0.000E+00
   9.624E-02   0.000E+00
   9.662E-02   0.000E+00
   9.699E-02   0.000E+00
   9.737E-02   0.000E+00
   9.774E-02   0.000E+00
   9.812E-02   0.000E+00
   9.850E-02   0.000E+00
   9.887E-02   0.000E+00
   9.925E-02   0.000E+00
   9.962E-02   0.000E+00
   1.000E-01   0.000E+00
   1.004E-01   0.000E+00
   1.008E-01   0.000E+00
   1.011E-01   0.000E+00
   1.015E-01   0.000E+00
   1.019E-01   0.000E+00
   1.023E-01   0.000E+00
   1.026E-01   0.000E+00
   1.030E-01   0.000E+00
   1.034E-01   0.000E+00
   1.038E-01   0.000E+00
   1.041E-01   0.000E+00
   1.045E-01   0.000E+00
   1.049E-01   0.000E+00
   1.053E-01   0.000E+00
   1.056E-01   0.000E+00
   1.060E-01   0.000E+00
   1.064E-01   0.000E+00
   1.068E-01   0.000E+00
   1.071E-01   0.000E+00
   1.075E-01   0.000E+00
   1.079E-01   0.000E+00
   1.083E-01   0.000E+00
   1.086E-01   0.000E+00
   1.090E-01   0.000E+00
   1.094E-01   0.000E+00
   1.098E-01   0.000E+00
   1.102E-01   0.000E+00
   1.105E-01   0.000E+00
   1.109E-01   0.000E+00
   1.113E-01   0.000E+00
   1.117E-01   0.000E+00
   1.120E-01   0.000E+00
   1.124E-01   0.000E+00
   1.128E-01   0.000E+00
   1.132E-01   0.000E+00
   1.135E-01   0.000E+00
   1.139E-01   0.000E+00
   1.143E-01   0.000E+00
   1.147E-01   0.000E+00
   1.150E-01   0.000E+00
   1.154E-01   0.000E+00
   1.158E-01   0.000E+00
   1.162E-01   0.000E+00
   1.165E-01   0.000E+00
   1.169E-01   0.000E+00
   1.173E-01   0.000E+00
   1.177E-01   0.000E+00
   1.180E-01   0.000E+00
   1.184E-01   0.000E+00
   1.188E-01   0.000E+00
   1.192E-01   0.000E+00
   1.195E-01   0.000E+00
   1.199E-01   0.000E+00
   1.203E-01   0.000E+00
   1.207E-01   0.000E+00
   1.211E-01   0.000E+00
   1.214E-01   0.000E+00
   1.218E-01   0.000E+00
   1.222E-01   0.000E+00
   1.226E-01   0.000E+00
   1.229E-01   0.000E+00
   1.233E-01   0.000E+00
   1.237E-01   0.000E+00
   1.241E-01   0.000E+00
   1.244E-01   0.000E+00
   1.248E-01   0.000E+00
   1.252E-01   0.000E+00
   1.256E-01   0.000E+00
   1.259E-01   0.000E+00
   1.263E-01   0.000E+00
   1.267E-01   0.000E+00
   1.271E-01   0.000E+00
   1.274E-01   0.000E+00
   1.278E-01   0.000E+00
   1.282E-01   0.000E+00
   1.286E-01   0.000E+00
   1.289E-01   0.000E+00
   1.293E-01   0.000E+00
   1.297E-01   0.000E+00
   1.301E-01   0.000E+00
   1.305E-01   0.000E+00
   1.308E-01   0.000E+00
   1.312E-01   0.000E+00
   1.316E-01   0.000E+00
   1.320E-01   0.000E+00
   1.323E-01   0.000E+00
   1.327E-01   0.000E+00
   1.331E-01   0.000E+00
   1.335E-01   0.000E+00
   1.338E-01   0.000E+00
   1.342E-01   0.000E+00
   1.346E-01   0.000E+00
   1.350E-01   0.000E+00
   1.353E-01   0.000E+00
   1.357E-01   0.000E+00
   1.361E-01   0.000E+00
   1.365E-01   0.000E+00
   1.368E-01   0.000E+00
   1.372E-01   0.000E+00
   1.376E-01   0.000E+00
   1.380E-01   0.000E+00
   1.383E-01   0.000E+00
   1.387E-01   0.000E+00
   1.391E-01   0.000E+00
   1.395E-01   0.000E+00
   1.398E-01   0.000E+00
   1.402E-01   0.000E+00
   1.406E-01   0.000E+00
   1.410E-01   0.000E+00
   1.414E-01   0.000E+00
   1.417E-01   0.000E+00
   1.421E-01   0.000E+00
   1.425E-01   0.000E+00
   1.429E-01   0.000E+00
   1.432E-01   0.000E+00
   1.436E-01   0.000E+00
   1.440E-01   0.000E+00
   1.444E-01   0.000E+00
   1.447E-01   0.000E+00
   1.451E-01   0.000E+00
   1.455E-01   0.000E+00
   1.459E-01   0.000E+00
   1.462E-01   0.000E+00
   1.466E-01   0.000E+00
   1.470E-01   0.000E+00
   1.474E-01   0.000E+00
   1.477E-01   0.000E+00
   1.481E-01   0.000E+00
   1.485E-01   0.000E+00
   1.489E-01   0.000E+00
   1.492E-01   0.000E+00
   1.496E-01   0.000E+00
   1.500E-01   0.000E+00
