   2.730E+02   2.737E+01
   2.768E+02   2.567E+01
   2.807E+02   2.034E+01
   2.845E+02   1.671E+01
   2.883E+02   1.344E+01
   2.921E+02   9.368E+00
   2.960E+02   1.136E+01
   2.998E+02   4.290E+00
   3.036E+02   8.847E+00
   3.074E+02   1.311E+01
   3.113E+02   1.726E+01
   3.151E+02   2.138E+01
   3.189E+02   2.541E+01
   3.228E+02   2.941E+01
   3.266E+02   3.334E+01
   3.304E+02   3.721E+01
   3.342E+02   4.103E+01
   3.381E+02   4.476E+01
   3.419E+02   4.850E+01
   3.457E+02   5.218E+01
   3.495E+02   5.575E+01
   3.534E+02   5.938E+01
   3.572E+02   6.292E+01
   3.610E+02   6.648E+01
   3.648E+02   7.003E+01
   3.687E+02   7.341E+01
   3.725E+02   7.678E+01
   3.763E+02   8.011E+01
   3.802E+02   8.350E+01
   3.840E+02   8.687E+01
   3.878E+02   9.009E+01
   3.916E+02   9.344E+01
   3.955E+02   9.667E+01
   3.993E+02   9.983E+01
   4.031E+02   1.031E+02
   4.069E+02   1.061E+02
   4.108E+02   1.091E+02
   4.146E+02   1.122E+02
   4.184E+02   1.152E+02
   4.223E+02   1.182E+02
   4.261E+02   1.213E+02
   4.299E+02   1.242E+02
   4.337E+02   1.269E+02
   4.376E+02   1.301E+02
   4.414E+02   1.326E+02
   4.452E+02   1.355E+02
   4.490E+02   1.382E+02
   4.529E+02   1.410E+02
   4.567E+02   1.437E+02
   4.605E+02   1.464E+02
   4.644E+02   1.489E+02
   4.682E+02   1.516E+02
   4.720E+02   1.544E+02
   4.758E+02   1.568E+02
   4.797E+02   1.594E+02
   4.835E+02   1.620E+02
   4.873E+02   1.644E+02
   4.911E+02   1.670E+02
   4.950E+02   1.692E+02
   4.988E+02   1.717E+02
   5.026E+02   1.741E+02
   5.065E+02   1.763E+02
   5.103E+02   1.788E+02
   5.141E+02   1.809E+02
   5.179E+02   1.835E+02
   5.218E+02   1.855E+02
   5.256E+02   1.877E+02
   5.294E+02   1.899E+02
   5.332E+02   1.923E+02
   5.371E+02   1.943E+02
   5.409E+02   1.965E+02
   5.447E+02   1.986E+02
   5.485E+02   2.005E+02
   5.524E+02   2.028E+02
   5.562E+02   2.048E+02
   5.600E+02   2.065E+02
   5.639E+02   2.085E+02
   5.677E+02   2.107E+02
   5.715E+02   2.126E+02
   5.753E+02   2.142E+02
   5.792E+02   2.165E+02
   5.830E+02   2.183E+02
   5.868E+02   2.201E+02
   5.906E+02   2.218E+02
   5.945E+02   2.235E+02
   5.983E+02   2.254E+02
   6.021E+02   2.271E+02
   6.060E+02   2.288E+02
   6.098E+02   2.305E+02
   6.136E+02   2.323E+02
   6.174E+02   2.338E+02
   6.213E+02   2.352E+02
   6.251E+02   2.367E+02
   6.289E+02   2.384E+02
   6.327E+02   2.401E+02
   6.366E+02   2.414E+02
   6.404E+02   2.432E+02
   6.442E+02   2.444E+02
   6.481E+02   2.458E+02
   6.519E+02   2.473E+02
   6.557E+02   2.487E+02
   6.595E+02   2.500E+02
   6.634E+02   2.511E+02
   6.672E+02   2.526E+02
   6.710E+02   2.538E+02
   6.748E+02   2.552E+02
   6.787E+02   2.566E+02
   6.825E+02   2.577E+02
   6.863E+02   2.588E+02
   6.902E+02   2.601E+02
   6.940E+02   2.614E+02
   6.978E+02   2.622E+02
   7.016E+02   2.636E+02
   7.055E+02   2.646E+02
   7.093E+02   2.656E+02
   7.131E+02   2.669E+02
   7.169E+02   2.677E+02
   7.208E+02   2.688E+02
   7.246E+02   2.697E+02
   7.284E+02   2.706E+02
   7.322E+02   2.718E+02
   7.361E+02   2.729E+02
   7.399E+02   2.735E+02
   7.437E+02   2.746E+02
   7.476E+02   2.752E+02
   7.514E+02   2.761E+02
   7.552E+02   2.772E+02
   7.590E+02   2.780E+02
   7.629E+02   2.789E+02
   7.667E+02   2.796E+02
   7.705E+02   2.803E+02
   7.743E+02   2.812E+02
   7.782E+02   2.818E+02
   7.820E+02   2.826E+02
   7.858E+02   2.832E+02
   7.897E+02   2.841E+02
   7.935E+02   2.847E+02
   7.973E+02   2.853E+02
   8.011E+02   2.859E+02
   8.050E+02   2.864E+02
   8.088E+02   2.871E+02
   8.126E+02   2.878E+02
   8.164E+02   2.884E+02
   8.203E+02   2.891E+02
   8.241E+02   2.896E+02
   8.279E+02   2.902E+02
   8.318E+02   2.906E+02
   8.356E+02   2.913E+02
   8.394E+02   2.915E+02
   8.432E+02   2.918E+02
   8.471E+02   2.924E+02
   8.509E+02   2.928E+02
   8.547E+02   2.935E+02
   8.585E+02   2.939E+02
   8.624E+02   2.940E+02
   8.662E+02   2.943E+02
   8.700E+02   2.950E+02
   8.738E+02   2.950E+02
   8.777E+02   2.954E+02
   8.815E+02   2.957E+02
   8.853E+02   2.959E+02
   8.892E+02   2.958E+02
   8.930E+02   2.963E+02
   8.968E+02   2.963E+02
   9.006E+02   2.964E+02
   9.045E+02   2.968E+02
   9.083E+02   2.966E+02
   9.121E+02   2.970E+02
   9.159E+02   2.968E+02
   9.198E+02   2.970E+02
   9.236E+02   2.971E+02
   9.274E+02   2.970E+02
   9.313E+02   2.971E+02
   9.351E+02   2.969E+02
   9.389E+02   2.969E+02
   9.427E+02   2.968E+02
   9.466E+02   2.967E+02
   9.504E+02   2.964E+02
   9.542E+02   2.961E+02
   9.580E+02   2.960E+02
   9.619E+02   2.961E+02
   9.657E+02   2.955E+02
   9.695E+02   2.953E+02
   9.734E+02   2.950E+02
   9.772E+02   2.945E+02
   9.810E+02   2.944E+02
   9.848E+02   2.934E+02
   9.887E+02   2.934E+02
   9.925E+02   2.928E+02
   9.963E+02   2.918E+02
   1.000E+03   2.913E+02
   1.004E+03   2.911E+02
   1.008E+03   2.903E+02
   1.012E+03   2.895E+02
   1.015E+03   2.890E+02
   1.019E+03   2.879E+02
   1.023E+03   2.871E+02
   1.027E+03   2.863E+02
   1.031E+03   2.852E+02
   1.035E+03   2.840E+02
   1.038E+03   2.833E+02
   1.042E+03   2.822E+02
   1.046E+03   2.811E+02
   1.050E+03   2.797E+02
   1.054E+03   2.788E+02
   1.058E+03   2.774E+02
   1.061E+03   2.761E+02
   1.065E+03   2.744E+02
   1.069E+03   2.731E+02
   1.073E+03   2.717E+02
   1.077E+03   2.701E+02
   1.081E+03   2.686E+02
   1.084E+03   2.669E+02
   1.088E+03   2.650E+02
   1.092E+03   2.633E+02
   1.096E+03   2.616E+02
   1.100E+03   2.594E+02
   1.103E+03   2.575E+02
   1.107E+03   2.554E+02
   1.111E+03   2.533E+02
   1.115E+03   2.514E+02
   1.119E+03   2.489E+02
   1.123E+03   2.467E+02
   1.126E+03   2.442E+02
   1.130E+03   2.418E+02
   1.134E+03   2.394E+02
   1.138E+03   2.365E+02
   1.142E+03   2.339E+02
   1.146E+03   2.311E+02
   1.149E+03   2.282E+02
   1.153E+03   2.253E+02
   1.157E+03   2.223E+02
   1.161E+03   2.194E+02
   1.165E+03   2.163E+02
   1.169E+03   2.132E+02
   1.172E+03   2.097E+02
   1.176E+03   2.063E+02
   1.180E+03   2.029E+02
   1.184E+03   1.996E+02
   1.188E+03   1.960E+02
   1.191E+03   1.921E+02
   1.195E+03   1.885E+02
   1.199E+03   1.848E+02
   1.203E+03   1.809E+02
   1.207E+03   1.771E+02
   1.211E+03   1.731E+02
   1.214E+03   1.693E+02
   1.218E+03   1.655E+02
   1.222E+03   1.614E+02
   1.226E+03   1.574E+02
   1.230E+03   1.532E+02
   1.234E+03   1.490E+02
   1.237E+03   1.447E+02
   1.241E+03   1.405E+02
   1.245E+03   1.363E+02
   1.249E+03   1.319E+02
   1.253E+03   1.275E+02
   1.257E+03   1.232E+02
   1.260E+03   1.188E+02
   1.264E+03   1.144E+02
   1.268E+03   1.102E+02
   1.272E+03   1.058E+02
   1.276E+03   1.013E+02
   1.280E+03   9.685E+01
   1.283E+03   9.245E+01
   1.287E+03   8.822E+01
   1.291E+03   8.389E+01
   1.295E+03   7.975E+01
   1.299E+03   7.564E+01
   1.302E+03   7.155E+01
   1.306E+03   6.757E+01
   1.310E+03   6.370E+01
   1.314E+03   5.992E+01
   1.318E+03   5.621E+01
   1.322E+03   5.248E+01
   1.325E+03   4.910E+01
   1.329E+03   4.576E+01
   1.333E+03   4.246E+01
   1.337E+03   3.919E+01
   1.341E+03   3.594E+01
   1.345E+03   3.290E+01
   1.348E+03   3.006E+01
   1.352E+03   2.750E+01
   1.356E+03   2.504E+01
   1.360E+03   2.257E+01
   1.364E+03   2.009E+01
   1.368E+03   1.795E+01
   1.371E+03   1.600E+01
   1.375E+03   1.432E+01
   1.379E+03   1.281E+01
   1.383E+03   1.150E+01
   1.387E+03   1.038E+01
   1.391E+03   9.425E+00
   1.394E+03   8.839E+00
   1.398E+03   8.505E+00
   1.402E+03   8.387E+00
   1.406E+03   8.533E+00
   1.410E+03   8.833E+00
   1.413E+03   9.549E+00
   1.417E+03   1.043E+01
   1.421E+03   1.137E+01
   1.425E+03   1.230E+01
   1.429E+03   1.343E+01
   1.433E+03   1.471E+01
   1.436E+03   1.598E+01
   1.440E+03   1.722E+01
   1.444E+03   1.842E+01
   1.448E+03   1.965E+01
   1.452E+03   2.075E+01
   1.456E+03   2.173E+01
   1.459E+03   2.270E+01
   1.463E+03   2.361E+01
   1.467E+03   2.441E+01
   1.471E+03   2.518E+01
   1.475E+03   2.590E+01
   1.479E+03   2.654E+01
   1.482E+03   2.710E+01
   1.486E+03   2.756E+01
   1.490E+03   2.792E+01
   1.494E+03   2.828E+01
   1.498E+03   2.861E+01
   1.501E+03   2.893E+01
   1.505E+03   2.924E+01
   1.509E+03   2.952E+01
   1.513E+03   2.978E+01
   1.517E+03   2.995E+01
   1.521E+03   3.011E+01
   1.524E+03   3.015E+01
   1.528E+03   3.021E+01
   1.532E+03   3.021E+01
   1.536E+03   3.020E+01
   1.540E+03   3.016E+01
   1.544E+03   3.008E+01
   1.547E+03   3.005E+01
   1.551E+03   2.992E+01
   1.555E+03   2.973E+01
   1.559E+03   2.953E+01
   1.563E+03   2.931E+01
   1.567E+03   2.908E+01
   1.570E+03   2.880E+01
   1.574E+03   2.845E+01
   1.578E+03   2.811E+01
   1.582E+03   2.772E+01
   1.586E+03   2.738E+01
   1.590E+03   2.708E+01
   1.593E+03   2.673E+01
   1.597E+03   2.635E+01
   1.601E+03   2.598E+01
   1.605E+03   2.569E+01
   1.609E+03   2.544E+01
   1.612E+03   2.503E+01
   1.616E+03   2.468E+01
   1.620E+03   2.427E+01
   1.624E+03   2.387E+01
   1.628E+03   2.350E+01
   1.632E+03   2.310E+01
   1.635E+03   2.260E+01
   1.639E+03   2.219E+01
   1.643E+03   2.174E+01
   1.647E+03   2.129E+01
   1.651E+03   2.082E+01
   1.655E+03   2.033E+01
   1.658E+03   1.976E+01
   1.662E+03   1.919E+01
   1.666E+03   1.892E+01
   1.670E+03   1.842E+01
   1.674E+03   1.798E+01
   1.678E+03   1.769E+01
   1.681E+03   1.751E+01
   1.685E+03   1.712E+01
   1.689E+03   1.651E+01
   1.693E+03   1.586E+01
   1.697E+03   1.526E+01
   1.700E+03   1.483E+01
   1.704E+03   1.416E+01
   1.708E+03   1.378E+01
   1.712E+03   1.337E+01
   1.716E+03   1.298E+01
   1.720E+03   1.196E+01
   1.723E+03   1.129E+01
   1.727E+03   1.136E+01
   1.731E+03   1.173E+01
   1.735E+03   1.139E+01
   1.739E+03   1.119E+01
   1.743E+03   1.051E+01
   1.746E+03   7.921E+00
   1.750E+03   7.301E+00
   1.754E+03   0.000E+00
   1.758E+03   0.000E+00
   1.762E+03   0.000E+00
   1.766E+03   0.000E+00
   1.769E+03   0.000E+00
   1.773E+03   0.000E+00
   1.777E+03   0.000E+00
   1.781E+03   0.000E+00
   1.785E+03   0.000E+00
   1.789E+03   0.000E+00
   1.792E+03   0.000E+00
   1.796E+03   0.000E+00
   1.800E+03   0.000E+00
