   2.730E+02   9.617E+00
   2.768E+02   8.412E+00
   2.807E+02   7.401E+00
   2.845E+02   6.467E+00
   2.883E+02   5.440E+00
   2.921E+02   3.829E+00
   2.960E+02   8.364E-02
   2.998E+02   5.673E+00
   3.036E+02   1.167E+01
   3.074E+02   1.717E+01
   3.113E+02   2.247E+01
   3.151E+02   2.768E+01
   3.189E+02   3.272E+01
   3.228E+02   3.769E+01
   3.266E+02   4.252E+01
   3.304E+02   4.725E+01
   3.342E+02   5.190E+01
   3.381E+02   5.639E+01
   3.419E+02   6.088E+01
   3.457E+02   6.527E+01
   3.495E+02   6.950E+01
   3.534E+02   7.379E+01
   3.572E+02   7.795E+01
   3.610E+02   8.212E+01
   3.648E+02   8.625E+01
   3.687E+02   9.017E+01
   3.725E+02   9.406E+01
   3.763E+02   9.789E+01
   3.802E+02   1.018E+02
   3.840E+02   1.057E+02
   3.878E+02   1.093E+02
   3.916E+02   1.131E+02
   3.955E+02   1.168E+02
   3.993E+02   1.203E+02
   4.031E+02   1.240E+02
   4.069E+02   1.273E+02
   4.108E+02   1.308E+02
   4.146E+02   1.343E+02
   4.184E+02   1.376E+02
   4.223E+02   1.409E+02
   4.261E+02   1.443E+02
   4.299E+02   1.475E+02
   4.337E+02   1.505E+02
   4.376E+02   1.540E+02
   4.414E+02   1.568E+02
   4.452E+02   1.599E+02
   4.490E+02   1.629E+02
   4.529E+02   1.659E+02
   4.567E+02   1.688E+02
   4.605E+02   1.717E+02
   4.644E+02   1.745E+02
   4.682E+02   1.774E+02
   4.720E+02   1.804E+02
   4.758E+02   1.830E+02
   4.797E+02   1.858E+02
   4.835E+02   1.886E+02
   4.873E+02   1.912E+02
   4.911E+02   1.939E+02
   4.950E+02   1.963E+02
   4.988E+02   1.988E+02
   5.026E+02   2.014E+02
   5.065E+02   2.038E+02
   5.103E+02   2.065E+02
   5.141E+02   2.087E+02
   5.179E+02   2.114E+02
   5.218E+02   2.135E+02
   5.256E+02   2.158E+02
   5.294E+02   2.181E+02
   5.332E+02   2.206E+02
   5.371E+02   2.227E+02
   5.409E+02   2.249E+02
   5.447E+02   2.271E+02
   5.485E+02   2.291E+02
   5.524E+02   2.314E+02
   5.562E+02   2.334E+02
   5.600E+02   2.352E+02
   5.639E+02   2.373E+02
   5.677E+02   2.395E+02
   5.715E+02   2.415E+02
   5.753E+02   2.431E+02
   5.792E+02   2.454E+02
   5.830E+02   2.472E+02
   5.868E+02   2.490E+02
   5.906E+02   2.507E+02
   5.945E+02   2.523E+02
   5.983E+02   2.542E+02
   6.021E+02   2.559E+02
   6.060E+02   2.576E+02
   6.098E+02   2.593E+02
   6.136E+02   2.610E+02
   6.174E+02   2.625E+02
   6.213E+02   2.638E+02
   6.251E+02   2.652E+02
   6.289E+02   2.668E+02
   6.327E+02   2.684E+02
   6.366E+02   2.696E+02
   6.404E+02   2.714E+02
   6.442E+02   2.724E+02
   6.481E+02   2.737E+02
   6.519E+02   2.751E+02
   6.557E+02   2.763E+02
   6.595E+02   2.775E+02
   6.634E+02   2.785E+02
   6.672E+02   2.797E+02
   6.710E+02   2.807E+02
   6.748E+02   2.820E+02
   6.787E+02   2.832E+02
   6.825E+02   2.841E+02
   6.863E+02   2.851E+02
   6.902E+02   2.862E+02
   6.940E+02   2.872E+02
   6.978E+02   2.878E+02
   7.016E+02   2.890E+02
   7.055E+02   2.898E+02
   7.093E+02   2.905E+02
   7.131E+02   2.916E+02
   7.169E+02   2.922E+02
   7.208E+02   2.930E+02
   7.246E+02   2.936E+02
   7.284E+02   2.942E+02
   7.322E+02   2.951E+02
   7.361E+02   2.959E+02
   7.399E+02   2.962E+02
   7.437E+02   2.970E+02
   7.476E+02   2.973E+02
   7.514E+02   2.979E+02
   7.552E+02   2.986E+02
   7.590E+02   2.991E+02
   7.629E+02   2.996E+02
   7.667E+02   3.000E+02
   7.705E+02   3.004E+02
   7.743E+02   3.009E+02
   7.782E+02   3.011E+02
   7.820E+02   3.015E+02
   7.858E+02   3.018E+02
   7.897E+02   3.023E+02
   7.935E+02   3.025E+02
   7.973E+02   3.027E+02
   8.011E+02   3.029E+02
   8.050E+02   3.030E+02
   8.088E+02   3.033E+02
   8.126E+02   3.036E+02
   8.164E+02   3.037E+02
   8.203E+02   3.040E+02
   8.241E+02   3.040E+02
   8.279E+02   3.042E+02
   8.318E+02   3.042E+02
   8.356E+02   3.044E+02
   8.394E+02   3.041E+02
   8.432E+02   3.040E+02
   8.471E+02   3.041E+02
   8.509E+02   3.040E+02
   8.547E+02   3.042E+02
   8.585E+02   3.040E+02
   8.624E+02   3.037E+02
   8.662E+02   3.036E+02
   8.700E+02   3.037E+02
   8.738E+02   3.033E+02
   8.777E+02   3.031E+02
   8.815E+02   3.029E+02
   8.853E+02   3.025E+02
   8.892E+02   3.019E+02
   8.930E+02   3.019E+02
   8.968E+02   3.014E+02
   9.006E+02   3.010E+02
   9.045E+02   3.008E+02
   9.083E+02   3.001E+02
   9.121E+02   2.999E+02
   9.159E+02   2.991E+02
   9.198E+02   2.988E+02
   9.236E+02   2.984E+02
   9.274E+02   2.978E+02
   9.313E+02   2.973E+02
   9.351E+02   2.965E+02
   9.389E+02   2.960E+02
   9.427E+02   2.953E+02
   9.466E+02   2.947E+02
   9.504E+02   2.938E+02
   9.542E+02   2.930E+02
   9.580E+02   2.924E+02
   9.619E+02   2.919E+02
   9.657E+02   2.908E+02
   9.695E+02   2.899E+02
   9.734E+02   2.891E+02
   9.772E+02   2.881E+02
   9.810E+02   2.874E+02
   9.848E+02   2.859E+02
   9.887E+02   2.853E+02
   9.925E+02   2.842E+02
   9.963E+02   2.828E+02
   1.000E+03   2.817E+02
   1.004E+03   2.810E+02
   1.008E+03   2.796E+02
   1.012E+03   2.783E+02
   1.015E+03   2.773E+02
   1.019E+03   2.757E+02
   1.023E+03   2.744E+02
   1.027E+03   2.731E+02
   1.031E+03   2.715E+02
   1.035E+03   2.698E+02
   1.038E+03   2.686E+02
   1.042E+03   2.670E+02
   1.046E+03   2.655E+02
   1.050E+03   2.637E+02
   1.054E+03   2.623E+02
   1.058E+03   2.605E+02
   1.061E+03   2.587E+02
   1.065E+03   2.566E+02
   1.069E+03   2.549E+02
   1.073E+03   2.531E+02
   1.077E+03   2.511E+02
   1.081E+03   2.492E+02
   1.084E+03   2.471E+02
   1.088E+03   2.449E+02
   1.092E+03   2.429E+02
   1.096E+03   2.408E+02
   1.100E+03   2.383E+02
   1.103E+03   2.360E+02
   1.107E+03   2.337E+02
   1.111E+03   2.314E+02
   1.115E+03   2.291E+02
   1.119E+03   2.264E+02
   1.123E+03   2.239E+02
   1.126E+03   2.212E+02
   1.130E+03   2.187E+02
   1.134E+03   2.160E+02
   1.138E+03   2.130E+02
   1.142E+03   2.102E+02
   1.146E+03   2.073E+02
   1.149E+03   2.044E+02
   1.153E+03   2.013E+02
   1.157E+03   1.983E+02
   1.161E+03   1.953E+02
   1.165E+03   1.922E+02
   1.169E+03   1.890E+02
   1.172E+03   1.855E+02
   1.176E+03   1.822E+02
   1.180E+03   1.789E+02
   1.184E+03   1.755E+02
   1.188E+03   1.720E+02
   1.191E+03   1.683E+02
   1.195E+03   1.648E+02
   1.199E+03   1.612E+02
   1.203E+03   1.575E+02
   1.207E+03   1.539E+02
   1.211E+03   1.502E+02
   1.214E+03   1.465E+02
   1.218E+03   1.429E+02
   1.222E+03   1.392E+02
   1.226E+03   1.354E+02
   1.230E+03   1.315E+02
   1.234E+03   1.277E+02
   1.237E+03   1.237E+02
   1.241E+03   1.199E+02
   1.245E+03   1.161E+02
   1.249E+03   1.121E+02
   1.253E+03   1.082E+02
   1.257E+03   1.043E+02
   1.260E+03   1.004E+02
   1.264E+03   9.648E+01
   1.268E+03   9.275E+01
   1.272E+03   8.887E+01
   1.276E+03   8.491E+01
   1.280E+03   8.104E+01
   1.283E+03   7.720E+01
   1.287E+03   7.352E+01
   1.291E+03   6.978E+01
   1.295E+03   6.620E+01
   1.299E+03   6.266E+01
   1.302E+03   5.914E+01
   1.306E+03   5.574E+01
   1.310E+03   5.244E+01
   1.314E+03   4.923E+01
   1.318E+03   4.608E+01
   1.322E+03   4.293E+01
   1.325E+03   4.008E+01
   1.329E+03   3.728E+01
   1.333E+03   3.452E+01
   1.337E+03   3.179E+01
   1.341E+03   2.909E+01
   1.345E+03   2.657E+01
   1.348E+03   2.422E+01
   1.352E+03   2.211E+01
   1.356E+03   2.009E+01
   1.360E+03   1.806E+01
   1.364E+03   1.604E+01
   1.368E+03   1.430E+01
   1.371E+03   1.271E+01
   1.375E+03   1.135E+01
   1.379E+03   1.013E+01
   1.383E+03   9.070E+00
   1.387E+03   8.173E+00
   1.391E+03   7.408E+00
   1.394E+03   6.933E+00
   1.398E+03   6.661E+00
   1.402E+03   6.565E+00
   1.406E+03   6.677E+00
   1.410E+03   6.915E+00
   1.413E+03   7.482E+00
   1.417E+03   8.186E+00
   1.421E+03   8.929E+00
   1.425E+03   9.676E+00
   1.429E+03   1.058E+01
   1.433E+03   1.159E+01
   1.436E+03   1.261E+01
   1.440E+03   1.359E+01
   1.444E+03   1.454E+01
   1.448E+03   1.551E+01
   1.452E+03   1.638E+01
   1.456E+03   1.714E+01
   1.459E+03   1.790E+01
   1.463E+03   1.861E+01
   1.467E+03   1.923E+01
   1.471E+03   1.982E+01
   1.475E+03   2.037E+01
   1.479E+03   2.086E+01
   1.482E+03   2.127E+01
   1.486E+03   2.161E+01
   1.490E+03   2.185E+01
   1.494E+03   2.209E+01
   1.498E+03   2.232E+01
   1.501E+03   2.253E+01
   1.505E+03   2.272E+01
   1.509E+03   2.290E+01
   1.513E+03   2.306E+01
   1.517E+03   2.315E+01
   1.521E+03   2.322E+01
   1.524E+03   2.321E+01
   1.528E+03   2.320E+01
   1.532E+03   2.316E+01
   1.536E+03   2.310E+01
   1.540E+03   2.301E+01
   1.544E+03   2.290E+01
   1.547E+03   2.282E+01
   1.551E+03   2.267E+01
   1.555E+03   2.248E+01
   1.559E+03   2.228E+01
   1.563E+03   2.207E+01
   1.567E+03   2.186E+01
   1.570E+03   2.161E+01
   1.574E+03   2.131E+01
   1.578E+03   2.101E+01
   1.582E+03   2.067E+01
   1.586E+03   2.035E+01
   1.590E+03   2.007E+01
   1.593E+03   1.976E+01
   1.597E+03   1.942E+01
   1.601E+03   1.911E+01
   1.605E+03   1.884E+01
   1.609E+03   1.861E+01
   1.612E+03   1.827E+01
   1.616E+03   1.800E+01
   1.620E+03   1.768E+01
   1.624E+03   1.735E+01
   1.628E+03   1.705E+01
   1.632E+03   1.673E+01
   1.635E+03   1.634E+01
   1.639E+03   1.600E+01
   1.643E+03   1.567E+01
   1.647E+03   1.535E+01
   1.651E+03   1.498E+01
   1.655E+03   1.460E+01
   1.658E+03   1.416E+01
   1.662E+03   1.373E+01
   1.666E+03   1.348E+01
   1.670E+03   1.310E+01
   1.674E+03   1.272E+01
   1.678E+03   1.247E+01
   1.681E+03   1.237E+01
   1.685E+03   1.211E+01
   1.689E+03   1.165E+01
   1.693E+03   1.118E+01
   1.697E+03   1.072E+01
   1.700E+03   1.028E+01
   1.704E+03   9.990E+00
   1.708E+03   9.614E+00
   1.712E+03   9.212E+00
   1.716E+03   8.994E+00
   1.720E+03   8.486E+00
   1.723E+03   8.004E+00
   1.727E+03   8.027E+00
   1.731E+03   8.137E+00
   1.735E+03   7.578E+00
   1.739E+03   7.347E+00
   1.743E+03   6.866E+00
   1.746E+03   5.913E+00
   1.750E+03   5.595E+00
   1.754E+03   0.000E+00
   1.758E+03   0.000E+00
   1.762E+03   0.000E+00
   1.766E+03   0.000E+00
   1.769E+03   0.000E+00
   1.773E+03   0.000E+00
   1.777E+03   0.000E+00
   1.781E+03   0.000E+00
   1.785E+03   0.000E+00
   1.789E+03   0.000E+00
   1.792E+03   0.000E+00
   1.796E+03   0.000E+00
   1.800E+03   0.000E+00
