   2.730E+02   5.815E-02
   2.768E+02   3.647E-02
   2.807E+02   2.255E-02
   2.845E+02   1.353E-02
   2.883E+02   8.597E-03
   2.921E+02   4.936E-03
   2.960E+02   2.959E-05
   2.998E+02   9.513E-04
   3.036E+02   1.581E-03
   3.074E+02   2.132E-03
   3.113E+02   2.727E-03
   3.151E+02   3.425E-03
   3.189E+02   4.242E-03
   3.228E+02   5.198E-03
   3.266E+02   6.300E-03
   3.304E+02   7.580E-03
   3.342E+02   9.051E-03
   3.381E+02   1.065E-02
   3.419E+02   1.253E-02
   3.457E+02   1.455E-02
   3.495E+02   1.673E-02
   3.534E+02   1.926E-02
   3.572E+02   2.200E-02
   3.610E+02   2.499E-02
   3.648E+02   2.829E-02
   3.687E+02   3.170E-02
   3.725E+02   3.546E-02
   3.763E+02   3.939E-02
   3.802E+02   4.384E-02
   3.840E+02   4.840E-02
   3.878E+02   5.329E-02
   3.916E+02   5.862E-02
   3.955E+02   6.407E-02
   3.993E+02   7.000E-02
   4.031E+02   7.626E-02
   4.069E+02   8.278E-02
   4.108E+02   8.965E-02
   4.146E+02   9.695E-02
   4.184E+02   1.047E-01
   4.223E+02   1.129E-01
   4.261E+02   1.211E-01
   4.299E+02   1.300E-01
   4.337E+02   1.389E-01
   4.376E+02   1.491E-01
   4.414E+02   1.588E-01
   4.452E+02   1.692E-01
   4.490E+02   1.803E-01
   4.529E+02   1.917E-01
   4.567E+02   2.034E-01
   4.605E+02   2.161E-01
   4.644E+02   2.285E-01
   4.682E+02   2.421E-01
   4.720E+02   2.558E-01
   4.758E+02   2.701E-01
   4.797E+02   2.850E-01
   4.835E+02   3.006E-01
   4.873E+02   3.160E-01
   4.911E+02   3.333E-01
   4.950E+02   3.492E-01
   4.988E+02   3.671E-01
   5.026E+02   3.854E-01
   5.065E+02   4.030E-01
   5.103E+02   4.235E-01
   5.141E+02   4.422E-01
   5.179E+02   4.641E-01
   5.218E+02   4.844E-01
   5.256E+02   5.061E-01
   5.294E+02   5.283E-01
   5.332E+02   5.526E-01
   5.371E+02   5.759E-01
   5.409E+02   6.006E-01
   5.447E+02   6.250E-01
   5.485E+02   6.505E-01
   5.524E+02   6.778E-01
   5.562E+02   7.044E-01
   5.600E+02   7.316E-01
   5.639E+02   7.605E-01
   5.677E+02   7.921E-01
   5.715E+02   8.217E-01
   5.753E+02   8.506E-01
   5.792E+02   8.858E-01
   5.830E+02   9.181E-01
   5.868E+02   9.512E-01
   5.906E+02   9.869E-01
   5.945E+02   1.020E+00
   5.983E+02   1.057E+00
   6.021E+02   1.095E+00
   6.060E+02   1.131E+00
   6.098E+02   1.170E+00
   6.136E+02   1.212E+00
   6.174E+02   1.252E+00
   6.213E+02   1.292E+00
   6.251E+02   1.332E+00
   6.289E+02   1.379E+00
   6.327E+02   1.424E+00
   6.366E+02   1.467E+00
   6.404E+02   1.518E+00
   6.442E+02   1.561E+00
   6.481E+02   1.610E+00
   6.519E+02   1.660E+00
   6.557E+02   1.711E+00
   6.595E+02   1.762E+00
   6.634E+02   1.812E+00
   6.672E+02   1.866E+00
   6.710E+02   1.920E+00
   6.748E+02   1.978E+00
   6.787E+02   2.036E+00
   6.825E+02   2.092E+00
   6.863E+02   2.150E+00
   6.902E+02   2.212E+00
   6.940E+02   2.274E+00
   6.978E+02   2.334E+00
   7.016E+02   2.400E+00
   7.055E+02   2.463E+00
   7.093E+02   2.527E+00
   7.131E+02   2.598E+00
   7.169E+02   2.663E+00
   7.208E+02   2.733E+00
   7.246E+02   2.803E+00
   7.284E+02   2.871E+00
   7.322E+02   2.949E+00
   7.361E+02   3.023E+00
   7.399E+02   3.093E+00
   7.437E+02   3.171E+00
   7.476E+02   3.245E+00
   7.514E+02   3.322E+00
   7.552E+02   3.408E+00
   7.590E+02   3.488E+00
   7.629E+02   3.570E+00
   7.667E+02   3.651E+00
   7.705E+02   3.734E+00
   7.743E+02   3.819E+00
   7.782E+02   3.902E+00
   7.820E+02   3.990E+00
   7.858E+02   4.077E+00
   7.897E+02   4.170E+00
   7.935E+02   4.257E+00
   7.973E+02   4.348E+00
   8.011E+02   4.437E+00
   8.050E+02   4.527E+00
   8.088E+02   4.623E+00
   8.126E+02   4.719E+00
   8.164E+02   4.813E+00
   8.203E+02   4.912E+00
   8.241E+02   5.007E+00
   8.279E+02   5.106E+00
   8.318E+02   5.203E+00
   8.356E+02   5.303E+00
   8.394E+02   5.395E+00
   8.432E+02   5.493E+00
   8.471E+02   5.595E+00
   8.509E+02   5.693E+00
   8.547E+02   5.799E+00
   8.585E+02   5.898E+00
   8.624E+02   5.995E+00
   8.662E+02   6.096E+00
   8.700E+02   6.204E+00
   8.738E+02   6.300E+00
   8.777E+02   6.401E+00
   8.815E+02   6.502E+00
   8.853E+02   6.599E+00
   8.892E+02   6.693E+00
   8.930E+02   6.802E+00
   8.968E+02   6.895E+00
   9.006E+02   6.990E+00
   9.045E+02   7.095E+00
   9.083E+02   7.185E+00
   9.121E+02   7.288E+00
   9.159E+02   7.375E+00
   9.198E+02   7.473E+00
   9.236E+02   7.573E+00
   9.274E+02   7.663E+00
   9.313E+02   7.758E+00
   9.351E+02   7.843E+00
   9.389E+02   7.935E+00
   9.427E+02   8.020E+00
   9.466E+02   8.108E+00
   9.504E+02   8.188E+00
   9.542E+02   8.266E+00
   9.580E+02   8.352E+00
   9.619E+02   8.440E+00
   9.657E+02   8.506E+00
   9.695E+02   8.581E+00
   9.734E+02   8.655E+00
   9.772E+02   8.722E+00
   9.810E+02   8.797E+00
   9.848E+02   8.845E+00
   9.887E+02   8.923E+00
   9.925E+02   8.981E+00
   9.963E+02   9.025E+00
   1.000E+03   9.081E+00
   1.004E+03   9.141E+00
   1.008E+03   9.182E+00
   1.012E+03   9.223E+00
   1.015E+03   9.273E+00
   1.019E+03   9.301E+00
   1.023E+03   9.335E+00
   1.027E+03   9.371E+00
   1.031E+03   9.386E+00
   1.035E+03   9.401E+00
   1.038E+03   9.433E+00
   1.042E+03   9.446E+00
   1.046E+03   9.455E+00
   1.050E+03   9.454E+00
   1.054E+03   9.469E+00
   1.058E+03   9.462E+00
   1.061E+03   9.453E+00
   1.065E+03   9.431E+00
   1.069E+03   9.419E+00
   1.073E+03   9.402E+00
   1.077E+03   9.376E+00
   1.081E+03   9.349E+00
   1.084E+03   9.313E+00
   1.088E+03   9.268E+00
   1.092E+03   9.227E+00
   1.096E+03   9.181E+00
   1.100E+03   9.118E+00
   1.103E+03   9.060E+00
   1.107E+03   8.994E+00
   1.111E+03   8.928E+00
   1.115E+03   8.862E+00
   1.119E+03   8.773E+00
   1.123E+03   8.691E+00
   1.126E+03   8.599E+00
   1.130E+03   8.509E+00
   1.134E+03   8.414E+00
   1.138E+03   8.298E+00
   1.142E+03   8.191E+00
   1.146E+03   8.076E+00
   1.149E+03   7.956E+00
   1.153E+03   7.829E+00
   1.157E+03   7.703E+00
   1.161E+03   7.574E+00
   1.165E+03   7.441E+00
   1.169E+03   7.303E+00
   1.172E+03   7.148E+00
   1.176E+03   6.998E+00
   1.180E+03   6.849E+00
   1.184E+03   6.696E+00
   1.188E+03   6.535E+00
   1.191E+03   6.366E+00
   1.195E+03   6.202E+00
   1.199E+03   6.037E+00
   1.203E+03   5.865E+00
   1.207E+03   5.697E+00
   1.211E+03   5.524E+00
   1.214E+03   5.352E+00
   1.218E+03   5.184E+00
   1.222E+03   5.011E+00
   1.226E+03   4.836E+00
   1.230E+03   4.660E+00
   1.234E+03   4.486E+00
   1.237E+03   4.305E+00
   1.241E+03   4.136E+00
   1.245E+03   3.965E+00
   1.249E+03   3.790E+00
   1.253E+03   3.618E+00
   1.257E+03   3.452E+00
   1.260E+03   3.283E+00
   1.264E+03   3.118E+00
   1.268E+03   2.962E+00
   1.272E+03   2.803E+00
   1.276E+03   2.643E+00
   1.280E+03   2.489E+00
   1.283E+03   2.338E+00
   1.287E+03   2.195E+00
   1.291E+03   2.052E+00
   1.295E+03   1.917E+00
   1.299E+03   1.786E+00
   1.302E+03   1.657E+00
   1.306E+03   1.535E+00
   1.310E+03   1.419E+00
   1.314E+03   1.309E+00
   1.318E+03   1.201E+00
   1.322E+03   1.097E+00
   1.325E+03   1.004E+00
   1.329E+03   9.133E-01
   1.333E+03   8.262E-01
   1.337E+03   7.431E-01
   1.341E+03   6.627E-01
   1.345E+03   5.890E-01
   1.348E+03   5.219E-01
   1.352E+03   4.623E-01
   1.356E+03   4.070E-01
   1.360E+03   3.540E-01
   1.364E+03   3.032E-01
   1.368E+03   2.601E-01
   1.371E+03   2.222E-01
   1.375E+03   1.905E-01
   1.379E+03   1.634E-01
   1.383E+03   1.405E-01
   1.387E+03   1.221E-01
   1.391E+03   1.071E-01
   1.394E+03   9.805E-02
   1.398E+03   9.336E-02
   1.402E+03   9.262E-02
   1.406E+03   9.626E-02
   1.410E+03   1.032E-01
   1.413E+03   1.168E-01
   1.417E+03   1.348E-01
   1.421E+03   1.555E-01
   1.425E+03   1.784E-01
   1.429E+03   2.066E-01
   1.433E+03   2.399E-01
   1.436E+03   2.757E-01
   1.440E+03   3.132E-01
   1.444E+03   3.527E-01
   1.448E+03   3.950E-01
   1.452E+03   4.369E-01
   1.456E+03   4.784E-01
   1.459E+03   5.216E-01
   1.463E+03   5.653E-01
   1.467E+03   6.094E-01
   1.471E+03   6.548E-01
   1.475E+03   7.011E-01
   1.479E+03   7.462E-01
   1.482E+03   7.903E-01
   1.486E+03   8.333E-01
   1.490E+03   8.748E-01
   1.494E+03   9.184E-01
   1.498E+03   9.619E-01
   1.501E+03   1.007E+00
   1.505E+03   1.055E+00
   1.509E+03   1.102E+00
   1.513E+03   1.148E+00
   1.517E+03   1.192E+00
   1.521E+03   1.236E+00
   1.524E+03   1.278E+00
   1.528E+03   1.323E+00
   1.532E+03   1.364E+00
   1.536E+03   1.404E+00
   1.540E+03   1.446E+00
   1.544E+03   1.484E+00
   1.547E+03   1.520E+00
   1.551E+03   1.553E+00
   1.555E+03   1.582E+00
   1.559E+03   1.607E+00
   1.563E+03   1.632E+00
   1.567E+03   1.656E+00
   1.570E+03   1.678E+00
   1.574E+03   1.696E+00
   1.578E+03   1.713E+00
   1.582E+03   1.728E+00
   1.586E+03   1.746E+00
   1.590E+03   1.761E+00
   1.593E+03   1.777E+00
   1.597E+03   1.787E+00
   1.601E+03   1.798E+00
   1.605E+03   1.809E+00
   1.609E+03   1.824E+00
   1.612E+03   1.827E+00
   1.616E+03   1.830E+00
   1.620E+03   1.829E+00
   1.624E+03   1.833E+00
   1.628E+03   1.832E+00
   1.632E+03   1.827E+00
   1.635E+03   1.817E+00
   1.639E+03   1.804E+00
   1.643E+03   1.790E+00
   1.647E+03   1.775E+00
   1.651E+03   1.749E+00
   1.655E+03   1.729E+00
   1.658E+03   1.702E+00
   1.662E+03   1.672E+00
   1.666E+03   1.666E+00
   1.670E+03   1.647E+00
   1.674E+03   1.626E+00
   1.678E+03   1.619E+00
   1.681E+03   1.623E+00
   1.685E+03   1.587E+00
   1.689E+03   1.540E+00
   1.693E+03   1.498E+00
   1.697E+03   1.451E+00
   1.700E+03   1.424E+00
   1.704E+03   1.356E+00
   1.708E+03   1.329E+00
   1.712E+03   1.323E+00
   1.716E+03   1.303E+00
   1.720E+03   1.202E+00
   1.723E+03   1.126E+00
   1.727E+03   1.095E+00
   1.731E+03   1.053E+00
   1.735E+03   1.046E+00
   1.739E+03   1.211E+00
   1.743E+03   1.260E+00
   1.746E+03   1.257E+00
   1.750E+03   1.260E+00
   1.754E+03   0.000E+00
   1.758E+03   0.000E+00
   1.762E+03   0.000E+00
   1.766E+03   0.000E+00
   1.769E+03   0.000E+00
   1.773E+03   0.000E+00
   1.777E+03   0.000E+00
   1.781E+03   0.000E+00
   1.785E+03   0.000E+00
   1.789E+03   0.000E+00
   1.792E+03   0.000E+00
   1.796E+03   0.000E+00
   1.800E+03   0.000E+00
