   1.500E-01   1.002E+01
   1.501E-01   0.000E+00
   1.503E-01   0.000E+00
   1.504E-01   0.000E+00
   1.505E-01   0.000E+00
   1.506E-01   0.000E+00
   1.508E-01   0.000E+00
   1.509E-01   0.000E+00
   1.510E-01   0.000E+00
   1.511E-01   0.000E+00
   1.513E-01   0.000E+00
   1.514E-01   0.000E+00
   1.515E-01   0.000E+00
   1.516E-01   0.000E+00
   1.518E-01   0.000E+00
   1.519E-01   0.000E+00
   1.520E-01   0.000E+00
   1.521E-01   0.000E+00
   1.523E-01   0.000E+00
   1.524E-01   0.000E+00
   1.525E-01   0.000E+00
   1.526E-01   0.000E+00
   1.528E-01   0.000E+00
   1.529E-01   0.000E+00
   1.530E-01   0.000E+00
   1.531E-01   0.000E+00
   1.533E-01   0.000E+00
   1.534E-01   0.000E+00
   1.535E-01   0.000E+00
   1.536E-01   0.000E+00
   1.538E-01   0.000E+00
   1.539E-01   0.000E+00
   1.540E-01   0.000E+00
   1.541E-01   0.000E+00
   1.543E-01   0.000E+00
   1.544E-01   0.000E+00
   1.545E-01   0.000E+00
   1.546E-01   0.000E+00
   1.548E-01   0.000E+00
   1.549E-01   0.000E+00
   1.550E-01   0.000E+00
   1.551E-01   0.000E+00
   1.553E-01   0.000E+00
   1.554E-01   0.000E+00
   1.555E-01   0.000E+00
   1.556E-01   0.000E+00
   1.558E-01   0.000E+00
   1.559E-01   0.000E+00
   1.560E-01   0.000E+00
   1.561E-01   0.000E+00
   1.563E-01   0.000E+00
   1.564E-01   0.000E+00
   1.565E-01   0.000E+00
   1.566E-01   0.000E+00
   1.568E-01   0.000E+00
   1.569E-01   0.000E+00
   1.570E-01   0.000E+00
   1.571E-01   0.000E+00
   1.573E-01   0.000E+00
   1.574E-01   0.000E+00
   1.575E-01   0.000E+00
   1.576E-01   0.000E+00
   1.578E-01   0.000E+00
   1.579E-01   0.000E+00
   1.580E-01   0.000E+00
   1.581E-01   0.000E+00
   1.583E-01   0.000E+00
   1.584E-01   0.000E+00
   1.585E-01   0.000E+00
   1.586E-01   0.000E+00
   1.588E-01   0.000E+00
   1.589E-01   0.000E+00
   1.590E-01   0.000E+00
   1.591E-01   0.000E+00
   1.593E-01   0.000E+00
   1.594E-01   0.000E+00
   1.595E-01   0.000E+00
   1.596E-01   0.000E+00
   1.598E-01   0.000E+00
   1.599E-01   0.000E+00
   1.600E-01   0.000E+00
   1.602E-01   0.000E+00
   1.603E-01   0.000E+00
   1.604E-01   0.000E+00
   1.605E-01   0.000E+00
   1.607E-01   0.000E+00
   1.608E-01   0.000E+00
   1.609E-01   0.000E+00
   1.610E-01   0.000E+00
   1.612E-01   0.000E+00
   1.613E-01   0.000E+00
   1.614E-01   0.000E+00
   1.615E-01   0.000E+00
   1.617E-01   0.000E+00
   1.618E-01   0.000E+00
   1.619E-01   0.000E+00
   1.620E-01   0.000E+00
   1.622E-01   0.000E+00
   1.623E-01   0.000E+00
   1.624E-01   0.000E+00
   1.625E-01   0.000E+00
   1.627E-01   0.000E+00
   1.628E-01   0.000E+00
   1.629E-01   0.000E+00
   1.630E-01   0.000E+00
   1.632E-01   0.000E+00
   1.633E-01   0.000E+00
   1.634E-01   0.000E+00
   1.635E-01   0.000E+00
   1.637E-01   0.000E+00
   1.638E-01   0.000E+00
   1.639E-01   0.000E+00
   1.640E-01   0.000E+00
   1.642E-01   0.000E+00
   1.643E-01   0.000E+00
   1.644E-01   0.000E+00
   1.645E-01   0.000E+00
   1.647E-01   0.000E+00
   1.648E-01   0.000E+00
   1.649E-01   0.000E+00
   1.650E-01   0.000E+00
   1.652E-01   0.000E+00
   1.653E-01   0.000E+00
   1.654E-01   0.000E+00
   1.655E-01   0.000E+00
   1.657E-01   0.000E+00
   1.658E-01   0.000E+00
   1.659E-01   0.000E+00
   1.660E-01   0.000E+00
   1.662E-01   0.000E+00
   1.663E-01   0.000E+00
   1.664E-01   0.000E+00
   1.665E-01   0.000E+00
   1.667E-01   0.000E+00
   1.668E-01   0.000E+00
   1.669E-01   0.000E+00
   1.670E-01   0.000E+00
   1.672E-01   0.000E+00
   1.673E-01   0.000E+00
   1.674E-01   0.000E+00
   1.675E-01   0.000E+00
   1.677E-01   0.000E+00
   1.678E-01   0.000E+00
   1.679E-01   0.000E+00
   1.680E-01   0.000E+00
   1.682E-01   0.000E+00
   1.683E-01   0.000E+00
   1.684E-01   0.000E+00
   1.685E-01   0.000E+00
   1.687E-01   0.000E+00
   1.688E-01   0.000E+00
   1.689E-01   0.000E+00
   1.690E-01   0.000E+00
   1.692E-01   0.000E+00
   1.693E-01   0.000E+00
   1.694E-01   0.000E+00
   1.695E-01   0.000E+00
   1.697E-01   0.000E+00
   1.698E-01   0.000E+00
   1.699E-01   0.000E+00
   1.701E-01   0.000E+00
   1.702E-01   0.000E+00
   1.703E-01   0.000E+00
   1.704E-01   0.000E+00
   1.706E-01   0.000E+00
   1.707E-01   0.000E+00
   1.708E-01   0.000E+00
   1.709E-01   0.000E+00
   1.711E-01   0.000E+00
   1.712E-01   0.000E+00
   1.713E-01   0.000E+00
   1.714E-01   0.000E+00
   1.716E-01   0.000E+00
   1.717E-01   0.000E+00
   1.718E-01   0.000E+00
   1.719E-01   0.000E+00
   1.721E-01   0.000E+00
   1.722E-01   0.000E+00
   1.723E-01   0.000E+00
   1.724E-01   0.000E+00
   1.726E-01   0.000E+00
   1.727E-01   0.000E+00
   1.728E-01   0.000E+00
   1.729E-01   0.000E+00
   1.731E-01   0.000E+00
   1.732E-01   0.000E+00
   1.733E-01   0.000E+00
   1.734E-01   0.000E+00
   1.736E-01   0.000E+00
   1.737E-01   0.000E+00
   1.738E-01   0.000E+00
   1.739E-01   0.000E+00
   1.741E-01   0.000E+00
   1.742E-01   0.000E+00
   1.743E-01   0.000E+00
   1.744E-01   0.000E+00
   1.746E-01   0.000E+00
   1.747E-01   0.000E+00
   1.748E-01   0.000E+00
   1.749E-01   0.000E+00
   1.751E-01   0.000E+00
   1.752E-01   0.000E+00
   1.753E-01   0.000E+00
   1.754E-01   0.000E+00
   1.756E-01   0.000E+00
   1.757E-01   0.000E+00
   1.758E-01   0.000E+00
   1.759E-01   0.000E+00
   1.761E-01   0.000E+00
   1.762E-01   0.000E+00
   1.763E-01   0.000E+00
   1.764E-01   0.000E+00
   1.766E-01   0.000E+00
   1.767E-01   0.000E+00
   1.768E-01   0.000E+00
   1.769E-01   0.000E+00
   1.771E-01   0.000E+00
   1.772E-01   0.000E+00
   1.773E-01   0.000E+00
   1.774E-01   0.000E+00
   1.776E-01   0.000E+00
   1.777E-01   0.000E+00
   1.778E-01   0.000E+00
   1.779E-01   0.000E+00
   1.781E-01   0.000E+00
   1.782E-01   0.000E+00
   1.783E-01   0.000E+00
   1.784E-01   0.000E+00
   1.786E-01   0.000E+00
   1.787E-01   0.000E+00
   1.788E-01   0.000E+00
   1.789E-01   0.000E+00
   1.791E-01   0.000E+00
   1.792E-01   0.000E+00
   1.793E-01   0.000E+00
   1.794E-01   0.000E+00
   1.796E-01   0.000E+00
   1.797E-01   0.000E+00
   1.798E-01   0.000E+00
   1.799E-01   0.000E+00
   1.801E-01   0.000E+00
   1.802E-01   0.000E+00
   1.803E-01   0.000E+00
   1.805E-01   0.000E+00
   1.806E-01   0.000E+00
   1.807E-01   0.000E+00
   1.808E-01   0.000E+00
   1.810E-01   0.000E+00
   1.811E-01   0.000E+00
   1.812E-01   0.000E+00
   1.813E-01   0.000E+00
   1.815E-01   0.000E+00
   1.816E-01   0.000E+00
   1.817E-01   0.000E+00
   1.818E-01   0.000E+00
   1.820E-01   0.000E+00
   1.821E-01   0.000E+00
   1.822E-01   0.000E+00
   1.823E-01   0.000E+00
   1.825E-01   0.000E+00
   1.826E-01   0.000E+00
   1.827E-01   0.000E+00
   1.828E-01   0.000E+00
   1.830E-01   0.000E+00
   1.831E-01   0.000E+00
   1.832E-01   0.000E+00
   1.833E-01   0.000E+00
   1.835E-01   0.000E+00
   1.836E-01   0.000E+00
   1.837E-01   0.000E+00
   1.838E-01   0.000E+00
   1.840E-01   0.000E+00
   1.841E-01   0.000E+00
   1.842E-01   0.000E+00
   1.843E-01   0.000E+00
   1.845E-01   0.000E+00
   1.846E-01   0.000E+00
   1.847E-01   0.000E+00
   1.848E-01   0.000E+00
   1.850E-01   0.000E+00
   1.851E-01   0.000E+00
   1.852E-01   0.000E+00
   1.853E-01   0.000E+00
   1.855E-01   0.000E+00
   1.856E-01   0.000E+00
   1.857E-01   0.000E+00
   1.858E-01   0.000E+00
   1.860E-01   0.000E+00
   1.861E-01   0.000E+00
   1.862E-01   0.000E+00
   1.863E-01   0.000E+00
   1.865E-01   0.000E+00
   1.866E-01   0.000E+00
   1.867E-01   0.000E+00
   1.868E-01   0.000E+00
   1.870E-01   0.000E+00
   1.871E-01   0.000E+00
   1.872E-01   0.000E+00
   1.873E-01   0.000E+00
   1.875E-01   0.000E+00
   1.876E-01   0.000E+00
   1.877E-01   0.000E+00
   1.878E-01   0.000E+00
   1.880E-01   0.000E+00
   1.881E-01   0.000E+00
   1.882E-01   0.000E+00
   1.883E-01   0.000E+00
   1.885E-01   0.000E+00
   1.886E-01   0.000E+00
   1.887E-01   0.000E+00
   1.888E-01   0.000E+00
   1.890E-01   0.000E+00
   1.891E-01   0.000E+00
   1.892E-01   0.000E+00
   1.893E-01   0.000E+00
   1.895E-01   0.000E+00
   1.896E-01   0.000E+00
   1.897E-01   0.000E+00
   1.898E-01   0.000E+00
   1.900E-01   0.000E+00
   1.901E-01   0.000E+00
   1.902E-01   0.000E+00
   1.904E-01   0.000E+00
   1.905E-01   0.000E+00
   1.906E-01   0.000E+00
   1.907E-01   0.000E+00
   1.909E-01   0.000E+00
   1.910E-01   0.000E+00
   1.911E-01   0.000E+00
   1.912E-01   0.000E+00
   1.914E-01   0.000E+00
   1.915E-01   0.000E+00
   1.916E-01   0.000E+00
   1.917E-01   0.000E+00
   1.919E-01   0.000E+00
   1.920E-01   0.000E+00
   1.921E-01   0.000E+00
   1.922E-01   0.000E+00
   1.924E-01   0.000E+00
   1.925E-01   0.000E+00
   1.926E-01   0.000E+00
   1.927E-01   0.000E+00
   1.929E-01   0.000E+00
   1.930E-01   0.000E+00
   1.931E-01   0.000E+00
   1.932E-01   0.000E+00
   1.934E-01   0.000E+00
   1.935E-01   0.000E+00
   1.936E-01   0.000E+00
   1.937E-01   0.000E+00
   1.939E-01   0.000E+00
   1.940E-01   0.000E+00
   1.941E-01   0.000E+00
   1.942E-01   0.000E+00
   1.944E-01   0.000E+00
   1.945E-01   0.000E+00
   1.946E-01   0.000E+00
   1.947E-01   0.000E+00
   1.949E-01   0.000E+00
   1.950E-01   0.000E+00
   1.951E-01   0.000E+00
   1.952E-01   0.000E+00
   1.954E-01   0.000E+00
   1.955E-01   0.000E+00
   1.956E-01   0.000E+00
   1.957E-01   0.000E+00
   1.959E-01   0.000E+00
   1.960E-01   0.000E+00
   1.961E-01   0.000E+00
   1.962E-01   0.000E+00
   1.964E-01   0.000E+00
   1.965E-01   0.000E+00
   1.966E-01   0.000E+00
   1.967E-01   0.000E+00
   1.969E-01   0.000E+00
   1.970E-01   0.000E+00
   1.971E-01   0.000E+00
   1.972E-01   0.000E+00
   1.974E-01   0.000E+00
   1.975E-01   0.000E+00
   1.976E-01   0.000E+00
   1.977E-01   0.000E+00
   1.979E-01   0.000E+00
   1.980E-01   0.000E+00
   1.981E-01   0.000E+00
   1.982E-01   0.000E+00
   1.984E-01   0.000E+00
   1.985E-01   0.000E+00
   1.986E-01   0.000E+00
   1.987E-01   0.000E+00
   1.989E-01   0.000E+00
   1.990E-01   0.000E+00
   1.991E-01   0.000E+00
   1.992E-01   0.000E+00
   1.994E-01   0.000E+00
   1.995E-01   0.000E+00
   1.996E-01   0.000E+00
   1.997E-01   0.000E+00
   1.999E-01   0.000E+00
   2.000E-01   0.000E+00
