   2.730E+02   1.053E+01
   2.768E+02   1.132E+01
   2.807E+02   1.155E+01
   2.845E+02   1.112E+01
   2.883E+02   9.847E+00
   2.921E+02   7.322E+00
   2.960E+02   6.748E-01
   2.998E+02   2.749E+00
   3.036E+02   4.187E+00
   3.074E+02   5.227E+00
   3.113E+02   6.106E+00
   3.151E+02   6.892E+00
   3.189E+02   7.589E+00
   3.228E+02   8.234E+00
   3.266E+02   8.815E+00
   3.304E+02   9.355E+00
   3.342E+02   9.866E+00
   3.381E+02   1.033E+01
   3.419E+02   1.078E+01
   3.457E+02   1.120E+01
   3.495E+02   1.158E+01
   3.534E+02   1.197E+01
   3.572E+02   1.233E+01
   3.610E+02   1.268E+01
   3.648E+02   1.301E+01
   3.687E+02   1.332E+01
   3.725E+02   1.361E+01
   3.763E+02   1.389E+01
   3.802E+02   1.417E+01
   3.840E+02   1.445E+01
   3.878E+02   1.470E+01
   3.916E+02   1.496E+01
   3.955E+02   1.520E+01
   3.993E+02   1.542E+01
   4.031E+02   1.566E+01
   4.069E+02   1.585E+01
   4.108E+02   1.605E+01
   4.146E+02   1.627E+01
   4.184E+02   1.645E+01
   4.223E+02   1.663E+01
   4.261E+02   1.681E+01
   4.299E+02   1.698E+01
   4.337E+02   1.714E+01
   4.376E+02   1.733E+01
   4.414E+02   1.745E+01
   4.452E+02   1.760E+01
   4.490E+02   1.774E+01
   4.529E+02   1.788E+01
   4.567E+02   1.802E+01
   4.605E+02   1.815E+01
   4.644E+02   1.828E+01
   4.682E+02   1.840E+01
   4.720E+02   1.852E+01
   4.758E+02   1.863E+01
   4.797E+02   1.875E+01
   4.835E+02   1.886E+01
   4.873E+02   1.895E+01
   4.911E+02   1.907E+01
   4.950E+02   1.916E+01
   4.988E+02   1.923E+01
   5.026E+02   1.934E+01
   5.065E+02   1.941E+01
   5.103E+02   1.952E+01
   5.141E+02   1.958E+01
   5.179E+02   1.968E+01
   5.218E+02   1.975E+01
   5.256E+02   1.981E+01
   5.294E+02   1.988E+01
   5.332E+02   1.997E+01
   5.371E+02   2.003E+01
   5.409E+02   2.008E+01
   5.447E+02   2.014E+01
   5.485E+02   2.020E+01
   5.524E+02   2.026E+01
   5.562E+02   2.031E+01
   5.600E+02   2.035E+01
   5.639E+02   2.040E+01
   5.677E+02   2.047E+01
   5.715E+02   2.052E+01
   5.753E+02   2.053E+01
   5.792E+02   2.060E+01
   5.830E+02   2.065E+01
   5.868E+02   2.067E+01
   5.906E+02   2.071E+01
   5.945E+02   2.073E+01
   5.983E+02   2.077E+01
   6.021E+02   2.079E+01
   6.060E+02   2.082E+01
   6.098E+02   2.085E+01
   6.136E+02   2.088E+01
   6.174E+02   2.090E+01
   6.213E+02   2.090E+01
   6.251E+02   2.091E+01
   6.289E+02   2.093E+01
   6.327E+02   2.096E+01
   6.366E+02   2.095E+01
   6.404E+02   2.099E+01
   6.442E+02   2.098E+01
   6.481E+02   2.098E+01
   6.519E+02   2.099E+01
   6.557E+02   2.099E+01
   6.595E+02   2.100E+01
   6.634E+02   2.097E+01
   6.672E+02   2.098E+01
   6.710E+02   2.096E+01
   6.748E+02   2.097E+01
   6.787E+02   2.096E+01
   6.825E+02   2.095E+01
   6.863E+02   2.094E+01
   6.902E+02   2.094E+01
   6.940E+02   2.092E+01
   6.978E+02   2.089E+01
   7.016E+02   2.090E+01
   7.055E+02   2.087E+01
   7.093E+02   2.085E+01
   7.131E+02   2.084E+01
   7.169E+02   2.080E+01
   7.208E+02   2.078E+01
   7.246E+02   2.075E+01
   7.284E+02   2.071E+01
   7.322E+02   2.070E+01
   7.361E+02   2.068E+01
   7.399E+02   2.063E+01
   7.437E+02   2.061E+01
   7.476E+02   2.057E+01
   7.514E+02   2.052E+01
   7.552E+02   2.050E+01
   7.590E+02   2.047E+01
   7.629E+02   2.044E+01
   7.667E+02   2.040E+01
   7.705E+02   2.036E+01
   7.743E+02   2.032E+01
   7.782E+02   2.027E+01
   7.820E+02   2.022E+01
   7.858E+02   2.018E+01
   7.897E+02   2.014E+01
   7.935E+02   2.009E+01
   7.973E+02   2.004E+01
   8.011E+02   1.999E+01
   8.050E+02   1.993E+01
   8.088E+02   1.989E+01
   8.126E+02   1.984E+01
   8.164E+02   1.979E+01
   8.203E+02   1.974E+01
   8.241E+02   1.969E+01
   8.279E+02   1.963E+01
   8.318E+02   1.957E+01
   8.356E+02   1.952E+01
   8.394E+02   1.945E+01
   8.432E+02   1.938E+01
   8.471E+02   1.933E+01
   8.509E+02   1.926E+01
   8.547E+02   1.921E+01
   8.585E+02   1.914E+01
   8.624E+02   1.907E+01
   8.662E+02   1.901E+01
   8.700E+02   1.894E+01
   8.738E+02   1.887E+01
   8.777E+02   1.879E+01
   8.815E+02   1.873E+01
   8.853E+02   1.864E+01
   8.892E+02   1.856E+01
   8.930E+02   1.850E+01
   8.968E+02   1.841E+01
   9.006E+02   1.833E+01
   9.045E+02   1.827E+01
   9.083E+02   1.817E+01
   9.121E+02   1.810E+01
   9.159E+02   1.800E+01
   9.198E+02   1.792E+01
   9.236E+02   1.785E+01
   9.274E+02   1.776E+01
   9.313E+02   1.768E+01
   9.351E+02   1.758E+01
   9.389E+02   1.749E+01
   9.427E+02   1.739E+01
   9.466E+02   1.731E+01
   9.504E+02   1.720E+01
   9.542E+02   1.710E+01
   9.580E+02   1.701E+01
   9.619E+02   1.693E+01
   9.657E+02   1.681E+01
   9.695E+02   1.671E+01
   9.734E+02   1.661E+01
   9.772E+02   1.650E+01
   9.810E+02   1.641E+01
   9.848E+02   1.627E+01
   9.887E+02   1.619E+01
   9.925E+02   1.607E+01
   9.963E+02   1.594E+01
   1.000E+03   1.584E+01
   1.004E+03   1.573E+01
   1.008E+03   1.560E+01
   1.012E+03   1.548E+01
   1.015E+03   1.537E+01
   1.019E+03   1.523E+01
   1.023E+03   1.511E+01
   1.027E+03   1.499E+01
   1.031E+03   1.484E+01
   1.035E+03   1.470E+01
   1.038E+03   1.459E+01
   1.042E+03   1.446E+01
   1.046E+03   1.431E+01
   1.050E+03   1.416E+01
   1.054E+03   1.404E+01
   1.058E+03   1.389E+01
   1.061E+03   1.375E+01
   1.065E+03   1.358E+01
   1.069E+03   1.344E+01
   1.073E+03   1.329E+01
   1.077E+03   1.314E+01
   1.081E+03   1.298E+01
   1.084E+03   1.282E+01
   1.088E+03   1.266E+01
   1.092E+03   1.250E+01
   1.096E+03   1.234E+01
   1.100E+03   1.216E+01
   1.103E+03   1.199E+01
   1.107E+03   1.182E+01
   1.111E+03   1.165E+01
   1.115E+03   1.148E+01
   1.119E+03   1.129E+01
   1.123E+03   1.111E+01
   1.126E+03   1.093E+01
   1.130E+03   1.075E+01
   1.134E+03   1.057E+01
   1.138E+03   1.036E+01
   1.142E+03   1.017E+01
   1.146E+03   9.977E+00
   1.149E+03   9.779E+00
   1.153E+03   9.576E+00
   1.157E+03   9.382E+00
   1.161E+03   9.183E+00
   1.165E+03   8.983E+00
   1.169E+03   8.782E+00
   1.172E+03   8.562E+00
   1.176E+03   8.351E+00
   1.180E+03   8.144E+00
   1.184E+03   7.936E+00
   1.188E+03   7.721E+00
   1.191E+03   7.499E+00
   1.195E+03   7.286E+00
   1.199E+03   7.072E+00
   1.203E+03   6.852E+00
   1.207E+03   6.640E+00
   1.211E+03   6.426E+00
   1.214E+03   6.211E+00
   1.218E+03   6.005E+00
   1.222E+03   5.792E+00
   1.226E+03   5.577E+00
   1.230E+03   5.366E+00
   1.234E+03   5.155E+00
   1.237E+03   4.940E+00
   1.241E+03   4.736E+00
   1.245E+03   4.531E+00
   1.249E+03   4.322E+00
   1.253E+03   4.118E+00
   1.257E+03   3.921E+00
   1.260E+03   3.720E+00
   1.264E+03   3.525E+00
   1.268E+03   3.340E+00
   1.272E+03   3.151E+00
   1.276E+03   2.962E+00
   1.280E+03   2.780E+00
   1.283E+03   2.602E+00
   1.287E+03   2.433E+00
   1.291E+03   2.266E+00
   1.295E+03   2.106E+00
   1.299E+03   1.951E+00
   1.302E+03   1.800E+00
   1.306E+03   1.658E+00
   1.310E+03   1.522E+00
   1.314E+03   1.393E+00
   1.318E+03   1.268E+00
   1.322E+03   1.147E+00
   1.325E+03   1.040E+00
   1.329E+03   9.370E-01
   1.333E+03   8.385E-01
   1.337E+03   7.455E-01
   1.341E+03   6.565E-01
   1.345E+03   5.759E-01
   1.348E+03   5.029E-01
   1.352E+03   4.387E-01
   1.356E+03   3.799E-01
   1.360E+03   3.245E-01
   1.364E+03   2.726E-01
   1.368E+03   2.294E-01
   1.371E+03   1.919E-01
   1.375E+03   1.609E-01
   1.379E+03   1.351E-01
   1.383E+03   1.134E-01
   1.387E+03   9.613E-02
   1.391E+03   8.231E-02
   1.394E+03   7.354E-02
   1.398E+03   6.843E-02
   1.402E+03   6.631E-02
   1.406E+03   6.734E-02
   1.410E+03   7.070E-02
   1.413E+03   7.832E-02
   1.417E+03   8.856E-02
   1.421E+03   9.996E-02
   1.425E+03   1.123E-01
   1.429E+03   1.271E-01
   1.433E+03   1.444E-01
   1.436E+03   1.623E-01
   1.440E+03   1.802E-01
   1.444E+03   1.983E-01
   1.448E+03   2.172E-01
   1.452E+03   2.346E-01
   1.456E+03   2.512E-01
   1.459E+03   2.678E-01
   1.463E+03   2.839E-01
   1.467E+03   2.986E-01
   1.471E+03   3.131E-01
   1.475E+03   3.271E-01
   1.479E+03   3.399E-01
   1.482E+03   3.515E-01
   1.486E+03   3.612E-01
   1.490E+03   3.699E-01
   1.494E+03   3.786E-01
   1.498E+03   3.866E-01
   1.501E+03   3.942E-01
   1.505E+03   4.015E-01
   1.509E+03   4.088E-01
   1.513E+03   4.148E-01
   1.517E+03   4.201E-01
   1.521E+03   4.250E-01
   1.524E+03   4.282E-01
   1.528E+03   4.319E-01
   1.532E+03   4.341E-01
   1.536E+03   4.359E-01
   1.540E+03   4.369E-01
   1.544E+03   4.376E-01
   1.547E+03   4.383E-01
   1.551E+03   4.375E-01
   1.555E+03   4.355E-01
   1.559E+03   4.330E-01
   1.563E+03   4.302E-01
   1.567E+03   4.271E-01
   1.570E+03   4.234E-01
   1.574E+03   4.190E-01
   1.578E+03   4.148E-01
   1.582E+03   4.098E-01
   1.586E+03   4.058E-01
   1.590E+03   4.020E-01
   1.593E+03   3.990E-01
   1.597E+03   3.938E-01
   1.601E+03   3.903E-01
   1.605E+03   3.871E-01
   1.609E+03   3.851E-01
   1.612E+03   3.807E-01
   1.616E+03   3.761E-01
   1.620E+03   3.714E-01
   1.624E+03   3.678E-01
   1.628E+03   3.635E-01
   1.632E+03   3.593E-01
   1.635E+03   3.542E-01
   1.639E+03   3.483E-01
   1.643E+03   3.430E-01
   1.647E+03   3.378E-01
   1.651E+03   3.310E-01
   1.655E+03   3.251E-01
   1.658E+03   3.178E-01
   1.662E+03   3.112E-01
   1.666E+03   3.096E-01
   1.670E+03   3.048E-01
   1.674E+03   2.990E-01
   1.678E+03   2.961E-01
   1.681E+03   2.960E-01
   1.685E+03   2.886E-01
   1.689E+03   2.799E-01
   1.693E+03   2.706E-01
   1.697E+03   2.607E-01
   1.700E+03   2.558E-01
   1.704E+03   2.418E-01
   1.708E+03   2.363E-01
   1.712E+03   2.346E-01
   1.716E+03   2.288E-01
   1.720E+03   2.095E-01
   1.723E+03   1.971E-01
   1.727E+03   1.934E-01
   1.731E+03   1.894E-01
   1.735E+03   1.905E-01
   1.739E+03   2.154E-01
   1.743E+03   2.202E-01
   1.746E+03   2.038E-01
   1.750E+03   2.034E-01
   1.754E+03   0.000E+00
   1.758E+03   0.000E+00
   1.762E+03   0.000E+00
   1.766E+03   0.000E+00
   1.769E+03   0.000E+00
   1.773E+03   0.000E+00
   1.777E+03   0.000E+00
   1.781E+03   0.000E+00
   1.785E+03   0.000E+00
   1.789E+03   0.000E+00
   1.792E+03   0.000E+00
   1.796E+03   0.000E+00
   1.800E+03   0.000E+00
