   2.730E+02   3.444E+00
   2.768E+02   2.822E+00
   2.807E+02   2.271E+00
   2.845E+02   1.648E+00
   2.883E+02   1.061E+00
   2.921E+02   5.058E-01
   2.960E+02   2.303E-03
   2.998E+02   1.250E-01
   3.036E+02   2.667E-01
   3.074E+02   4.007E-01
   3.113E+02   5.320E-01
   3.151E+02   6.606E-01
   3.189E+02   7.865E-01
   3.228E+02   9.095E-01
   3.266E+02   1.028E+00
   3.304E+02   1.141E+00
   3.342E+02   1.253E+00
   3.381E+02   1.356E+00
   3.419E+02   1.460E+00
   3.457E+02   1.557E+00
   3.495E+02   1.648E+00
   3.534E+02   1.739E+00
   3.572E+02   1.826E+00
   3.610E+02   1.906E+00
   3.648E+02   1.986E+00
   3.687E+02   2.056E+00
   3.725E+02   2.123E+00
   3.763E+02   2.186E+00
   3.802E+02   2.245E+00
   3.840E+02   2.302E+00
   3.878E+02   2.351E+00
   3.916E+02   2.398E+00
   3.955E+02   2.440E+00
   3.993E+02   2.475E+00
   4.031E+02   2.508E+00
   4.069E+02   2.533E+00
   4.108E+02   2.555E+00
   4.146E+02   2.576E+00
   4.184E+02   2.587E+00
   4.223E+02   2.594E+00
   4.261E+02   2.600E+00
   4.299E+02   2.599E+00
   4.337E+02   2.593E+00
   4.376E+02   2.588E+00
   4.414E+02   2.570E+00
   4.452E+02   2.553E+00
   4.490E+02   2.530E+00
   4.529E+02   2.504E+00
   4.567E+02   2.475E+00
   4.605E+02   2.441E+00
   4.644E+02   2.403E+00
   4.682E+02   2.362E+00
   4.720E+02   2.320E+00
   4.758E+02   2.271E+00
   4.797E+02   2.220E+00
   4.835E+02   2.167E+00
   4.873E+02   2.111E+00
   4.911E+02   2.051E+00
   4.950E+02   1.989E+00
   4.988E+02   1.924E+00
   5.026E+02   1.859E+00
   5.065E+02   1.791E+00
   5.103E+02   1.721E+00
   5.141E+02   1.652E+00
   5.179E+02   1.580E+00
   5.218E+02   1.508E+00
   5.256E+02   1.437E+00
   5.294E+02   1.365E+00
   5.332E+02   1.295E+00
   5.371E+02   1.225E+00
   5.409E+02   1.159E+00
   5.447E+02   1.093E+00
   5.485E+02   1.031E+00
   5.524E+02   9.734E-01
   5.562E+02   9.200E-01
   5.600E+02   8.708E-01
   5.639E+02   8.290E-01
   5.677E+02   7.922E-01
   5.715E+02   7.613E-01
   5.753E+02   7.381E-01
   5.792E+02   7.211E-01
   5.830E+02   7.097E-01
   5.868E+02   7.055E-01
   5.906E+02   7.080E-01
   5.945E+02   7.145E-01
   5.983E+02   7.287E-01
   6.021E+02   7.466E-01
   6.060E+02   7.700E-01
   6.098E+02   7.965E-01
   6.136E+02   8.285E-01
   6.174E+02   8.623E-01
   6.213E+02   8.986E-01
   6.251E+02   9.366E-01
   6.289E+02   9.795E-01
   6.327E+02   1.022E+00
   6.366E+02   1.064E+00
   6.404E+02   1.111E+00
   6.442E+02   1.153E+00
   6.481E+02   1.198E+00
   6.519E+02   1.243E+00
   6.557E+02   1.286E+00
   6.595E+02   1.329E+00
   6.634E+02   1.368E+00
   6.672E+02   1.409E+00
   6.710E+02   1.448E+00
   6.748E+02   1.487E+00
   6.787E+02   1.524E+00
   6.825E+02   1.558E+00
   6.863E+02   1.589E+00
   6.902E+02   1.622E+00
   6.940E+02   1.653E+00
   6.978E+02   1.678E+00
   7.016E+02   1.706E+00
   7.055E+02   1.730E+00
   7.093E+02   1.751E+00
   7.131E+02   1.774E+00
   7.169E+02   1.791E+00
   7.208E+02   1.809E+00
   7.246E+02   1.824E+00
   7.284E+02   1.837E+00
   7.322E+02   1.852E+00
   7.361E+02   1.864E+00
   7.399E+02   1.870E+00
   7.437E+02   1.879E+00
   7.476E+02   1.884E+00
   7.514E+02   1.889E+00
   7.552E+02   1.895E+00
   7.590E+02   1.897E+00
   7.629E+02   1.899E+00
   7.667E+02   1.899E+00
   7.705E+02   1.897E+00
   7.743E+02   1.895E+00
   7.782E+02   1.891E+00
   7.820E+02   1.887E+00
   7.858E+02   1.882E+00
   7.897E+02   1.877E+00
   7.935E+02   1.869E+00
   7.973E+02   1.861E+00
   8.011E+02   1.852E+00
   8.050E+02   1.842E+00
   8.088E+02   1.833E+00
   8.126E+02   1.823E+00
   8.164E+02   1.811E+00
   8.203E+02   1.800E+00
   8.241E+02   1.788E+00
   8.279E+02   1.775E+00
   8.318E+02   1.761E+00
   8.356E+02   1.748E+00
   8.394E+02   1.732E+00
   8.432E+02   1.717E+00
   8.471E+02   1.702E+00
   8.509E+02   1.687E+00
   8.547E+02   1.672E+00
   8.585E+02   1.656E+00
   8.624E+02   1.639E+00
   8.662E+02   1.622E+00
   8.700E+02   1.607E+00
   8.738E+02   1.589E+00
   8.777E+02   1.572E+00
   8.815E+02   1.554E+00
   8.853E+02   1.537E+00
   8.892E+02   1.518E+00
   8.930E+02   1.501E+00
   8.968E+02   1.483E+00
   9.006E+02   1.464E+00
   9.045E+02   1.448E+00
   9.083E+02   1.428E+00
   9.121E+02   1.412E+00
   9.159E+02   1.392E+00
   9.198E+02   1.375E+00
   9.236E+02   1.358E+00
   9.274E+02   1.339E+00
   9.313E+02   1.322E+00
   9.351E+02   1.303E+00
   9.389E+02   1.286E+00
   9.427E+02   1.268E+00
   9.466E+02   1.250E+00
   9.504E+02   1.232E+00
   9.542E+02   1.214E+00
   9.580E+02   1.197E+00
   9.619E+02   1.181E+00
   9.657E+02   1.162E+00
   9.695E+02   1.145E+00
   9.734E+02   1.128E+00
   9.772E+02   1.111E+00
   9.810E+02   1.095E+00
   9.848E+02   1.076E+00
   9.887E+02   1.061E+00
   9.925E+02   1.044E+00
   9.963E+02   1.027E+00
   1.000E+03   1.011E+00
   1.004E+03   9.959E-01
   1.008E+03   9.791E-01
   1.012E+03   9.629E-01
   1.015E+03   9.480E-01
   1.019E+03   9.314E-01
   1.023E+03   9.159E-01
   1.027E+03   9.010E-01
   1.031E+03   8.851E-01
   1.035E+03   8.692E-01
   1.038E+03   8.551E-01
   1.042E+03   8.402E-01
   1.046E+03   8.255E-01
   1.050E+03   8.104E-01
   1.054E+03   7.968E-01
   1.058E+03   7.822E-01
   1.061E+03   7.680E-01
   1.065E+03   7.532E-01
   1.069E+03   7.396E-01
   1.073E+03   7.260E-01
   1.077E+03   7.120E-01
   1.081E+03   6.989E-01
   1.084E+03   6.853E-01
   1.088E+03   6.719E-01
   1.092E+03   6.590E-01
   1.096E+03   6.463E-01
   1.100E+03   6.326E-01
   1.103E+03   6.199E-01
   1.107E+03   6.073E-01
   1.111E+03   5.949E-01
   1.115E+03   5.828E-01
   1.119E+03   5.700E-01
   1.123E+03   5.580E-01
   1.126E+03   5.457E-01
   1.130E+03   5.339E-01
   1.134E+03   5.222E-01
   1.138E+03   5.099E-01
   1.142E+03   4.983E-01
   1.146E+03   4.867E-01
   1.149E+03   4.750E-01
   1.153E+03   4.636E-01
   1.157E+03   4.524E-01
   1.161E+03   4.414E-01
   1.165E+03   4.305E-01
   1.169E+03   4.195E-01
   1.172E+03   4.082E-01
   1.176E+03   3.974E-01
   1.180E+03   3.867E-01
   1.184E+03   3.761E-01
   1.188E+03   3.656E-01
   1.191E+03   3.548E-01
   1.195E+03   3.445E-01
   1.199E+03   3.343E-01
   1.203E+03   3.239E-01
   1.207E+03   3.140E-01
   1.211E+03   3.040E-01
   1.214E+03   2.943E-01
   1.218E+03   2.849E-01
   1.222E+03   2.753E-01
   1.226E+03   2.658E-01
   1.230E+03   2.564E-01
   1.234E+03   2.470E-01
   1.237E+03   2.376E-01
   1.241E+03   2.286E-01
   1.245E+03   2.197E-01
   1.249E+03   2.106E-01
   1.253E+03   2.017E-01
   1.257E+03   1.931E-01
   1.260E+03   1.844E-01
   1.264E+03   1.759E-01
   1.268E+03   1.678E-01
   1.272E+03   1.595E-01
   1.276E+03   1.512E-01
   1.280E+03   1.431E-01
   1.283E+03   1.352E-01
   1.287E+03   1.275E-01
   1.291E+03   1.199E-01
   1.295E+03   1.127E-01
   1.299E+03   1.055E-01
   1.302E+03   9.854E-02
   1.306E+03   9.182E-02
   1.310E+03   8.530E-02
   1.314E+03   7.905E-02
   1.318E+03   7.296E-02
   1.322E+03   6.693E-02
   1.325E+03   6.149E-02
   1.329E+03   5.619E-02
   1.333E+03   5.103E-02
   1.337E+03   4.605E-02
   1.341E+03   4.120E-02
   1.345E+03   3.671E-02
   1.348E+03   3.258E-02
   1.352E+03   2.890E-02
   1.356E+03   2.545E-02
   1.360E+03   2.212E-02
   1.364E+03   1.892E-02
   1.368E+03   1.620E-02
   1.371E+03   1.380E-02
   1.375E+03   1.178E-02
   1.379E+03   1.003E-02
   1.383E+03   8.570E-03
   1.387E+03   7.376E-03
   1.391E+03   6.407E-03
   1.394E+03   5.789E-03
   1.398E+03   5.434E-03
   1.402E+03   5.302E-03
   1.406E+03   5.408E-03
   1.410E+03   5.679E-03
   1.413E+03   6.297E-03
   1.417E+03   7.102E-03
   1.421E+03   7.995E-03
   1.425E+03   8.947E-03
   1.429E+03   1.011E-02
   1.433E+03   1.143E-02
   1.436E+03   1.280E-02
   1.440E+03   1.415E-02
   1.444E+03   1.550E-02
   1.448E+03   1.689E-02
   1.452E+03   1.816E-02
   1.456E+03   1.932E-02
   1.459E+03   2.047E-02
   1.463E+03   2.156E-02
   1.467E+03   2.254E-02
   1.471E+03   2.350E-02
   1.475E+03   2.440E-02
   1.479E+03   2.517E-02
   1.482E+03   2.585E-02
   1.486E+03   2.641E-02
   1.490E+03   2.687E-02
   1.494E+03   2.731E-02
   1.498E+03   2.770E-02
   1.501E+03   2.806E-02
   1.505E+03   2.841E-02
   1.509E+03   2.870E-02
   1.513E+03   2.893E-02
   1.517E+03   2.909E-02
   1.521E+03   2.919E-02
   1.524E+03   2.919E-02
   1.528E+03   2.921E-02
   1.532E+03   2.915E-02
   1.536E+03   2.904E-02
   1.540E+03   2.891E-02
   1.544E+03   2.873E-02
   1.547E+03   2.853E-02
   1.551E+03   2.824E-02
   1.555E+03   2.789E-02
   1.559E+03   2.753E-02
   1.563E+03   2.715E-02
   1.567E+03   2.679E-02
   1.570E+03   2.638E-02
   1.574E+03   2.592E-02
   1.578E+03   2.544E-02
   1.582E+03   2.492E-02
   1.586E+03   2.441E-02
   1.590E+03   2.395E-02
   1.593E+03   2.352E-02
   1.597E+03   2.300E-02
   1.601E+03   2.259E-02
   1.605E+03   2.215E-02
   1.609E+03   2.176E-02
   1.612E+03   2.126E-02
   1.616E+03   2.080E-02
   1.620E+03   2.032E-02
   1.624E+03   1.990E-02
   1.628E+03   1.941E-02
   1.632E+03   1.893E-02
   1.635E+03   1.844E-02
   1.639E+03   1.789E-02
   1.643E+03   1.742E-02
   1.647E+03   1.697E-02
   1.651E+03   1.638E-02
   1.655E+03   1.587E-02
   1.658E+03   1.536E-02
   1.662E+03   1.484E-02
   1.666E+03   1.440E-02
   1.670E+03   1.399E-02
   1.674E+03   1.352E-02
   1.678E+03   1.324E-02
   1.681E+03   1.319E-02
   1.685E+03   1.277E-02
   1.689E+03   1.220E-02
   1.693E+03   1.174E-02
   1.697E+03   1.131E-02
   1.700E+03   1.085E-02
   1.704E+03   1.049E-02
   1.708E+03   1.006E-02
   1.712E+03   9.672E-03
   1.716E+03   9.524E-03
   1.720E+03   9.067E-03
   1.723E+03   8.316E-03
   1.727E+03   8.006E-03
   1.731E+03   7.629E-03
   1.735E+03   6.721E-03
   1.739E+03   7.017E-03
   1.743E+03   6.463E-03
   1.746E+03   6.029E-03
   1.750E+03   5.373E-03
   1.754E+03   0.000E+00
   1.758E+03   0.000E+00
   1.762E+03   0.000E+00
   1.766E+03   0.000E+00
   1.769E+03   0.000E+00
   1.773E+03   0.000E+00
   1.777E+03   0.000E+00
   1.781E+03   0.000E+00
   1.785E+03   0.000E+00
   1.789E+03   0.000E+00
   1.792E+03   0.000E+00
   1.796E+03   0.000E+00
   1.800E+03   0.000E+00
