   2.730E+02   5.202E-03
   2.768E+02   3.479E-03
   2.807E+02   2.236E-03
   2.845E+02   1.332E-03
   2.883E+02   7.476E-04
   2.921E+02   3.322E-04
   2.960E+02   1.497E-06
   2.998E+02   5.201E-05
   3.036E+02   1.262E-04
   3.074E+02   2.299E-04
   3.113E+02   3.675E-04
   3.151E+02   5.457E-04
   3.189E+02   7.671E-04
   3.228E+02   1.039E-03
   3.266E+02   1.358E-03
   3.304E+02   1.740E-03
   3.342E+02   2.182E-03
   3.381E+02   2.674E-03
   3.419E+02   3.259E-03
   3.457E+02   3.895E-03
   3.495E+02   4.592E-03
   3.534E+02   5.407E-03
   3.572E+02   6.285E-03
   3.610E+02   7.263E-03
   3.648E+02   8.347E-03
   3.687E+02   9.468E-03
   3.725E+02   1.073E-02
   3.763E+02   1.204E-02
   3.802E+02   1.354E-02
   3.840E+02   1.506E-02
   3.878E+02   1.672E-02
   3.916E+02   1.853E-02
   3.955E+02   2.036E-02
   3.993E+02   2.238E-02
   4.031E+02   2.452E-02
   4.069E+02   2.673E-02
   4.108E+02   2.907E-02
   4.146E+02   3.156E-02
   4.184E+02   3.422E-02
   4.223E+02   3.697E-02
   4.261E+02   3.973E-02
   4.299E+02   4.274E-02
   4.337E+02   4.575E-02
   4.376E+02   4.916E-02
   4.414E+02   5.241E-02
   4.452E+02   5.586E-02
   4.490E+02   5.958E-02
   4.529E+02   6.333E-02
   4.567E+02   6.718E-02
   4.605E+02   7.126E-02
   4.644E+02   7.529E-02
   4.682E+02   7.969E-02
   4.720E+02   8.409E-02
   4.758E+02   8.857E-02
   4.797E+02   9.325E-02
   4.835E+02   9.821E-02
   4.873E+02   1.029E-01
   4.911E+02   1.082E-01
   4.950E+02   1.131E-01
   4.988E+02   1.185E-01
   5.026E+02   1.239E-01
   5.065E+02   1.292E-01
   5.103E+02   1.352E-01
   5.141E+02   1.405E-01
   5.179E+02   1.469E-01
   5.218E+02   1.526E-01
   5.256E+02   1.587E-01
   5.294E+02   1.649E-01
   5.332E+02   1.715E-01
   5.371E+02   1.778E-01
   5.409E+02   1.843E-01
   5.447E+02   1.909E-01
   5.485E+02   1.975E-01
   5.524E+02   2.045E-01
   5.562E+02   2.112E-01
   5.600E+02   2.181E-01
   5.639E+02   2.252E-01
   5.677E+02   2.329E-01
   5.715E+02   2.401E-01
   5.753E+02   2.467E-01
   5.792E+02   2.551E-01
   5.830E+02   2.624E-01
   5.868E+02   2.699E-01
   5.906E+02   2.777E-01
   5.945E+02   2.850E-01
   5.983E+02   2.929E-01
   6.021E+02   3.008E-01
   6.060E+02   3.085E-01
   6.098E+02   3.163E-01
   6.136E+02   3.248E-01
   6.174E+02   3.327E-01
   6.213E+02   3.402E-01
   6.251E+02   3.478E-01
   6.289E+02   3.565E-01
   6.327E+02   3.648E-01
   6.366E+02   3.722E-01
   6.404E+02   3.815E-01
   6.442E+02   3.887E-01
   6.481E+02   3.970E-01
   6.519E+02   4.054E-01
   6.557E+02   4.135E-01
   6.595E+02   4.216E-01
   6.634E+02   4.291E-01
   6.672E+02   4.375E-01
   6.710E+02   4.454E-01
   6.748E+02   4.539E-01
   6.787E+02   4.622E-01
   6.825E+02   4.701E-01
   6.863E+02   4.777E-01
   6.902E+02   4.862E-01
   6.940E+02   4.945E-01
   6.978E+02   5.017E-01
   7.016E+02   5.103E-01
   7.055E+02   5.180E-01
   7.093E+02   5.253E-01
   7.131E+02   5.340E-01
   7.169E+02   5.411E-01
   7.208E+02   5.489E-01
   7.246E+02   5.563E-01
   7.284E+02   5.633E-01
   7.322E+02   5.720E-01
   7.361E+02   5.798E-01
   7.399E+02   5.858E-01
   7.437E+02   5.936E-01
   7.476E+02   6.003E-01
   7.514E+02   6.070E-01
   7.552E+02   6.155E-01
   7.590E+02   6.227E-01
   7.629E+02   6.293E-01
   7.667E+02   6.361E-01
   7.705E+02   6.431E-01
   7.743E+02   6.495E-01
   7.782E+02   6.558E-01
   7.820E+02   6.623E-01
   7.858E+02   6.689E-01
   7.897E+02   6.759E-01
   7.935E+02   6.813E-01
   7.973E+02   6.879E-01
   8.011E+02   6.935E-01
   8.050E+02   6.988E-01
   8.088E+02   7.052E-01
   8.126E+02   7.111E-01
   8.164E+02   7.167E-01
   8.203E+02   7.228E-01
   8.241E+02   7.281E-01
   8.279E+02   7.337E-01
   8.318E+02   7.386E-01
   8.356E+02   7.441E-01
   8.394E+02   7.482E-01
   8.432E+02   7.528E-01
   8.471E+02   7.581E-01
   8.509E+02   7.621E-01
   8.547E+02   7.673E-01
   8.585E+02   7.716E-01
   8.624E+02   7.755E-01
   8.662E+02   7.794E-01
   8.700E+02   7.842E-01
   8.738E+02   7.873E-01
   8.777E+02   7.911E-01
   8.815E+02   7.949E-01
   8.853E+02   7.975E-01
   8.892E+02   7.999E-01
   8.930E+02   8.042E-01
   8.968E+02   8.062E-01
   9.006E+02   8.087E-01
   9.045E+02   8.122E-01
   9.083E+02   8.136E-01
   9.121E+02   8.165E-01
   9.159E+02   8.177E-01
   9.198E+02   8.198E-01
   9.236E+02   8.223E-01
   9.274E+02   8.238E-01
   9.313E+02   8.255E-01
   9.351E+02   8.262E-01
   9.389E+02   8.275E-01
   9.427E+02   8.282E-01
   9.466E+02   8.293E-01
   9.504E+02   8.288E-01
   9.542E+02   8.289E-01
   9.580E+02   8.292E-01
   9.619E+02   8.306E-01
   9.657E+02   8.291E-01
   9.695E+02   8.287E-01
   9.734E+02   8.280E-01
   9.772E+02   8.267E-01
   9.810E+02   8.269E-01
   9.848E+02   8.234E-01
   9.887E+02   8.238E-01
   9.925E+02   8.220E-01
   9.963E+02   8.184E-01
   1.000E+03   8.166E-01
   1.004E+03   8.151E-01
   1.008E+03   8.116E-01
   1.012E+03   8.083E-01
   1.015E+03   8.063E-01
   1.019E+03   8.018E-01
   1.023E+03   7.983E-01
   1.027E+03   7.949E-01
   1.031E+03   7.896E-01
   1.035E+03   7.845E-01
   1.038E+03   7.813E-01
   1.042E+03   7.765E-01
   1.046E+03   7.710E-01
   1.050E+03   7.649E-01
   1.054E+03   7.604E-01
   1.058E+03   7.539E-01
   1.061E+03   7.476E-01
   1.065E+03   7.397E-01
   1.069E+03   7.335E-01
   1.073E+03   7.272E-01
   1.077E+03   7.199E-01
   1.081E+03   7.126E-01
   1.084E+03   7.046E-01
   1.088E+03   6.962E-01
   1.092E+03   6.879E-01
   1.096E+03   6.795E-01
   1.100E+03   6.702E-01
   1.103E+03   6.614E-01
   1.107E+03   6.516E-01
   1.111E+03   6.422E-01
   1.115E+03   6.334E-01
   1.119E+03   6.227E-01
   1.123E+03   6.125E-01
   1.126E+03   6.018E-01
   1.130E+03   5.918E-01
   1.134E+03   5.808E-01
   1.138E+03   5.686E-01
   1.142E+03   5.577E-01
   1.146E+03   5.459E-01
   1.149E+03   5.341E-01
   1.153E+03   5.218E-01
   1.157E+03   5.101E-01
   1.161E+03   4.980E-01
   1.165E+03   4.861E-01
   1.169E+03   4.739E-01
   1.172E+03   4.606E-01
   1.176E+03   4.477E-01
   1.180E+03   4.353E-01
   1.184E+03   4.231E-01
   1.188E+03   4.100E-01
   1.191E+03   3.966E-01
   1.195E+03   3.838E-01
   1.199E+03   3.712E-01
   1.203E+03   3.582E-01
   1.207E+03   3.457E-01
   1.211E+03   3.332E-01
   1.214E+03   3.206E-01
   1.218E+03   3.086E-01
   1.222E+03   2.965E-01
   1.226E+03   2.842E-01
   1.230E+03   2.723E-01
   1.234E+03   2.606E-01
   1.237E+03   2.485E-01
   1.241E+03   2.374E-01
   1.245E+03   2.263E-01
   1.249E+03   2.150E-01
   1.253E+03   2.041E-01
   1.257E+03   1.937E-01
   1.260E+03   1.832E-01
   1.264E+03   1.731E-01
   1.268E+03   1.637E-01
   1.272E+03   1.542E-01
   1.276E+03   1.447E-01
   1.280E+03   1.356E-01
   1.283E+03   1.269E-01
   1.287E+03   1.188E-01
   1.291E+03   1.106E-01
   1.295E+03   1.030E-01
   1.299E+03   9.576E-02
   1.302E+03   8.865E-02
   1.306E+03   8.189E-02
   1.310E+03   7.572E-02
   1.314E+03   6.967E-02
   1.318E+03   6.395E-02
   1.322E+03   5.843E-02
   1.325E+03   5.351E-02
   1.329E+03   4.878E-02
   1.333E+03   4.421E-02
   1.337E+03   3.990E-02
   1.341E+03   3.573E-02
   1.345E+03   3.188E-02
   1.348E+03   2.841E-02
   1.352E+03   2.531E-02
   1.356E+03   2.241E-02
   1.360E+03   1.963E-02
   1.364E+03   1.693E-02
   1.368E+03   1.465E-02
   1.371E+03   1.262E-02
   1.375E+03   1.092E-02
   1.379E+03   9.460E-03
   1.383E+03   8.223E-03
   1.387E+03   7.218E-03
   1.391E+03   6.412E-03
   1.394E+03   5.942E-03
   1.398E+03   5.740E-03
   1.402E+03   5.785E-03
   1.406E+03   6.116E-03
   1.410E+03   6.680E-03
   1.413E+03   7.715E-03
   1.417E+03   9.086E-03
   1.421E+03   1.069E-02
   1.425E+03   1.252E-02
   1.429E+03   1.479E-02
   1.433E+03   1.750E-02
   1.436E+03   2.051E-02
   1.440E+03   2.372E-02
   1.444E+03   2.722E-02
   1.448E+03   3.105E-02
   1.452E+03   3.495E-02
   1.456E+03   3.893E-02
   1.459E+03   4.314E-02
   1.463E+03   4.755E-02
   1.467E+03   5.201E-02
   1.471E+03   5.665E-02
   1.475E+03   6.144E-02
   1.479E+03   6.625E-02
   1.482E+03   7.101E-02
   1.486E+03   7.569E-02
   1.490E+03   8.020E-02
   1.494E+03   8.493E-02
   1.498E+03   8.972E-02
   1.501E+03   9.463E-02
   1.505E+03   9.961E-02
   1.509E+03   1.046E-01
   1.513E+03   1.096E-01
   1.517E+03   1.143E-01
   1.521E+03   1.191E-01
   1.524E+03   1.235E-01
   1.528E+03   1.281E-01
   1.532E+03   1.324E-01
   1.536E+03   1.365E-01
   1.540E+03   1.404E-01
   1.544E+03   1.442E-01
   1.547E+03   1.479E-01
   1.551E+03   1.512E-01
   1.555E+03   1.539E-01
   1.559E+03   1.563E-01
   1.563E+03   1.586E-01
   1.567E+03   1.606E-01
   1.570E+03   1.623E-01
   1.574E+03   1.635E-01
   1.578E+03   1.648E-01
   1.582E+03   1.655E-01
   1.586E+03   1.666E-01
   1.590E+03   1.674E-01
   1.593E+03   1.684E-01
   1.597E+03   1.684E-01
   1.601E+03   1.689E-01
   1.605E+03   1.694E-01
   1.609E+03   1.701E-01
   1.612E+03   1.699E-01
   1.616E+03   1.695E-01
   1.620E+03   1.686E-01
   1.624E+03   1.682E-01
   1.628E+03   1.673E-01
   1.632E+03   1.663E-01
   1.635E+03   1.646E-01
   1.639E+03   1.625E-01
   1.643E+03   1.604E-01
   1.647E+03   1.585E-01
   1.651E+03   1.553E-01
   1.655E+03   1.525E-01
   1.658E+03   1.488E-01
   1.662E+03   1.455E-01
   1.666E+03   1.446E-01
   1.670E+03   1.420E-01
   1.674E+03   1.386E-01
   1.678E+03   1.365E-01
   1.681E+03   1.361E-01
   1.685E+03   1.319E-01
   1.689E+03   1.270E-01
   1.693E+03   1.218E-01
   1.697E+03   1.163E-01
   1.700E+03   1.129E-01
   1.704E+03   1.061E-01
   1.708E+03   1.027E-01
   1.712E+03   1.010E-01
   1.716E+03   9.788E-02
   1.720E+03   9.027E-02
   1.723E+03   8.462E-02
   1.727E+03   8.301E-02
   1.731E+03   8.056E-02
   1.735E+03   7.929E-02
   1.739E+03   9.026E-02
   1.743E+03   9.121E-02
   1.746E+03   8.459E-02
   1.750E+03   8.326E-02
   1.754E+03   0.000E+00
   1.758E+03   0.000E+00
   1.762E+03   0.000E+00
   1.766E+03   0.000E+00
   1.769E+03   0.000E+00
   1.773E+03   0.000E+00
   1.777E+03   0.000E+00
   1.781E+03   0.000E+00
   1.785E+03   0.000E+00
   1.789E+03   0.000E+00
   1.792E+03   0.000E+00
   1.796E+03   0.000E+00
   1.800E+03   0.000E+00
