   2.730E+02   1.958E-01
   2.768E+02   1.482E-01
   2.807E+02   1.071E-01
   2.845E+02   6.999E-02
   2.883E+02   4.165E-02
   2.921E+02   1.900E-02
   2.960E+02   7.244E-05
   2.998E+02   3.624E-03
   3.036E+02   8.929E-03
   3.074E+02   1.574E-02
   3.113E+02   2.422E-02
   3.151E+02   3.453E-02
   3.189E+02   4.669E-02
   3.228E+02   6.084E-02
   3.266E+02   7.666E-02
   3.304E+02   9.449E-02
   3.342E+02   1.145E-01
   3.381E+02   1.357E-01
   3.419E+02   1.598E-01
   3.457E+02   1.848E-01
   3.495E+02   2.113E-01
   3.534E+02   2.409E-01
   3.572E+02   2.716E-01
   3.610E+02   3.045E-01
   3.648E+02   3.397E-01
   3.687E+02   3.748E-01
   3.725E+02   4.128E-01
   3.763E+02   4.511E-01
   3.802E+02   4.927E-01
   3.840E+02   5.345E-01
   3.878E+02   5.785E-01
   3.916E+02   6.244E-01
   3.955E+02   6.697E-01
   3.993E+02   7.174E-01
   4.031E+02   7.666E-01
   4.069E+02   8.156E-01
   4.108E+02   8.660E-01
   4.146E+02   9.189E-01
   4.184E+02   9.716E-01
   4.223E+02   1.025E+00
   4.261E+02   1.078E+00
   4.299E+02   1.133E+00
   4.337E+02   1.186E+00
   4.376E+02   1.245E+00
   4.414E+02   1.298E+00
   4.452E+02   1.354E+00
   4.490E+02   1.412E+00
   4.529E+02   1.468E+00
   4.567E+02   1.524E+00
   4.605E+02   1.582E+00
   4.644E+02   1.637E+00
   4.682E+02   1.694E+00
   4.720E+02   1.751E+00
   4.758E+02   1.806E+00
   4.797E+02   1.862E+00
   4.835E+02   1.920E+00
   4.873E+02   1.970E+00
   4.911E+02   2.027E+00
   4.950E+02   2.078E+00
   4.988E+02   2.130E+00
   5.026E+02   2.183E+00
   5.065E+02   2.229E+00
   5.103E+02   2.285E+00
   5.141E+02   2.325E+00
   5.179E+02   2.380E+00
   5.218E+02   2.424E+00
   5.256E+02   2.468E+00
   5.294E+02   2.513E+00
   5.332E+02   2.557E+00
   5.371E+02   2.597E+00
   5.409E+02   2.635E+00
   5.447E+02   2.674E+00
   5.485E+02   2.709E+00
   5.524E+02   2.747E+00
   5.562E+02   2.778E+00
   5.600E+02   2.810E+00
   5.639E+02   2.838E+00
   5.677E+02   2.873E+00
   5.715E+02   2.900E+00
   5.753E+02   2.918E+00
   5.792E+02   2.949E+00
   5.830E+02   2.971E+00
   5.868E+02   2.988E+00
   5.906E+02   3.009E+00
   5.945E+02   3.021E+00
   5.983E+02   3.039E+00
   6.021E+02   3.053E+00
   6.060E+02   3.063E+00
   6.098E+02   3.072E+00
   6.136E+02   3.084E+00
   6.174E+02   3.090E+00
   6.213E+02   3.092E+00
   6.251E+02   3.091E+00
   6.289E+02   3.097E+00
   6.327E+02   3.099E+00
   6.366E+02   3.094E+00
   6.404E+02   3.098E+00
   6.442E+02   3.088E+00
   6.481E+02   3.084E+00
   6.519E+02   3.077E+00
   6.557E+02   3.069E+00
   6.595E+02   3.061E+00
   6.634E+02   3.047E+00
   6.672E+02   3.036E+00
   6.710E+02   3.023E+00
   6.748E+02   3.012E+00
   6.787E+02   2.999E+00
   6.825E+02   2.983E+00
   6.863E+02   2.966E+00
   6.902E+02   2.952E+00
   6.940E+02   2.937E+00
   6.978E+02   2.917E+00
   7.016E+02   2.902E+00
   7.055E+02   2.883E+00
   7.093E+02   2.864E+00
   7.131E+02   2.847E+00
   7.169E+02   2.828E+00
   7.208E+02   2.810E+00
   7.246E+02   2.791E+00
   7.284E+02   2.771E+00
   7.322E+02   2.756E+00
   7.361E+02   2.738E+00
   7.399E+02   2.718E+00
   7.437E+02   2.702E+00
   7.476E+02   2.684E+00
   7.514E+02   2.668E+00
   7.552E+02   2.656E+00
   7.590E+02   2.641E+00
   7.629E+02   2.627E+00
   7.667E+02   2.613E+00
   7.705E+02   2.601E+00
   7.743E+02   2.590E+00
   7.782E+02   2.577E+00
   7.820E+02   2.570E+00
   7.858E+02   2.560E+00
   7.897E+02   2.554E+00
   7.935E+02   2.548E+00
   7.973E+02   2.543E+00
   8.011E+02   2.539E+00
   8.050E+02   2.536E+00
   8.088E+02   2.537E+00
   8.126E+02   2.538E+00
   8.164E+02   2.540E+00
   8.203E+02   2.544E+00
   8.241E+02   2.549E+00
   8.279E+02   2.557E+00
   8.318E+02   2.565E+00
   8.356E+02   2.576E+00
   8.394E+02   2.585E+00
   8.432E+02   2.598E+00
   8.471E+02   2.613E+00
   8.509E+02   2.629E+00
   8.547E+02   2.648E+00
   8.585E+02   2.667E+00
   8.624E+02   2.689E+00
   8.662E+02   2.713E+00
   8.700E+02   2.740E+00
   8.738E+02   2.767E+00
   8.777E+02   2.794E+00
   8.815E+02   2.825E+00
   8.853E+02   2.857E+00
   8.892E+02   2.889E+00
   8.930E+02   2.928E+00
   8.968E+02   2.963E+00
   9.006E+02   3.002E+00
   9.045E+02   3.045E+00
   9.083E+02   3.086E+00
   9.121E+02   3.133E+00
   9.159E+02   3.176E+00
   9.198E+02   3.226E+00
   9.236E+02   3.277E+00
   9.274E+02   3.328E+00
   9.313E+02   3.382E+00
   9.351E+02   3.435E+00
   9.389E+02   3.493E+00
   9.427E+02   3.549E+00
   9.466E+02   3.609E+00
   9.504E+02   3.668E+00
   9.542E+02   3.729E+00
   9.580E+02   3.795E+00
   9.619E+02   3.862E+00
   9.657E+02   3.924E+00
   9.695E+02   3.992E+00
   9.734E+02   4.061E+00
   9.772E+02   4.130E+00
   9.810E+02   4.203E+00
   9.848E+02   4.268E+00
   9.887E+02   4.347E+00
   9.925E+02   4.420E+00
   9.963E+02   4.489E+00
   1.000E+03   4.565E+00
   1.004E+03   4.645E+00
   1.008E+03   4.718E+00
   1.012E+03   4.792E+00
   1.015E+03   4.873E+00
   1.019E+03   4.947E+00
   1.023E+03   5.025E+00
   1.027E+03   5.105E+00
   1.031E+03   5.177E+00
   1.035E+03   5.251E+00
   1.038E+03   5.334E+00
   1.042E+03   5.411E+00
   1.046E+03   5.487E+00
   1.050E+03   5.560E+00
   1.054E+03   5.642E+00
   1.058E+03   5.715E+00
   1.061E+03   5.788E+00
   1.065E+03   5.855E+00
   1.069E+03   5.930E+00
   1.073E+03   6.002E+00
   1.077E+03   6.070E+00
   1.081E+03   6.141E+00
   1.084E+03   6.206E+00
   1.088E+03   6.268E+00
   1.092E+03   6.333E+00
   1.096E+03   6.396E+00
   1.100E+03   6.448E+00
   1.103E+03   6.505E+00
   1.107E+03   6.558E+00
   1.111E+03   6.611E+00
   1.115E+03   6.664E+00
   1.119E+03   6.702E+00
   1.123E+03   6.746E+00
   1.126E+03   6.783E+00
   1.130E+03   6.820E+00
   1.134E+03   6.855E+00
   1.138E+03   6.874E+00
   1.142E+03   6.899E+00
   1.146E+03   6.918E+00
   1.149E+03   6.931E+00
   1.153E+03   6.938E+00
   1.157E+03   6.945E+00
   1.161E+03   6.950E+00
   1.165E+03   6.947E+00
   1.169E+03   6.940E+00
   1.172E+03   6.916E+00
   1.176E+03   6.894E+00
   1.180E+03   6.871E+00
   1.184E+03   6.840E+00
   1.188E+03   6.801E+00
   1.191E+03   6.750E+00
   1.195E+03   6.701E+00
   1.199E+03   6.646E+00
   1.203E+03   6.581E+00
   1.207E+03   6.515E+00
   1.211E+03   6.441E+00
   1.214E+03   6.363E+00
   1.218E+03   6.286E+00
   1.222E+03   6.195E+00
   1.226E+03   6.096E+00
   1.230E+03   5.992E+00
   1.234E+03   5.882E+00
   1.237E+03   5.761E+00
   1.241E+03   5.645E+00
   1.245E+03   5.519E+00
   1.249E+03   5.381E+00
   1.253E+03   5.241E+00
   1.257E+03   5.100E+00
   1.260E+03   4.949E+00
   1.264E+03   4.795E+00
   1.268E+03   4.645E+00
   1.272E+03   4.483E+00
   1.276E+03   4.312E+00
   1.280E+03   4.141E+00
   1.283E+03   3.966E+00
   1.287E+03   3.795E+00
   1.291E+03   3.617E+00
   1.295E+03   3.443E+00
   1.299E+03   3.268E+00
   1.302E+03   3.092E+00
   1.306E+03   2.918E+00
   1.310E+03   2.746E+00
   1.314E+03   2.578E+00
   1.318E+03   2.409E+00
   1.322E+03   2.239E+00
   1.325E+03   2.084E+00
   1.329E+03   1.929E+00
   1.333E+03   1.775E+00
   1.337E+03   1.623E+00
   1.341E+03   1.472E+00
   1.345E+03   1.330E+00
   1.348E+03   1.197E+00
   1.352E+03   1.078E+00
   1.356E+03   9.641E-01
   1.360E+03   8.516E-01
   1.364E+03   7.407E-01
   1.368E+03   6.456E-01
   1.371E+03   5.602E-01
   1.375E+03   4.876E-01
   1.379E+03   4.244E-01
   1.383E+03   3.704E-01
   1.387E+03   3.260E-01
   1.391E+03   2.897E-01
   1.394E+03   2.678E-01
   1.398E+03   2.566E-01
   1.402E+03   2.551E-01
   1.406E+03   2.643E-01
   1.410E+03   2.812E-01
   1.413E+03   3.152E-01
   1.417E+03   3.591E-01
   1.421E+03   4.084E-01
   1.425E+03   4.615E-01
   1.429E+03   5.266E-01
   1.433E+03   6.021E-01
   1.436E+03   6.815E-01
   1.440E+03   7.626E-01
   1.444E+03   8.454E-01
   1.448E+03   9.328E-01
   1.452E+03   1.016E+00
   1.456E+03   1.096E+00
   1.459E+03   1.178E+00
   1.463E+03   1.258E+00
   1.467E+03   1.334E+00
   1.471E+03   1.411E+00
   1.475E+03   1.486E+00
   1.479E+03   1.556E+00
   1.482E+03   1.621E+00
   1.486E+03   1.680E+00
   1.490E+03   1.734E+00
   1.494E+03   1.789E+00
   1.498E+03   1.840E+00
   1.501E+03   1.892E+00
   1.505E+03   1.942E+00
   1.509E+03   1.992E+00
   1.513E+03   2.036E+00
   1.517E+03   2.075E+00
   1.521E+03   2.113E+00
   1.524E+03   2.143E+00
   1.528E+03   2.174E+00
   1.532E+03   2.199E+00
   1.536E+03   2.222E+00
   1.540E+03   2.244E+00
   1.544E+03   2.261E+00
   1.547E+03   2.277E+00
   1.551E+03   2.283E+00
   1.555E+03   2.286E+00
   1.559E+03   2.286E+00
   1.563E+03   2.282E+00
   1.567E+03   2.281E+00
   1.570E+03   2.275E+00
   1.574E+03   2.264E+00
   1.578E+03   2.252E+00
   1.582E+03   2.237E+00
   1.586E+03   2.226E+00
   1.590E+03   2.217E+00
   1.593E+03   2.203E+00
   1.597E+03   2.189E+00
   1.601E+03   2.175E+00
   1.605E+03   2.162E+00
   1.609E+03   2.156E+00
   1.612E+03   2.136E+00
   1.616E+03   2.117E+00
   1.620E+03   2.099E+00
   1.624E+03   2.079E+00
   1.628E+03   2.063E+00
   1.632E+03   2.040E+00
   1.635E+03   2.013E+00
   1.639E+03   1.988E+00
   1.643E+03   1.964E+00
   1.647E+03   1.936E+00
   1.651E+03   1.911E+00
   1.655E+03   1.884E+00
   1.658E+03   1.859E+00
   1.662E+03   1.828E+00
   1.666E+03   1.820E+00
   1.670E+03   1.796E+00
   1.674E+03   1.787E+00
   1.678E+03   1.789E+00
   1.681E+03   1.785E+00
   1.685E+03   1.762E+00
   1.689E+03   1.724E+00
   1.693E+03   1.689E+00
   1.697E+03   1.656E+00
   1.700E+03   1.649E+00
   1.704E+03   1.571E+00
   1.708E+03   1.560E+00
   1.712E+03   1.572E+00
   1.716E+03   1.560E+00
   1.720E+03   1.411E+00
   1.723E+03   1.328E+00
   1.727E+03   1.290E+00
   1.731E+03   1.246E+00
   1.735E+03   1.304E+00
   1.739E+03   1.530E+00
   1.743E+03   1.645E+00
   1.746E+03   1.675E+00
   1.750E+03   1.734E+00
   1.754E+03   0.000E+00
   1.758E+03   0.000E+00
   1.762E+03   0.000E+00
   1.766E+03   0.000E+00
   1.769E+03   0.000E+00
   1.773E+03   0.000E+00
   1.777E+03   0.000E+00
   1.781E+03   0.000E+00
   1.785E+03   0.000E+00
   1.789E+03   0.000E+00
   1.792E+03   0.000E+00
   1.796E+03   0.000E+00
   1.800E+03   0.000E+00
