   2.730E+02   2.065E+00
   2.768E+02   1.598E+00
   2.807E+02   1.212E+00
   2.845E+02   8.393E-01
   2.883E+02   5.135E-01
   2.921E+02   2.333E-01
   2.960E+02   1.556E-03
   2.998E+02   9.415E-02
   3.036E+02   1.931E-01
   3.074E+02   2.811E-01
   3.113E+02   3.625E-01
   3.151E+02   4.391E-01
   3.189E+02   5.104E-01
   3.228E+02   5.772E-01
   3.266E+02   6.386E-01
   3.304E+02   6.958E-01
   3.342E+02   7.488E-01
   3.381E+02   7.967E-01
   3.419E+02   8.426E-01
   3.457E+02   8.830E-01
   3.495E+02   9.197E-01
   3.534E+02   9.542E-01
   3.572E+02   9.850E-01
   3.610E+02   1.013E+00
   3.648E+02   1.038E+00
   3.687E+02   1.059E+00
   3.725E+02   1.077E+00
   3.763E+02   1.092E+00
   3.802E+02   1.105E+00
   3.840E+02   1.115E+00
   3.878E+02   1.123E+00
   3.916E+02   1.129E+00
   3.955E+02   1.131E+00
   3.993E+02   1.132E+00
   4.031E+02   1.130E+00
   4.069E+02   1.125E+00
   4.108E+02   1.119E+00
   4.146E+02   1.112E+00
   4.184E+02   1.102E+00
   4.223E+02   1.090E+00
   4.261E+02   1.076E+00
   4.299E+02   1.061E+00
   4.337E+02   1.044E+00
   4.376E+02   1.027E+00
   4.414E+02   1.007E+00
   4.452E+02   9.848E-01
   4.490E+02   9.628E-01
   4.529E+02   9.396E-01
   4.567E+02   9.149E-01
   4.605E+02   8.888E-01
   4.644E+02   8.620E-01
   4.682E+02   8.352E-01
   4.720E+02   8.079E-01
   4.758E+02   7.780E-01
   4.797E+02   7.486E-01
   4.835E+02   7.196E-01
   4.873E+02   6.880E-01
   4.911E+02   6.579E-01
   4.950E+02   6.269E-01
   4.988E+02   5.956E-01
   5.026E+02   5.649E-01
   5.065E+02   5.340E-01
   5.103E+02   5.038E-01
   5.141E+02   4.730E-01
   5.179E+02   4.440E-01
   5.218E+02   4.165E-01
   5.256E+02   3.889E-01
   5.294E+02   3.638E-01
   5.332E+02   3.405E-01
   5.371E+02   3.194E-01
   5.409E+02   3.022E-01
   5.447E+02   2.875E-01
   5.485E+02   2.784E-01
   5.524E+02   2.742E-01
   5.562E+02   2.747E-01
   5.600E+02   2.810E-01
   5.639E+02   2.924E-01
   5.677E+02   3.078E-01
   5.715E+02   3.259E-01
   5.753E+02   3.473E-01
   5.792E+02   3.706E-01
   5.830E+02   3.948E-01
   5.868E+02   4.202E-01
   5.906E+02   4.466E-01
   5.945E+02   4.729E-01
   5.983E+02   5.004E-01
   6.021E+02   5.281E-01
   6.060E+02   5.553E-01
   6.098E+02   5.828E-01
   6.136E+02   6.105E-01
   6.174E+02   6.376E-01
   6.213E+02   6.640E-01
   6.251E+02   6.903E-01
   6.289E+02   7.171E-01
   6.327E+02   7.427E-01
   6.366E+02   7.672E-01
   6.404E+02   7.933E-01
   6.442E+02   8.161E-01
   6.481E+02   8.397E-01
   6.519E+02   8.633E-01
   6.557E+02   8.852E-01
   6.595E+02   9.069E-01
   6.634E+02   9.276E-01
   6.672E+02   9.479E-01
   6.710E+02   9.675E-01
   6.748E+02   9.871E-01
   6.787E+02   1.006E+00
   6.825E+02   1.023E+00
   6.863E+02   1.040E+00
   6.902E+02   1.056E+00
   6.940E+02   1.073E+00
   6.978E+02   1.086E+00
   7.016E+02   1.101E+00
   7.055E+02   1.114E+00
   7.093E+02   1.126E+00
   7.131E+02   1.140E+00
   7.169E+02   1.150E+00
   7.208E+02   1.161E+00
   7.246E+02   1.170E+00
   7.284E+02   1.178E+00
   7.322E+02   1.188E+00
   7.361E+02   1.196E+00
   7.399E+02   1.202E+00
   7.437E+02   1.208E+00
   7.476E+02   1.213E+00
   7.514E+02   1.218E+00
   7.552E+02   1.224E+00
   7.590E+02   1.227E+00
   7.629E+02   1.230E+00
   7.667E+02   1.232E+00
   7.705E+02   1.234E+00
   7.743E+02   1.234E+00
   7.782E+02   1.234E+00
   7.820E+02   1.234E+00
   7.858E+02   1.233E+00
   7.897E+02   1.233E+00
   7.935E+02   1.230E+00
   7.973E+02   1.228E+00
   8.011E+02   1.224E+00
   8.050E+02   1.220E+00
   8.088E+02   1.217E+00
   8.126E+02   1.212E+00
   8.164E+02   1.207E+00
   8.203E+02   1.202E+00
   8.241E+02   1.196E+00
   8.279E+02   1.190E+00
   8.318E+02   1.183E+00
   8.356E+02   1.175E+00
   8.394E+02   1.166E+00
   8.432E+02   1.158E+00
   8.471E+02   1.149E+00
   8.509E+02   1.141E+00
   8.547E+02   1.132E+00
   8.585E+02   1.122E+00
   8.624E+02   1.111E+00
   8.662E+02   1.101E+00
   8.700E+02   1.091E+00
   8.738E+02   1.079E+00
   8.777E+02   1.068E+00
   8.815E+02   1.056E+00
   8.853E+02   1.044E+00
   8.892E+02   1.030E+00
   8.930E+02   1.018E+00
   8.968E+02   1.005E+00
   9.006E+02   9.916E-01
   9.045E+02   9.793E-01
   9.083E+02   9.648E-01
   9.121E+02   9.514E-01
   9.159E+02   9.370E-01
   9.198E+02   9.235E-01
   9.236E+02   9.103E-01
   9.274E+02   8.951E-01
   9.313E+02   8.809E-01
   9.351E+02   8.657E-01
   9.389E+02   8.516E-01
   9.427E+02   8.366E-01
   9.466E+02   8.219E-01
   9.504E+02   8.065E-01
   9.542E+02   7.911E-01
   9.580E+02   7.766E-01
   9.619E+02   7.625E-01
   9.657E+02   7.463E-01
   9.695E+02   7.312E-01
   9.734E+02   7.163E-01
   9.772E+02   7.007E-01
   9.810E+02   6.862E-01
   9.848E+02   6.696E-01
   9.887E+02   6.559E-01
   9.925E+02   6.408E-01
   9.963E+02   6.243E-01
   1.000E+03   6.096E-01
   1.004E+03   5.960E-01
   1.008E+03   5.803E-01
   1.012E+03   5.656E-01
   1.015E+03   5.515E-01
   1.019E+03   5.364E-01
   1.023E+03   5.217E-01
   1.027E+03   5.077E-01
   1.031E+03   4.933E-01
   1.035E+03   4.784E-01
   1.038E+03   4.653E-01
   1.042E+03   4.514E-01
   1.046E+03   4.379E-01
   1.050E+03   4.238E-01
   1.054E+03   4.113E-01
   1.058E+03   3.979E-01
   1.061E+03   3.847E-01
   1.065E+03   3.715E-01
   1.069E+03   3.592E-01
   1.073E+03   3.469E-01
   1.077E+03   3.346E-01
   1.081E+03   3.227E-01
   1.084E+03   3.109E-01
   1.088E+03   2.991E-01
   1.092E+03   2.879E-01
   1.096E+03   2.771E-01
   1.100E+03   2.656E-01
   1.103E+03   2.550E-01
   1.107E+03   2.448E-01
   1.111E+03   2.345E-01
   1.115E+03   2.246E-01
   1.119E+03   2.146E-01
   1.123E+03   2.053E-01
   1.126E+03   1.959E-01
   1.130E+03   1.869E-01
   1.134E+03   1.783E-01
   1.138E+03   1.696E-01
   1.142E+03   1.612E-01
   1.146E+03   1.533E-01
   1.149E+03   1.453E-01
   1.153E+03   1.379E-01
   1.157E+03   1.305E-01
   1.161E+03   1.235E-01
   1.165E+03   1.168E-01
   1.169E+03   1.103E-01
   1.172E+03   1.037E-01
   1.176E+03   9.778E-02
   1.180E+03   9.183E-02
   1.184E+03   8.641E-02
   1.188E+03   8.093E-02
   1.191E+03   7.571E-02
   1.195E+03   7.086E-02
   1.199E+03   6.623E-02
   1.203E+03   6.166E-02
   1.207E+03   5.755E-02
   1.211E+03   5.352E-02
   1.214E+03   4.979E-02
   1.218E+03   4.627E-02
   1.222E+03   4.290E-02
   1.226E+03   3.986E-02
   1.230E+03   3.684E-02
   1.234E+03   3.401E-02
   1.237E+03   3.135E-02
   1.241E+03   2.901E-02
   1.245E+03   2.677E-02
   1.249E+03   2.462E-02
   1.253E+03   2.267E-02
   1.257E+03   2.086E-02
   1.260E+03   1.918E-02
   1.264E+03   1.765E-02
   1.268E+03   1.625E-02
   1.272E+03   1.493E-02
   1.276E+03   1.371E-02
   1.280E+03   1.258E-02
   1.283E+03   1.156E-02
   1.287E+03   1.064E-02
   1.291E+03   9.796E-03
   1.295E+03   9.034E-03
   1.299E+03   8.323E-03
   1.302E+03   7.664E-03
   1.306E+03   7.081E-03
   1.310E+03   6.540E-03
   1.314E+03   6.041E-03
   1.318E+03   5.579E-03
   1.322E+03   5.132E-03
   1.325E+03   4.744E-03
   1.329E+03   4.370E-03
   1.333E+03   4.015E-03
   1.337E+03   3.671E-03
   1.341E+03   3.335E-03
   1.345E+03   3.026E-03
   1.348E+03   2.736E-03
   1.352E+03   2.481E-03
   1.356E+03   2.238E-03
   1.360E+03   1.990E-03
   1.364E+03   1.749E-03
   1.368E+03   1.535E-03
   1.371E+03   1.341E-03
   1.375E+03   1.176E-03
   1.379E+03   1.027E-03
   1.383E+03   9.004E-04
   1.387E+03   7.933E-04
   1.391E+03   7.042E-04
   1.394E+03   6.484E-04
   1.398E+03   6.180E-04
   1.402E+03   6.099E-04
   1.406E+03   6.274E-04
   1.410E+03   6.621E-04
   1.413E+03   7.368E-04
   1.417E+03   8.338E-04
   1.421E+03   9.414E-04
   1.425E+03   1.058E-03
   1.429E+03   1.199E-03
   1.433E+03   1.364E-03
   1.436E+03   1.535E-03
   1.440E+03   1.709E-03
   1.444E+03   1.885E-03
   1.448E+03   2.069E-03
   1.452E+03   2.244E-03
   1.456E+03   2.409E-03
   1.459E+03   2.577E-03
   1.463E+03   2.739E-03
   1.467E+03   2.898E-03
   1.471E+03   3.060E-03
   1.475E+03   3.219E-03
   1.479E+03   3.368E-03
   1.482E+03   3.511E-03
   1.486E+03   3.645E-03
   1.490E+03   3.773E-03
   1.494E+03   3.905E-03
   1.498E+03   4.035E-03
   1.501E+03   4.169E-03
   1.505E+03   4.310E-03
   1.509E+03   4.447E-03
   1.513E+03   4.576E-03
   1.517E+03   4.700E-03
   1.521E+03   4.821E-03
   1.524E+03   4.931E-03
   1.528E+03   5.048E-03
   1.532E+03   5.156E-03
   1.536E+03   5.258E-03
   1.540E+03   5.364E-03
   1.544E+03   5.456E-03
   1.547E+03   5.544E-03
   1.551E+03   5.615E-03
   1.555E+03   5.676E-03
   1.559E+03   5.728E-03
   1.563E+03   5.780E-03
   1.567E+03   5.833E-03
   1.570E+03   5.874E-03
   1.574E+03   5.899E-03
   1.578E+03   5.918E-03
   1.582E+03   5.929E-03
   1.586E+03   5.938E-03
   1.590E+03   5.948E-03
   1.593E+03   5.963E-03
   1.597E+03   5.954E-03
   1.601E+03   5.960E-03
   1.605E+03   5.957E-03
   1.609E+03   5.966E-03
   1.612E+03   5.940E-03
   1.616E+03   5.918E-03
   1.620E+03   5.879E-03
   1.624E+03   5.857E-03
   1.628E+03   5.810E-03
   1.632E+03   5.759E-03
   1.635E+03   5.696E-03
   1.639E+03   5.617E-03
   1.643E+03   5.547E-03
   1.647E+03   5.478E-03
   1.651E+03   5.359E-03
   1.655E+03   5.264E-03
   1.658E+03   5.158E-03
   1.662E+03   5.037E-03
   1.666E+03   4.956E-03
   1.670E+03   4.870E-03
   1.674E+03   4.763E-03
   1.678E+03   4.717E-03
   1.681E+03   4.737E-03
   1.685E+03   4.615E-03
   1.689E+03   4.449E-03
   1.693E+03   4.307E-03
   1.697E+03   4.168E-03
   1.700E+03   4.028E-03
   1.704E+03   3.887E-03
   1.708E+03   3.755E-03
   1.712E+03   3.649E-03
   1.716E+03   3.584E-03
   1.720E+03   3.372E-03
   1.723E+03   3.103E-03
   1.727E+03   2.999E-03
   1.731E+03   2.885E-03
   1.735E+03   2.608E-03
   1.739E+03   2.763E-03
   1.743E+03   2.619E-03
   1.746E+03   2.405E-03
   1.750E+03   2.196E-03
   1.754E+03   0.000E+00
   1.758E+03   0.000E+00
   1.762E+03   0.000E+00
   1.766E+03   0.000E+00
   1.769E+03   0.000E+00
   1.773E+03   0.000E+00
   1.777E+03   0.000E+00
   1.781E+03   0.000E+00
   1.785E+03   0.000E+00
   1.789E+03   0.000E+00
   1.792E+03   0.000E+00
   1.796E+03   0.000E+00
   1.800E+03   0.000E+00
