   2.730E+02   1.253E+01
   2.768E+02   2.029E+01
   2.807E+02   2.284E+01
   2.845E+02   2.854E+01
   2.883E+02   3.952E+03
   2.921E+02   3.150E+01
   2.960E+02   3.738E+01
   2.998E+02   1.482E+00
   3.036E+02   1.986E+00
   3.074E+02   2.403E+00
   3.113E+02   2.871E+00
   3.151E+02   3.394E+00
   3.189E+02   3.928E+00
   3.228E+02   4.461E+00
   3.266E+02   4.986E+00
   3.304E+02   5.497E+00
   3.342E+02   5.994E+00
   3.381E+02   6.474E+00
   3.419E+02   6.952E+00
   3.457E+02   7.411E+00
   3.495E+02   7.851E+00
   3.534E+02   8.283E+00
   3.572E+02   8.701E+00
   3.610E+02   9.115E+00
   3.648E+02   9.512E+00
   3.687E+02   9.887E+00
   3.725E+02   1.025E+01
   3.763E+02   1.059E+01
   3.802E+02   1.094E+01
   3.840E+02   1.128E+01
   3.878E+02   1.159E+01
   3.916E+02   1.191E+01
   3.955E+02   1.221E+01
   3.993E+02   1.250E+01
   4.031E+02   1.278E+01
   4.069E+02   1.302E+01
   4.108E+02   1.328E+01
   4.146E+02   1.353E+01
   4.184E+02   1.376E+01
   4.223E+02   1.397E+01
   4.261E+02   1.418E+01
   4.299E+02   1.438E+01
   4.337E+02   1.457E+01
   4.376E+02   1.477E+01
   4.414E+02   1.492E+01
   4.452E+02   1.509E+01
   4.490E+02   1.524E+01
   4.529E+02   1.538E+01
   4.567E+02   1.552E+01
   4.605E+02   1.566E+01
   4.644E+02   1.577E+01
   4.682E+02   1.588E+01
   4.720E+02   1.599E+01
   4.758E+02   1.608E+01
   4.797E+02   1.618E+01
   4.835E+02   1.627E+01
   4.873E+02   1.634E+01
   4.911E+02   1.642E+01
   4.950E+02   1.649E+01
   4.988E+02   1.652E+01
   5.026E+02   1.659E+01
   5.065E+02   1.662E+01
   5.103E+02   1.667E+01
   5.141E+02   1.668E+01
   5.179E+02   1.673E+01
   5.218E+02   1.675E+01
   5.256E+02   1.675E+01
   5.294E+02   1.676E+01
   5.332E+02   1.677E+01
   5.371E+02   1.678E+01
   5.409E+02   1.675E+01
   5.447E+02   1.675E+01
   5.485E+02   1.672E+01
   5.524E+02   1.671E+01
   5.562E+02   1.668E+01
   5.600E+02   1.666E+01
   5.639E+02   1.661E+01
   5.677E+02   1.660E+01
   5.715E+02   1.656E+01
   5.753E+02   1.648E+01
   5.792E+02   1.647E+01
   5.830E+02   1.641E+01
   5.868E+02   1.632E+01
   5.906E+02   1.629E+01
   5.945E+02   1.621E+01
   5.983E+02   1.614E+01
   6.021E+02   1.608E+01
   6.060E+02   1.600E+01
   6.098E+02   1.592E+01
   6.136E+02   1.583E+01
   6.174E+02   1.577E+01
   6.213E+02   1.567E+01
   6.251E+02   1.555E+01
   6.289E+02   1.549E+01
   6.327E+02   1.541E+01
   6.366E+02   1.530E+01
   6.404E+02   1.522E+01
   6.442E+02   1.511E+01
   6.481E+02   1.500E+01
   6.519E+02   1.489E+01
   6.557E+02   1.480E+01
   6.595E+02   1.469E+01
   6.634E+02   1.457E+01
   6.672E+02   1.446E+01
   6.710E+02   1.434E+01
   6.748E+02   1.424E+01
   6.787E+02   1.413E+01
   6.825E+02   1.400E+01
   6.863E+02   1.390E+01
   6.902E+02   1.379E+01
   6.940E+02   1.367E+01
   6.978E+02   1.355E+01
   7.016E+02   1.343E+01
   7.055E+02   1.332E+01
   7.093E+02   1.320E+01
   7.131E+02   1.310E+01
   7.169E+02   1.298E+01
   7.208E+02   1.287E+01
   7.246E+02   1.276E+01
   7.284E+02   1.264E+01
   7.322E+02   1.252E+01
   7.361E+02   1.242E+01
   7.399E+02   1.230E+01
   7.437E+02   1.220E+01
   7.476E+02   1.209E+01
   7.514E+02   1.201E+01
   7.552E+02   1.190E+01
   7.590E+02   1.180E+01
   7.629E+02   1.171E+01
   7.667E+02   1.161E+01
   7.705E+02   1.152E+01
   7.743E+02   1.144E+01
   7.782E+02   1.135E+01
   7.820E+02   1.128E+01
   7.858E+02   1.120E+01
   7.897E+02   1.113E+01
   7.935E+02   1.107E+01
   7.973E+02   1.101E+01
   8.011E+02   1.095E+01
   8.050E+02   1.090E+01
   8.088E+02   1.086E+01
   8.126E+02   1.081E+01
   8.164E+02   1.079E+01
   8.203E+02   1.076E+01
   8.241E+02   1.074E+01
   8.279E+02   1.071E+01
   8.318E+02   1.071E+01
   8.356E+02   1.070E+01
   8.394E+02   1.072E+01
   8.432E+02   1.072E+01
   8.471E+02   1.074E+01
   8.509E+02   1.077E+01
   8.547E+02   1.081E+01
   8.585E+02   1.084E+01
   8.624E+02   1.088E+01
   8.662E+02   1.093E+01
   8.700E+02   1.100E+01
   8.738E+02   1.106E+01
   8.777E+02   1.114E+01
   8.815E+02   1.122E+01
   8.853E+02   1.132E+01
   8.892E+02   1.139E+01
   8.930E+02   1.150E+01
   8.968E+02   1.161E+01
   9.006E+02   1.174E+01
   9.045E+02   1.187E+01
   9.083E+02   1.199E+01
   9.121E+02   1.212E+01
   9.159E+02   1.226E+01
   9.198E+02   1.240E+01
   9.236E+02   1.255E+01
   9.274E+02   1.271E+01
   9.313E+02   1.286E+01
   9.351E+02   1.302E+01
   9.389E+02   1.319E+01
   9.427E+02   1.336E+01
   9.466E+02   1.354E+01
   9.504E+02   1.370E+01
   9.542E+02   1.389E+01
   9.580E+02   1.406E+01
   9.619E+02   1.427E+01
   9.657E+02   1.444E+01
   9.695E+02   1.464E+01
   9.734E+02   1.482E+01
   9.772E+02   1.501E+01
   9.810E+02   1.522E+01
   9.848E+02   1.539E+01
   9.887E+02   1.560E+01
   9.925E+02   1.580E+01
   9.963E+02   1.597E+01
   1.000E+03   1.617E+01
   1.004E+03   1.639E+01
   1.008E+03   1.658E+01
   1.012E+03   1.678E+01
   1.015E+03   1.698E+01
   1.019E+03   1.715E+01
   1.023E+03   1.735E+01
   1.027E+03   1.754E+01
   1.031E+03   1.772E+01
   1.035E+03   1.790E+01
   1.038E+03   1.810E+01
   1.042E+03   1.827E+01
   1.046E+03   1.847E+01
   1.050E+03   1.863E+01
   1.054E+03   1.882E+01
   1.058E+03   1.898E+01
   1.061E+03   1.915E+01
   1.065E+03   1.928E+01
   1.069E+03   1.944E+01
   1.073E+03   1.960E+01
   1.077E+03   1.974E+01
   1.081E+03   1.989E+01
   1.084E+03   2.002E+01
   1.088E+03   2.015E+01
   1.092E+03   2.027E+01
   1.096E+03   2.040E+01
   1.100E+03   2.050E+01
   1.103E+03   2.060E+01
   1.107E+03   2.070E+01
   1.111E+03   2.078E+01
   1.115E+03   2.088E+01
   1.119E+03   2.094E+01
   1.123E+03   2.103E+01
   1.126E+03   2.106E+01
   1.130E+03   2.113E+01
   1.134E+03   2.116E+01
   1.138E+03   2.118E+01
   1.142E+03   2.120E+01
   1.146E+03   2.122E+01
   1.149E+03   2.121E+01
   1.153E+03   2.121E+01
   1.157E+03   2.118E+01
   1.161E+03   2.116E+01
   1.165E+03   2.112E+01
   1.169E+03   2.107E+01
   1.172E+03   2.099E+01
   1.176E+03   2.092E+01
   1.180E+03   2.083E+01
   1.184E+03   2.074E+01
   1.188E+03   2.063E+01
   1.191E+03   2.049E+01
   1.195E+03   2.036E+01
   1.199E+03   2.021E+01
   1.203E+03   2.004E+01
   1.207E+03   1.988E+01
   1.211E+03   1.969E+01
   1.214E+03   1.951E+01
   1.218E+03   1.931E+01
   1.222E+03   1.909E+01
   1.226E+03   1.887E+01
   1.230E+03   1.861E+01
   1.234E+03   1.835E+01
   1.237E+03   1.807E+01
   1.241E+03   1.780E+01
   1.245E+03   1.751E+01
   1.249E+03   1.720E+01
   1.253E+03   1.688E+01
   1.257E+03   1.655E+01
   1.260E+03   1.621E+01
   1.264E+03   1.585E+01
   1.268E+03   1.551E+01
   1.272E+03   1.513E+01
   1.276E+03   1.473E+01
   1.280E+03   1.433E+01
   1.283E+03   1.393E+01
   1.287E+03   1.353E+01
   1.291E+03   1.310E+01
   1.295E+03   1.270E+01
   1.299E+03   1.228E+01
   1.302E+03   1.185E+01
   1.306E+03   1.143E+01
   1.310E+03   1.102E+01
   1.314E+03   1.060E+01
   1.318E+03   1.018E+01
   1.322E+03   9.755E+00
   1.325E+03   9.361E+00
   1.329E+03   8.970E+00
   1.333E+03   8.576E+00
   1.337E+03   8.166E+00
   1.341E+03   7.742E+00
   1.345E+03   7.329E+00
   1.348E+03   6.942E+00
   1.352E+03   6.603E+00
   1.356E+03   6.287E+00
   1.360E+03   5.937E+00
   1.364E+03   5.554E+00
   1.368E+03   5.210E+00
   1.371E+03   4.884E+00
   1.375E+03   4.596E+00
   1.379E+03   4.314E+00
   1.383E+03   4.055E+00
   1.387E+03   3.786E+00
   1.391E+03   3.513E+00
   1.394E+03   3.317E+00
   1.398E+03   3.171E+00
   1.402E+03   3.081E+00
   1.406E+03   3.037E+00
   1.410E+03   3.042E+00
   1.413E+03   3.165E+00
   1.417E+03   3.346E+00
   1.421E+03   3.524E+00
   1.425E+03   3.701E+00
   1.429E+03   3.932E+00
   1.433E+03   4.197E+00
   1.436E+03   4.464E+00
   1.440E+03   4.717E+00
   1.444E+03   4.967E+00
   1.448E+03   5.230E+00
   1.452E+03   5.462E+00
   1.456E+03   5.666E+00
   1.459E+03   5.870E+00
   1.463E+03   6.057E+00
   1.467E+03   6.223E+00
   1.471E+03   6.387E+00
   1.475E+03   6.548E+00
   1.479E+03   6.696E+00
   1.482E+03   6.829E+00
   1.486E+03   6.945E+00
   1.490E+03   7.034E+00
   1.494E+03   7.129E+00
   1.498E+03   7.218E+00
   1.501E+03   7.305E+00
   1.505E+03   7.389E+00
   1.509E+03   7.477E+00
   1.513E+03   7.553E+00
   1.517E+03   7.609E+00
   1.521E+03   7.663E+00
   1.524E+03   7.696E+00
   1.528E+03   7.734E+00
   1.532E+03   7.747E+00
   1.536E+03   7.763E+00
   1.540E+03   7.772E+00
   1.544E+03   7.772E+00
   1.547E+03   7.781E+00
   1.551E+03   7.775E+00
   1.555E+03   7.752E+00
   1.559E+03   7.723E+00
   1.563E+03   7.689E+00
   1.567E+03   7.650E+00
   1.570E+03   7.600E+00
   1.574E+03   7.541E+00
   1.578E+03   7.481E+00
   1.582E+03   7.401E+00
   1.586E+03   7.338E+00
   1.590E+03   7.277E+00
   1.593E+03   7.214E+00
   1.597E+03   7.139E+00
   1.601E+03   7.042E+00
   1.605E+03   6.976E+00
   1.609E+03   6.918E+00
   1.612E+03   6.817E+00
   1.616E+03   6.725E+00
   1.620E+03   6.629E+00
   1.624E+03   6.535E+00
   1.628E+03   6.445E+00
   1.632E+03   6.343E+00
   1.635E+03   6.215E+00
   1.639E+03   6.115E+00
   1.643E+03   6.006E+00
   1.647E+03   5.896E+00
   1.651E+03   5.781E+00
   1.655E+03   5.669E+00
   1.658E+03   5.532E+00
   1.662E+03   5.395E+00
   1.666E+03   5.313E+00
   1.670E+03   5.182E+00
   1.674E+03   5.029E+00
   1.678E+03   4.950E+00
   1.681E+03   4.899E+00
   1.685E+03   4.796E+00
   1.689E+03   4.617E+00
   1.693E+03   4.423E+00
   1.697E+03   4.236E+00
   1.700E+03   4.155E+00
   1.704E+03   4.016E+00
   1.708E+03   3.893E+00
   1.712E+03   3.749E+00
   1.716E+03   3.736E+00
   1.720E+03   3.675E+00
   1.723E+03   3.596E+00
   1.727E+03   3.772E+00
   1.731E+03   3.860E+00
   1.735E+03   3.893E+00
   1.739E+03   3.607E+00
   1.743E+03   3.003E+00
   1.746E+03   1.855E+00
   1.750E+03   1.619E+00
   1.754E+03   0.000E+00
   1.758E+03   0.000E+00
   1.762E+03   0.000E+00
   1.766E+03   0.000E+00
   1.769E+03   0.000E+00
   1.773E+03   0.000E+00
   1.777E+03   0.000E+00
   1.781E+03   0.000E+00
   1.785E+03   0.000E+00
   1.789E+03   0.000E+00
   1.792E+03   0.000E+00
   1.796E+03   0.000E+00
   1.800E+03   0.000E+00
