   0.000E+00   2.804E+04
   2.058E-06   9.554E+03
   4.116E-06   4.305E+03
   6.175E-06   2.662E+03
   8.233E-06   1.885E+03
   1.029E-05   1.391E+03
   1.235E-05   1.132E+03
   1.441E-05   9.785E+02
   1.647E-05   9.292E+02
   1.852E-05   8.017E+02
   2.058E-05   6.707E+02
   2.264E-05   6.172E+02
   2.470E-05   5.983E+02
   2.676E-05   5.441E+02
   2.881E-05   4.920E+02
   3.087E-05   4.572E+02
   3.293E-05   4.208E+02
   3.499E-05   3.907E+02
   3.705E-05   3.721E+02
   3.911E-05   3.560E+02
   4.116E-05   3.382E+02
   4.322E-05   3.227E+02
   4.528E-05   3.118E+02
   4.734E-05   3.045E+02
   4.940E-05   2.984E+02
   5.145E-05   2.932E+02
   5.351E-05   2.889E+02
   5.557E-05   2.819E+02
   5.763E-05   2.748E+02
   5.969E-05   2.682E+02
   6.175E-05   2.625E+02
   6.380E-05   2.573E+02
   6.586E-05   2.522E+02
   6.792E-05   2.477E+02
   6.998E-05   2.440E+02
   7.204E-05   2.410E+02
   7.409E-05   2.386E+02
   7.615E-05   2.368E+02
   7.821E-05   2.351E+02
   8.027E-05   2.346E+02
   8.233E-05   2.327E+02
   8.439E-05   2.286E+02
   8.644E-05   2.250E+02
   8.850E-05   2.205E+02
   9.056E-05   2.180E+02
   9.262E-05   2.156E+02
   9.468E-05   2.138E+02
   9.674E-05   2.118E+02
   9.879E-05   2.097E+02
   1.009E-04   2.071E+02
   1.029E-04   2.049E+02
   1.050E-04   2.026E+02
   1.070E-04   2.004E+02
   1.091E-04   1.988E+02
   1.111E-04   1.982E+02
   1.132E-04   1.971E+02
   1.153E-04   1.963E+02
   1.173E-04   1.956E+02
   1.194E-04   1.951E+02
   1.214E-04   1.938E+02
   1.235E-04   1.928E+02
   1.255E-04   1.908E+02
   1.276E-04   1.891E+02
   1.297E-04   1.881E+02
   1.317E-04   1.873E+02
   1.338E-04   1.864E+02
   1.358E-04   1.867E+02
   1.379E-04   1.861E+02
   1.400E-04   1.852E+02
   1.420E-04   1.856E+02
   1.441E-04   1.863E+02
   1.461E-04   1.852E+02
   1.482E-04   1.852E+02
   1.502E-04   1.851E+02
   1.523E-04   1.833E+02
   1.544E-04   1.837E+02
   1.564E-04   1.838E+02
   1.585E-04   1.836E+02
   1.605E-04   1.829E+02
   1.626E-04   1.835E+02
   1.647E-04   1.825E+02
   1.667E-04   1.829E+02
   1.688E-04   1.830E+02
   1.708E-04   1.833E+02
   1.729E-04   1.837E+02
   1.749E-04   1.844E+02
   1.770E-04   1.845E+02
   1.791E-04   1.840E+02
   1.811E-04   1.840E+02
   1.832E-04   1.840E+02
   1.852E-04   1.854E+02
   1.873E-04   1.849E+02
   1.894E-04   1.855E+02
   1.914E-04   1.865E+02
   1.935E-04   1.874E+02
   1.955E-04   1.873E+02
   1.976E-04   1.882E+02
   1.996E-04   1.876E+02
   2.017E-04   1.885E+02
   2.038E-04   1.888E+02
   2.058E-04   1.891E+02
   2.079E-04   1.896E+02
   2.099E-04   1.904E+02
   2.120E-04   1.910E+02
   2.141E-04   1.917E+02
   2.161E-04   1.922E+02
   2.182E-04   1.937E+02
   2.202E-04   1.932E+02
   2.223E-04   1.950E+02
   2.243E-04   1.957E+02
   2.264E-04   1.968E+02
   2.285E-04   1.968E+02
   2.305E-04   1.988E+02
   2.326E-04   1.993E+02
   2.346E-04   1.998E+02
   2.367E-04   2.004E+02
   2.388E-04   2.025E+02
   2.408E-04   2.035E+02
   2.429E-04   2.043E+02
   2.449E-04   2.054E+02
   2.470E-04   2.068E+02
   2.490E-04   2.079E+02
   2.511E-04   2.091E+02
   2.532E-04   2.111E+02
   2.552E-04   2.110E+02
   2.573E-04   2.130E+02
   2.593E-04   2.140E+02
   2.614E-04   2.158E+02
   2.634E-04   2.176E+02
   2.655E-04   2.186E+02
   2.676E-04   2.189E+02
   2.696E-04   2.236E+02
   2.717E-04   2.237E+02
   2.737E-04   2.247E+02
   2.758E-04   2.276E+02
   2.779E-04   2.299E+02
   2.799E-04   2.329E+02
   2.820E-04   2.361E+02
   2.840E-04   2.358E+02
   2.861E-04   2.383E+02
   2.881E-04   2.395E+02
   2.902E-04   2.432E+02
   2.923E-04   2.450E+02
   2.943E-04   2.471E+02
   2.964E-04   2.498E+02
   2.984E-04   2.493E+02
   3.005E-04   2.518E+02
   3.026E-04   2.530E+02
   3.046E-04   2.581E+02
   3.067E-04   2.583E+02
   3.087E-04   2.607E+02
   3.108E-04   2.624E+02
   3.128E-04   2.658E+02
   3.149E-04   2.644E+02
   3.170E-04   2.682E+02
   3.190E-04   2.733E+02
   3.211E-04   2.710E+02
   3.231E-04   2.737E+02
   3.252E-04   2.739E+02
   3.273E-04   2.749E+02
   3.293E-04   2.799E+02
   3.314E-04   2.802E+02
   3.334E-04   2.803E+02
   3.355E-04   2.828E+02
   3.375E-04   2.856E+02
   3.396E-04   2.894E+02
   3.417E-04   2.866E+02
   3.437E-04   2.869E+02
   3.458E-04   2.890E+02
   3.478E-04   2.901E+02
   3.499E-04   2.918E+02
   3.520E-04   2.924E+02
   3.540E-04   2.951E+02
   3.561E-04   2.977E+02
   3.581E-04   2.983E+02
   3.602E-04   3.004E+02
   3.622E-04   3.012E+02
   3.643E-04   3.012E+02
   3.664E-04   3.027E+02
   3.684E-04   3.036E+02
   3.705E-04   3.047E+02
   3.725E-04   3.048E+02
   3.746E-04   3.086E+02
   3.766E-04   3.092E+02
   3.787E-04   3.120E+02
   3.808E-04   3.089E+02
   3.828E-04   3.120E+02
   3.849E-04   3.106E+02
   3.869E-04   3.117E+02
   3.890E-04   3.163E+02
   3.911E-04   3.136E+02
   3.931E-04   3.134E+02
   3.952E-04   3.157E+02
   3.972E-04   3.165E+02
   3.993E-04   3.175E+02
   4.013E-04   3.189E+02
   4.034E-04   3.173E+02
   4.055E-04   3.178E+02
   4.075E-04   3.216E+02
   4.096E-04   3.212E+02
   4.116E-04   3.175E+02
   4.137E-04   3.248E+02
   4.158E-04   3.242E+02
   4.178E-04   3.251E+02
   4.199E-04   3.224E+02
   4.219E-04   3.242E+02
   4.240E-04   3.256E+02
   4.260E-04   3.256E+02
   4.281E-04   3.270E+02
   4.302E-04   3.248E+02
   4.322E-04   3.246E+02
   4.343E-04   3.272E+02
   4.363E-04   3.246E+02
   4.384E-04   3.287E+02
   4.405E-04   3.279E+02
   4.425E-04   3.290E+02
   4.446E-04   3.255E+02
   4.466E-04   3.317E+02
   4.487E-04   3.281E+02
   4.507E-04   3.264E+02
   4.528E-04   3.306E+02
   4.549E-04   3.324E+02
   4.569E-04   3.284E+02
   4.590E-04   3.268E+02
   4.610E-04   3.317E+02
   4.631E-04   3.287E+02
   4.652E-04   3.248E+02
   4.672E-04   3.282E+02
   4.693E-04   3.282E+02
   4.713E-04   3.336E+02
   4.734E-04   3.293E+02
   4.754E-04   3.310E+02
   4.775E-04   3.270E+02
   4.796E-04   3.298E+02
   4.816E-04   3.296E+02
   4.837E-04   3.294E+02
   4.857E-04   3.301E+02
   4.878E-04   3.248E+02
   4.899E-04   3.302E+02
   4.919E-04   3.303E+02
   4.940E-04   3.252E+02
   4.960E-04   3.232E+02
   4.981E-04   3.295E+02
   5.001E-04   3.267E+02
   5.022E-04   3.258E+02
   5.043E-04   3.262E+02
   5.063E-04   3.260E+02
   5.084E-04   3.291E+02
   5.104E-04   3.286E+02
   5.125E-04   3.233E+02
   5.145E-04   3.252E+02
   5.166E-04   3.242E+02
   5.187E-04   3.277E+02
   5.207E-04   3.251E+02
   5.228E-04   3.235E+02
   5.248E-04   3.193E+02
   5.269E-04   3.258E+02
   5.290E-04   3.226E+02
   5.310E-04   3.214E+02
   5.331E-04   3.235E+02
   5.351E-04   3.171E+02
   5.372E-04   3.150E+02
   5.392E-04   3.198E+02
   5.413E-04   3.204E+02
   5.434E-04   3.155E+02
   5.454E-04   3.157E+02
   5.475E-04   3.155E+02
   5.495E-04   3.134E+02
   5.516E-04   3.192E+02
   5.537E-04   3.162E+02
   5.557E-04   3.143E+02
   5.578E-04   3.117E+02
   5.598E-04   3.137E+02
   5.619E-04   3.141E+02
   5.639E-04   3.135E+02
   5.660E-04   3.117E+02
   5.681E-04   3.041E+02
   5.701E-04   3.107E+02
   5.722E-04   3.070E+02
   5.742E-04   3.076E+02
   5.763E-04   3.063E+02
   5.784E-04   3.129E+02
   5.804E-04   3.048E+02
   5.825E-04   3.084E+02
   5.845E-04   3.062E+02
   5.866E-04   3.025E+02
   5.886E-04   3.022E+02
   5.907E-04   3.027E+02
   5.928E-04   2.988E+02
   5.948E-04   3.054E+02
   5.969E-04   3.010E+02
   5.989E-04   3.001E+02
   6.010E-04   2.972E+02
   6.031E-04   2.981E+02
   6.051E-04   2.948E+02
   6.072E-04   2.955E+02
   6.092E-04   2.945E+02
   6.113E-04   2.962E+02
   6.133E-04   2.946E+02
   6.154E-04   9.484E+11
