   2.730E+02   1.815E+01
   2.781E+02   1.723E+01
   2.832E+02   1.564E+01
   2.883E+02   1.284E+01
   2.934E+02   8.555E+00
   2.985E+02   3.121E+00
   3.036E+02   9.262E+00
   3.087E+02   1.448E+01
   3.139E+02   1.940E+01
   3.190E+02   2.434E+01
   3.241E+02   2.941E+01
   3.292E+02   3.427E+01
   3.343E+02   3.899E+01
   3.394E+02   4.363E+01
   3.445E+02   4.830E+01
   3.496E+02   5.276E+01
   3.547E+02   5.732E+01
   3.598E+02   6.213E+01
   3.649E+02   6.711E+01
   3.700E+02   7.153E+01
   3.751E+02   7.621E+01
   3.802E+02   8.066E+01
   3.854E+02   8.477E+01
   3.905E+02   8.919E+01
   3.956E+02   9.358E+01
   4.007E+02   9.820E+01
   4.058E+02   1.026E+02
   4.109E+02   1.065E+02
   4.160E+02   1.108E+02
   4.211E+02   1.151E+02
   4.262E+02   1.194E+02
   4.313E+02   1.227E+02
   4.364E+02   1.266E+02
   4.415E+02   1.301E+02
   4.466E+02   1.337E+02
   4.517E+02   1.377E+02
   4.569E+02   1.418E+02
   4.620E+02   1.448E+02
   4.671E+02   1.481E+02
   4.722E+02   1.523E+02
   4.773E+02   1.560E+02
   4.824E+02   1.594E+02
   4.875E+02   1.627E+02
   4.926E+02   1.657E+02
   4.977E+02   1.696E+02
   5.028E+02   1.727E+02
   5.079E+02   1.765E+02
   5.130E+02   1.797E+02
   5.181E+02   1.824E+02
   5.232E+02   1.858E+02
   5.284E+02   1.882E+02
   5.335E+02   1.919E+02
   5.386E+02   1.952E+02
   5.437E+02   1.982E+02
   5.488E+02   2.012E+02
   5.539E+02   2.041E+02
   5.590E+02   2.062E+02
   5.641E+02   2.099E+02
   5.692E+02   2.121E+02
   5.743E+02   2.140E+02
   5.794E+02   2.170E+02
   5.845E+02   2.197E+02
   5.896E+02   2.222E+02
   5.947E+02   2.250E+02
   5.998E+02   2.275E+02
   6.050E+02   2.306E+02
   6.101E+02   2.330E+02
   6.152E+02   2.349E+02
   6.203E+02   2.364E+02
   6.254E+02   2.394E+02
   6.305E+02   2.417E+02
   6.356E+02   2.436E+02
   6.407E+02   2.456E+02
   6.458E+02   2.479E+02
   6.509E+02   2.494E+02
   6.560E+02   2.516E+02
   6.611E+02   2.539E+02
   6.662E+02   2.557E+02
   6.713E+02   2.581E+02
   6.765E+02   2.607E+02
   6.816E+02   2.615E+02
   6.867E+02   2.626E+02
   6.918E+02   2.642E+02
   6.969E+02   2.667E+02
   7.020E+02   2.687E+02
   7.071E+02   2.692E+02
   7.122E+02   2.709E+02
   7.173E+02   2.722E+02
   7.224E+02   2.749E+02
   7.275E+02   2.746E+02
   7.326E+02   2.767E+02
   7.377E+02   2.776E+02
   7.428E+02   2.789E+02
   7.480E+02   2.799E+02
   7.531E+02   2.813E+02
   7.582E+02   2.827E+02
   7.633E+02   2.841E+02
   7.684E+02   2.857E+02
   7.735E+02   2.866E+02
   7.786E+02   2.873E+02
   7.837E+02   2.888E+02
   7.888E+02   2.900E+02
   7.939E+02   2.916E+02
   7.990E+02   2.922E+02
   8.041E+02   2.921E+02
   8.092E+02   2.929E+02
   8.143E+02   2.949E+02
   8.195E+02   2.948E+02
   8.246E+02   2.964E+02
   8.297E+02   2.969E+02
   8.348E+02   2.984E+02
   8.399E+02   2.993E+02
   8.450E+02   2.993E+02
   8.501E+02   3.001E+02
   8.552E+02   3.013E+02
   8.603E+02   3.014E+02
   8.654E+02   3.022E+02
   8.705E+02   3.018E+02
   8.756E+02   3.031E+02
   8.807E+02   3.034E+02
   8.858E+02   3.030E+02
   8.909E+02   3.045E+02
   8.961E+02   3.049E+02
   9.012E+02   3.049E+02
   9.063E+02   3.053E+02
   9.114E+02   3.050E+02
   9.165E+02   3.055E+02
   9.216E+02   3.064E+02
   9.267E+02   3.072E+02
   9.318E+02   3.066E+02
   9.369E+02   3.074E+02
   9.420E+02   3.070E+02
   9.471E+02   3.055E+02
   9.522E+02   3.067E+02
   9.573E+02   3.056E+02
   9.624E+02   3.059E+02
   9.676E+02   3.060E+02
   9.727E+02   3.058E+02
   9.778E+02   3.052E+02
   9.829E+02   3.042E+02
   9.880E+02   3.039E+02
   9.931E+02   3.030E+02
   9.982E+02   3.020E+02
   1.003E+03   3.013E+02
   1.008E+03   3.006E+02
   1.014E+03   3.001E+02
   1.019E+03   2.985E+02
   1.024E+03   2.978E+02
   1.029E+03   2.967E+02
   1.034E+03   2.948E+02
   1.039E+03   2.937E+02
   1.044E+03   2.922E+02
   1.049E+03   2.919E+02
   1.054E+03   2.893E+02
   1.059E+03   2.876E+02
   1.065E+03   2.854E+02
   1.070E+03   2.831E+02
   1.075E+03   2.818E+02
   1.080E+03   2.780E+02
   1.085E+03   2.761E+02
   1.090E+03   2.742E+02
   1.095E+03   2.709E+02
   1.100E+03   2.682E+02
   1.105E+03   2.650E+02
   1.111E+03   2.633E+02
   1.116E+03   2.586E+02
   1.121E+03   2.563E+02
   1.126E+03   2.533E+02
   1.131E+03   2.499E+02
   1.136E+03   2.459E+02
   1.141E+03   2.436E+02
   1.146E+03   2.392E+02
   1.151E+03   2.360E+02
   1.157E+03   2.327E+02
   1.162E+03   2.294E+02
   1.167E+03   2.251E+02
   1.172E+03   2.201E+02
   1.177E+03   2.163E+02
   1.182E+03   2.121E+02
   1.187E+03   2.070E+02
   1.192E+03   2.025E+02
   1.197E+03   1.969E+02
   1.202E+03   1.934E+02
   1.208E+03   1.876E+02
   1.213E+03   1.823E+02
   1.218E+03   1.767E+02
   1.223E+03   1.716E+02
   1.228E+03   1.666E+02
   1.233E+03   1.609E+02
   1.238E+03   1.554E+02
   1.243E+03   1.499E+02
   1.248E+03   1.437E+02
   1.254E+03   1.381E+02
   1.259E+03   1.322E+02
   1.264E+03   1.261E+02
   1.269E+03   1.202E+02
   1.274E+03   1.142E+02
   1.279E+03   1.084E+02
   1.284E+03   1.024E+02
   1.289E+03   9.688E+01
   1.294E+03   9.070E+01
   1.300E+03   8.453E+01
   1.305E+03   7.778E+01
   1.310E+03   7.229E+01
   1.315E+03   6.684E+01
   1.320E+03   6.148E+01
   1.325E+03   5.622E+01
   1.330E+03   5.110E+01
   1.335E+03   4.692E+01
   1.340E+03   4.246E+01
   1.345E+03   3.805E+01
   1.351E+03   3.399E+01
   1.356E+03   2.987E+01
   1.361E+03   2.560E+01
   1.366E+03   2.159E+01
   1.371E+03   1.827E+01
   1.376E+03   1.507E+01
   1.381E+03   1.218E+01
   1.386E+03   9.425E+00
   1.391E+03   8.086E+00
   1.397E+03   7.899E+00
   1.402E+03   7.550E+00
   1.407E+03   7.186E+00
   1.412E+03   7.272E+00
   1.417E+03   8.417E+00
   1.422E+03   9.890E+00
   1.427E+03   1.109E+01
   1.432E+03   1.234E+01
   1.437E+03   1.417E+01
   1.443E+03   1.585E+01
   1.448E+03   1.745E+01
   1.453E+03   1.906E+01
   1.458E+03   2.060E+01
   1.463E+03   2.195E+01
   1.468E+03   2.330E+01
   1.473E+03   2.474E+01
   1.478E+03   2.610E+01
   1.483E+03   2.676E+01
   1.488E+03   2.720E+01
   1.494E+03   2.783E+01
   1.499E+03   2.829E+01
   1.504E+03   2.886E+01
   1.509E+03   2.943E+01
   1.514E+03   2.983E+01
   1.519E+03   2.994E+01
   1.524E+03   3.001E+01
   1.529E+03   3.005E+01
   1.534E+03   3.044E+01
   1.540E+03   3.083E+01
   1.545E+03   3.133E+01
   1.550E+03   3.112E+01
   1.555E+03   3.082E+01
   1.560E+03   3.027E+01
   1.565E+03   2.974E+01
   1.570E+03   2.894E+01
   1.575E+03   2.850E+01
   1.580E+03   2.825E+01
   1.586E+03   2.787E+01
   1.591E+03   2.722E+01
   1.596E+03   2.636E+01
   1.601E+03   2.572E+01
   1.606E+03   2.515E+01
   1.611E+03   2.441E+01
   1.616E+03   2.348E+01
   1.621E+03   2.272E+01
   1.626E+03   2.208E+01
   1.631E+03   2.177E+01
   1.637E+03   2.133E+01
   1.642E+03   2.139E+01
   1.647E+03   2.166E+01
   1.652E+03   2.210E+01
   1.657E+03   2.291E+01
   1.662E+03   2.378E+01
   1.667E+03   2.499E+01
   1.672E+03   2.613E+01
   1.677E+03   2.793E+01
   1.683E+03   3.201E+01
   1.688E+03   3.269E+01
   1.693E+03   3.292E+01
   1.698E+03   3.301E+01
   1.703E+03   3.292E+01
   1.708E+03   3.315E+01
   1.713E+03   0.000E+00
   1.718E+03   0.000E+00
   1.723E+03   0.000E+00
   1.729E+03   0.000E+00
   1.734E+03   0.000E+00
   1.739E+03   0.000E+00
   1.744E+03   0.000E+00
   1.749E+03   0.000E+00
   1.754E+03   0.000E+00
   1.759E+03   0.000E+00
   1.764E+03   0.000E+00
   1.769E+03   0.000E+00
   1.774E+03   0.000E+00
   1.780E+03   0.000E+00
   1.785E+03   0.000E+00
   1.790E+03   0.000E+00
   1.795E+03   0.000E+00
   1.800E+03   0.000E+00
