   2.730E+02   2.178E-01
   2.781E+02   1.260E-01
   2.832E+02   8.127E-02
   2.883E+02   4.643E-02
   2.934E+02   4.195E-05
   2.985E+02   1.904E-03
   3.036E+02   7.793E-03
   3.087E+02   1.610E-02
   3.139E+02   2.650E-02
   3.190E+02   3.939E-02
   3.241E+02   5.674E-02
   3.292E+02   7.576E-02
   3.343E+02   1.003E-01
   3.394E+02   1.243E-01
   3.445E+02   1.541E-01
   3.496E+02   1.848E-01
   3.547E+02   2.190E-01
   3.598E+02   2.600E-01
   3.649E+02   3.058E-01
   3.700E+02   3.507E-01
   3.751E+02   3.991E-01
   3.802E+02   4.493E-01
   3.854E+02   4.985E-01
   3.905E+02   5.580E-01
   3.956E+02   6.093E-01
   4.007E+02   6.827E-01
   4.058E+02   7.411E-01
   4.109E+02   8.031E-01
   4.160E+02   8.746E-01
   4.211E+02   9.504E-01
   4.262E+02   1.024E+00
   4.313E+02   1.086E+00
   4.364E+02   1.153E+00
   4.415E+02   1.231E+00
   4.466E+02   1.300E+00
   4.517E+02   1.376E+00
   4.569E+02   1.457E+00
   4.620E+02   1.532E+00
   4.671E+02   1.597E+00
   4.722E+02   1.686E+00
   4.773E+02   1.760E+00
   4.824E+02   1.843E+00
   4.875E+02   1.906E+00
   4.926E+02   1.979E+00
   4.977E+02   2.061E+00
   5.028E+02   2.120E+00
   5.079E+02   2.200E+00
   5.130E+02   2.263E+00
   5.181E+02   2.328E+00
   5.232E+02   2.402E+00
   5.284E+02   2.445E+00
   5.335E+02   2.512E+00
   5.386E+02   2.582E+00
   5.437E+02   2.627E+00
   5.488E+02   2.681E+00
   5.539E+02   2.737E+00
   5.590E+02   2.773E+00
   5.641E+02   2.845E+00
   5.692E+02   2.878E+00
   5.743E+02   2.885E+00
   5.794E+02   2.946E+00
   5.845E+02   2.958E+00
   5.896E+02   3.000E+00
   5.947E+02   3.021E+00
   5.998E+02   3.038E+00
   6.050E+02   3.080E+00
   6.101E+02   3.089E+00
   6.152E+02   3.091E+00
   6.203E+02   3.093E+00
   6.254E+02   3.108E+00
   6.305E+02   3.121E+00
   6.356E+02   3.116E+00
   6.407E+02   3.110E+00
   6.458E+02   3.106E+00
   6.509E+02   3.092E+00
   6.560E+02   3.087E+00
   6.611E+02   3.082E+00
   6.662E+02   3.057E+00
   6.713E+02   3.049E+00
   6.765E+02   3.043E+00
   6.816E+02   3.014E+00
   6.867E+02   2.986E+00
   6.918E+02   2.959E+00
   6.969E+02   2.957E+00
   7.020E+02   2.935E+00
   7.071E+02   2.894E+00
   7.122E+02   2.878E+00
   7.173E+02   2.848E+00
   7.224E+02   2.832E+00
   7.275E+02   2.799E+00
   7.326E+02   2.777E+00
   7.377E+02   2.749E+00
   7.428E+02   2.727E+00
   7.480E+02   2.708E+00
   7.531E+02   2.680E+00
   7.582E+02   2.666E+00
   7.633E+02   2.648E+00
   7.684E+02   2.632E+00
   7.735E+02   2.609E+00
   7.786E+02   2.593E+00
   7.837E+02   2.590E+00
   7.888E+02   2.579E+00
   7.939E+02   2.572E+00
   7.990E+02   2.565E+00
   8.041E+02   2.558E+00
   8.092E+02   2.559E+00
   8.143E+02   2.569E+00
   8.195E+02   2.563E+00
   8.246E+02   2.578E+00
   8.297E+02   2.586E+00
   8.348E+02   2.604E+00
   8.399E+02   2.621E+00
   8.450E+02   2.633E+00
   8.501E+02   2.659E+00
   8.552E+02   2.687E+00
   8.603E+02   2.712E+00
   8.654E+02   2.746E+00
   8.705E+02   2.774E+00
   8.756E+02   2.818E+00
   8.807E+02   2.857E+00
   8.858E+02   2.897E+00
   8.909E+02   2.954E+00
   8.961E+02   3.005E+00
   9.012E+02   3.057E+00
   9.063E+02   3.120E+00
   9.114E+02   3.177E+00
   9.165E+02   3.243E+00
   9.216E+02   3.318E+00
   9.267E+02   3.396E+00
   9.318E+02   3.470E+00
   9.369E+02   3.548E+00
   9.420E+02   3.624E+00
   9.471E+02   3.699E+00
   9.522E+02   3.798E+00
   9.573E+02   3.880E+00
   9.624E+02   3.975E+00
   9.676E+02   4.072E+00
   9.727E+02   4.172E+00
   9.778E+02   4.266E+00
   9.829E+02   4.359E+00
   9.880E+02   4.463E+00
   9.931E+02   4.564E+00
   9.982E+02   4.670E+00
   1.003E+03   4.772E+00
   1.008E+03   4.880E+00
   1.014E+03   4.995E+00
   1.019E+03   5.097E+00
   1.024E+03   5.209E+00
   1.029E+03   5.327E+00
   1.034E+03   5.421E+00
   1.039E+03   5.536E+00
   1.044E+03   5.644E+00
   1.049E+03   5.777E+00
   1.054E+03   5.856E+00
   1.059E+03   5.975E+00
   1.065E+03   6.063E+00
   1.070E+03   6.160E+00
   1.075E+03   6.278E+00
   1.080E+03   6.338E+00
   1.085E+03   6.433E+00
   1.090E+03   6.542E+00
   1.095E+03   6.611E+00
   1.100E+03   6.688E+00
   1.105E+03   6.755E+00
   1.111E+03   6.856E+00
   1.116E+03   6.881E+00
   1.121E+03   6.958E+00
   1.126E+03   7.026E+00
   1.131E+03   7.074E+00
   1.136E+03   7.105E+00
   1.141E+03   7.178E+00
   1.146E+03   7.187E+00
   1.151E+03   7.225E+00
   1.157E+03   7.263E+00
   1.162E+03   7.299E+00
   1.167E+03   7.296E+00
   1.172E+03   7.260E+00
   1.177E+03   7.263E+00
   1.182E+03   7.251E+00
   1.187E+03   7.191E+00
   1.192E+03   7.153E+00
   1.197E+03   7.064E+00
   1.202E+03   7.056E+00
   1.208E+03   6.947E+00
   1.213E+03   6.853E+00
   1.218E+03   6.735E+00
   1.223E+03   6.634E+00
   1.228E+03   6.524E+00
   1.233E+03   6.376E+00
   1.238E+03   6.241E+00
   1.243E+03   6.090E+00
   1.248E+03   5.904E+00
   1.254E+03   5.727E+00
   1.259E+03   5.534E+00
   1.264E+03   5.326E+00
   1.269E+03   5.115E+00
   1.274E+03   4.890E+00
   1.279E+03   4.675E+00
   1.284E+03   4.433E+00
   1.289E+03   4.220E+00
   1.294E+03   3.961E+00
   1.300E+03   3.699E+00
   1.305E+03   3.400E+00
   1.310E+03   3.154E+00
   1.315E+03   2.910E+00
   1.320E+03   2.662E+00
   1.325E+03   2.415E+00
   1.330E+03   2.170E+00
   1.335E+03   1.971E+00
   1.340E+03   1.757E+00
   1.345E+03   1.548E+00
   1.351E+03   1.355E+00
   1.356E+03   1.163E+00
   1.361E+03   9.652E-01
   1.366E+03   7.845E-01
   1.371E+03   6.354E-01
   1.376E+03   4.987E-01
   1.381E+03   3.801E-01
   1.386E+03   2.748E-01
   1.391E+03   2.224E-01
   1.397E+03   2.095E-01
   1.402E+03   1.963E-01
   1.407E+03   1.872E-01
   1.412E+03   1.969E-01
   1.417E+03   2.437E-01
   1.422E+03   3.084E-01
   1.427E+03   3.729E-01
   1.432E+03   4.447E-01
   1.437E+03   5.469E-01
   1.443E+03   6.487E-01
   1.448E+03   7.562E-01
   1.453E+03   8.700E-01
   1.458E+03   9.847E-01
   1.463E+03   1.094E+00
   1.468E+03   1.207E+00
   1.473E+03   1.329E+00
   1.478E+03   1.441E+00
   1.483E+03   1.514E+00
   1.488E+03   1.576E+00
   1.494E+03   1.651E+00
   1.499E+03   1.713E+00
   1.504E+03   1.781E+00
   1.509E+03   1.852E+00
   1.514E+03   1.917E+00
   1.519E+03   1.953E+00
   1.524E+03   1.988E+00
   1.529E+03   2.029E+00
   1.534E+03   2.085E+00
   1.540E+03   2.142E+00
   1.545E+03   2.205E+00
   1.550E+03   2.216E+00
   1.555E+03   2.221E+00
   1.560E+03   2.210E+00
   1.565E+03   2.208E+00
   1.570E+03   2.182E+00
   1.575E+03   2.170E+00
   1.580E+03   2.169E+00
   1.586E+03   2.160E+00
   1.591E+03   2.139E+00
   1.596E+03   2.108E+00
   1.601E+03   2.099E+00
   1.606E+03   2.082E+00
   1.611E+03   2.047E+00
   1.616E+03   2.018E+00
   1.621E+03   1.995E+00
   1.626E+03   1.979E+00
   1.631E+03   1.938E+00
   1.637E+03   1.910E+00
   1.642E+03   1.942E+00
   1.647E+03   1.988E+00
   1.652E+03   2.003E+00
   1.657E+03   2.079E+00
   1.662E+03   2.176E+00
   1.667E+03   2.370E+00
   1.672E+03   2.551E+00
   1.677E+03   2.655E+00
   1.683E+03   2.759E+00
   1.688E+03   2.636E+00
   1.693E+03   2.612E+00
   1.698E+03   2.614E+00
   1.703E+03   2.562E+00
   1.708E+03   2.599E+00
   1.713E+03   0.000E+00
   1.718E+03   0.000E+00
   1.723E+03   0.000E+00
   1.729E+03   0.000E+00
   1.734E+03   0.000E+00
   1.739E+03   0.000E+00
   1.744E+03   0.000E+00
   1.749E+03   0.000E+00
   1.754E+03   0.000E+00
   1.759E+03   0.000E+00
   1.764E+03   0.000E+00
   1.769E+03   0.000E+00
   1.774E+03   0.000E+00
   1.780E+03   0.000E+00
   1.785E+03   0.000E+00
   1.790E+03   0.000E+00
   1.795E+03   0.000E+00
   1.800E+03   0.000E+00
