   0.000E+00   1.868E+05
   1.801E-06   5.039E+04
   3.602E-06   1.582E+04
   5.403E-06   7.815E+03
   7.204E-06   3.773E+03
   9.005E-06   2.518E+03
   1.081E-05   1.753E+03
   1.261E-05   1.435E+03
   1.441E-05   1.139E+03
   1.621E-05   9.861E+02
   1.801E-05   7.771E+02
   1.981E-05   5.914E+02
   2.161E-05   4.865E+02
   2.341E-05   4.195E+02
   2.521E-05   3.638E+02
   2.702E-05   3.106E+02
   2.882E-05   2.767E+02
   3.062E-05   2.386E+02
   3.242E-05   2.116E+02
   3.422E-05   1.878E+02
   3.602E-05   1.699E+02
   3.782E-05   1.603E+02
   3.962E-05   1.445E+02
   4.142E-05   1.307E+02
   4.322E-05   1.211E+02
   4.503E-05   1.138E+02
   4.683E-05   1.080E+02
   4.863E-05   1.004E+02
   5.043E-05   9.515E+01
   5.223E-05   9.095E+01
   5.403E-05   8.663E+01
   5.583E-05   8.094E+01
   5.763E-05   7.690E+01
   5.943E-05   7.277E+01
   6.123E-05   6.977E+01
   6.304E-05   6.634E+01
   6.484E-05   6.311E+01
   6.664E-05   6.006E+01
   6.844E-05   5.713E+01
   7.024E-05   5.545E+01
   7.204E-05   5.352E+01
   7.384E-05   5.083E+01
   7.564E-05   4.890E+01
   7.744E-05   4.733E+01
   7.924E-05   4.582E+01
   8.105E-05   4.597E+01
   8.285E-05   4.475E+01
   8.465E-05   4.270E+01
   8.645E-05   4.089E+01
   8.825E-05   3.912E+01
   9.005E-05   3.762E+01
   9.185E-05   3.674E+01
   9.365E-05   3.543E+01
   9.545E-05   3.432E+01
   9.725E-05   3.332E+01
   9.906E-05   3.233E+01
   1.009E-04   3.146E+01
   1.027E-04   3.065E+01
   1.045E-04   2.999E+01
   1.063E-04   2.947E+01
   1.081E-04   2.895E+01
   1.099E-04   2.851E+01
   1.117E-04   2.789E+01
   1.135E-04   2.705E+01
   1.153E-04   2.627E+01
   1.171E-04   2.568E+01
   1.189E-04   2.511E+01
   1.207E-04   2.477E+01
   1.225E-04   2.423E+01
   1.243E-04   2.389E+01
   1.261E-04   2.314E+01
   1.279E-04   2.300E+01
   1.297E-04   2.264E+01
   1.315E-04   2.225E+01
   1.333E-04   2.180E+01
   1.351E-04   2.156E+01
   1.369E-04   2.107E+01
   1.387E-04   2.076E+01
   1.405E-04   2.052E+01
   1.423E-04   2.034E+01
   1.441E-04   2.000E+01
   1.459E-04   1.974E+01
   1.477E-04   1.921E+01
   1.495E-04   1.890E+01
   1.513E-04   1.864E+01
   1.531E-04   1.846E+01
   1.549E-04   1.822E+01
   1.567E-04   1.796E+01
   1.585E-04   1.767E+01
   1.603E-04   1.743E+01
   1.621E-04   1.719E+01
   1.639E-04   1.694E+01
   1.657E-04   1.675E+01
   1.675E-04   1.650E+01
   1.693E-04   1.649E+01
   1.711E-04   1.642E+01
   1.729E-04   1.623E+01
   1.747E-04   1.597E+01
   1.765E-04   1.579E+01
   1.783E-04   1.552E+01
   1.801E-04   1.548E+01
   1.819E-04   1.528E+01
   1.837E-04   1.509E+01
   1.855E-04   1.493E+01
   1.873E-04   1.486E+01
   1.891E-04   1.470E+01
   1.909E-04   1.464E+01
   1.927E-04   1.451E+01
   1.945E-04   1.426E+01
   1.963E-04   1.411E+01
   1.981E-04   1.405E+01
   1.999E-04   1.390E+01
   2.017E-04   1.390E+01
   2.035E-04   1.363E+01
   2.053E-04   1.345E+01
   2.071E-04   1.344E+01
   2.089E-04   1.322E+01
   2.107E-04   1.325E+01
   2.125E-04   1.320E+01
   2.143E-04   1.286E+01
   2.161E-04   1.291E+01
   2.179E-04   1.279E+01
   2.197E-04   1.271E+01
   2.215E-04   1.258E+01
   2.233E-04   1.252E+01
   2.251E-04   1.236E+01
   2.269E-04   1.222E+01
   2.287E-04   1.227E+01
   2.305E-04   1.226E+01
   2.323E-04   1.210E+01
   2.341E-04   1.193E+01
   2.359E-04   1.197E+01
   2.377E-04   1.199E+01
   2.395E-04   1.186E+01
   2.413E-04   1.172E+01
   2.431E-04   1.160E+01
   2.449E-04   1.155E+01
   2.467E-04   1.143E+01
   2.485E-04   1.141E+01
   2.503E-04   1.133E+01
   2.521E-04   1.141E+01
   2.539E-04   1.112E+01
   2.557E-04   1.135E+01
   2.575E-04   1.121E+01
   2.593E-04   1.120E+01
   2.611E-04   1.094E+01
   2.629E-04   1.098E+01
   2.647E-04   1.094E+01
   2.665E-04   1.089E+01
   2.683E-04   1.074E+01
   2.702E-04   1.069E+01
   2.720E-04   1.058E+01
   2.738E-04   1.060E+01
   2.756E-04   1.054E+01
   2.774E-04   1.055E+01
   2.792E-04   1.039E+01
   2.810E-04   1.052E+01
   2.828E-04   1.027E+01
   2.846E-04   1.036E+01
   2.864E-04   1.037E+01
   2.882E-04   1.029E+01
   2.900E-04   1.005E+01
   2.918E-04   1.020E+01
   2.936E-04   1.008E+01
   2.954E-04   9.925E+00
   2.972E-04   9.933E+00
   2.990E-04   9.943E+00
   3.008E-04   9.926E+00
   3.026E-04   9.885E+00
   3.044E-04   9.766E+00
   3.062E-04   9.775E+00
   3.080E-04   9.769E+00
   3.098E-04   9.741E+00
   3.116E-04   9.787E+00
   3.134E-04   9.814E+00
   3.152E-04   9.694E+00
   3.170E-04   9.489E+00
   3.188E-04   9.471E+00
   3.206E-04   9.497E+00
   3.224E-04   9.430E+00
   3.242E-04   9.579E+00
   3.260E-04   9.361E+00
   3.278E-04   9.379E+00
   3.296E-04   9.322E+00
   3.314E-04   9.235E+00
   3.332E-04   9.164E+00
   3.350E-04   9.193E+00
   3.368E-04   9.299E+00
   3.386E-04   9.187E+00
   3.404E-04   9.053E+00
   3.422E-04   9.154E+00
   3.440E-04   8.883E+00
   3.458E-04   8.976E+00
   3.476E-04   8.876E+00
   3.494E-04   8.955E+00
   3.512E-04   8.921E+00
   3.530E-04   8.800E+00
   3.548E-04   8.902E+00
   3.566E-04   8.847E+00
   3.584E-04   8.749E+00
   3.602E-04   8.752E+00
   3.620E-04   8.665E+00
   3.638E-04   8.648E+00
   3.656E-04   8.738E+00
   3.674E-04   8.660E+00
   3.692E-04   8.708E+00
   3.710E-04   8.651E+00
   3.728E-04   8.589E+00
   3.746E-04   8.497E+00
   3.764E-04   8.482E+00
   3.782E-04   8.598E+00
   3.800E-04   8.475E+00
   3.818E-04   8.478E+00
   3.836E-04   8.512E+00
   3.854E-04   8.388E+00
   3.872E-04   8.460E+00
   3.890E-04   8.343E+00
   3.908E-04   8.333E+00
   3.926E-04   8.255E+00
   3.944E-04   8.259E+00
   3.962E-04   8.329E+00
   3.980E-04   8.320E+00
   3.998E-04   8.310E+00
   4.016E-04   8.198E+00
   4.034E-04   8.208E+00
   4.052E-04   8.137E+00
   4.070E-04   8.167E+00
   4.088E-04   8.071E+00
   4.106E-04   8.113E+00
   4.124E-04   8.078E+00
   4.142E-04   8.070E+00
   4.160E-04   7.991E+00
   4.178E-04   8.014E+00
   4.196E-04   8.080E+00
   4.214E-04   7.971E+00
   4.232E-04   7.883E+00
   4.250E-04   7.781E+00
   4.268E-04   7.900E+00
   4.286E-04   7.853E+00
   4.304E-04   7.724E+00
   4.322E-04   7.805E+00
   4.340E-04   7.855E+00
   4.358E-04   7.840E+00
   4.376E-04   7.862E+00
   4.394E-04   7.685E+00
   4.412E-04   7.719E+00
   4.430E-04   7.848E+00
   4.448E-04   7.695E+00
   4.466E-04   7.655E+00
   4.484E-04   7.801E+00
   4.503E-04   7.702E+00
   4.521E-04   7.637E+00
   4.539E-04   7.683E+00
   4.557E-04   7.751E+00
   4.575E-04   7.710E+00
   4.593E-04   7.580E+00
   4.611E-04   7.602E+00
   4.629E-04   7.700E+00
   4.647E-04   7.575E+00
   4.665E-04   7.687E+00
   4.683E-04   7.652E+00
   4.701E-04   7.521E+00
   4.719E-04   7.560E+00
   4.737E-04   7.592E+00
   4.755E-04   7.580E+00
   4.773E-04   7.608E+00
   4.791E-04   7.545E+00
   4.809E-04   7.506E+00
   4.827E-04   7.540E+00
   4.845E-04   7.517E+00
   4.863E-04   7.566E+00
   4.881E-04   7.633E+00
   4.899E-04   7.445E+00
   4.917E-04   7.326E+00
   4.935E-04   7.412E+00
   4.953E-04   7.429E+00
   4.971E-04   7.530E+00
   4.989E-04   7.408E+00
   5.007E-04   7.520E+00
   5.025E-04   7.363E+00
   5.043E-04   7.359E+00
   5.061E-04   7.340E+00
   5.079E-04   7.355E+00
   5.097E-04   7.469E+00
   5.115E-04   7.450E+00
   5.133E-04   7.287E+00
   5.151E-04   7.383E+00
   5.169E-04   7.374E+00
   5.187E-04   7.299E+00
   5.205E-04   7.392E+00
   5.223E-04   7.272E+00
   5.241E-04   7.311E+00
   5.259E-04   7.305E+00
   5.277E-04   7.251E+00
   5.295E-04   7.283E+00
   5.313E-04   7.229E+00
   5.331E-04   7.263E+00
   5.349E-04   7.171E+00
   5.367E-04   7.201E+00
   5.385E-04   1.214E+13
