   0.000E+00   9.717E-03
   1.405E-05   1.116E-01
   2.809E-05   2.677E-01
   4.214E-05   4.402E-01
   5.619E-05   5.992E-01
   7.023E-05   7.420E-01
   8.428E-05   8.740E-01
   9.833E-05   1.010E+00
   1.124E-04   1.136E+00
   1.264E-04   1.252E+00
   1.405E-04   1.354E+00
   1.545E-04   1.449E+00
   1.686E-04   1.530E+00
   1.826E-04   1.602E+00
   1.967E-04   1.668E+00
   2.107E-04   1.726E+00
   2.247E-04   1.782E+00
   2.388E-04   1.826E+00
   2.528E-04   1.869E+00
   2.669E-04   1.901E+00
   2.809E-04   1.928E+00
   2.950E-04   1.951E+00
   3.090E-04   1.968E+00
   3.231E-04   1.985E+00
   3.371E-04   2.002E+00
   3.512E-04   2.016E+00
   3.652E-04   2.021E+00
   3.793E-04   2.031E+00
   3.933E-04   2.039E+00
   4.074E-04   2.048E+00
   4.214E-04   2.057E+00
   4.355E-04   2.068E+00
   4.495E-04   2.079E+00
   4.635E-04   2.093E+00
   4.776E-04   2.106E+00
   4.916E-04   2.129E+00
   5.057E-04   2.152E+00
   5.197E-04   2.182E+00
   5.338E-04   2.212E+00
   5.478E-04   2.248E+00
   5.619E-04   2.293E+00
   5.759E-04   2.339E+00
   5.900E-04   2.400E+00
   6.040E-04   2.454E+00
   6.181E-04   2.516E+00
   6.321E-04   2.584E+00
   6.462E-04   2.675E+00
   6.602E-04   2.738E+00
   6.742E-04   2.823E+00
   6.883E-04   2.898E+00
   7.023E-04   3.000E+00
   7.164E-04   3.099E+00
   7.304E-04   3.194E+00
   7.445E-04   3.292E+00
   7.585E-04   3.404E+00
   7.726E-04   3.505E+00
   7.866E-04   3.618E+00
   8.007E-04   3.725E+00
   8.147E-04   3.849E+00
   8.288E-04   3.950E+00
   8.428E-04   4.059E+00
   8.569E-04   4.181E+00
   8.709E-04   4.294E+00
   8.849E-04   4.400E+00
   8.990E-04   4.507E+00
   9.130E-04   4.627E+00
   9.271E-04   4.740E+00
   9.411E-04   4.841E+00
   9.552E-04   4.972E+00
   9.692E-04   5.074E+00
   9.833E-04   5.165E+00
   9.973E-04   5.295E+00
   1.011E-03   5.382E+00
   1.025E-03   5.500E+00
   1.039E-03   5.605E+00
   1.054E-03   5.700E+00
   1.068E-03   5.819E+00
   1.082E-03   5.914E+00
   1.096E-03   6.010E+00
   1.110E-03   6.120E+00
   1.124E-03   6.211E+00
   1.138E-03   6.330E+00
   1.152E-03   6.399E+00
   1.166E-03   6.506E+00
   1.180E-03   6.586E+00
   1.194E-03   6.690E+00
   1.208E-03   6.774E+00
   1.222E-03   6.871E+00
   1.236E-03   6.973E+00
   1.250E-03   7.049E+00
   1.264E-03   7.154E+00
   1.278E-03   7.228E+00
   1.292E-03   7.331E+00
   1.306E-03   7.390E+00
   1.320E-03   7.485E+00
   1.334E-03   7.558E+00
   1.348E-03   7.624E+00
   1.363E-03   7.714E+00
   1.377E-03   7.812E+00
   1.391E-03   7.856E+00
   1.405E-03   7.931E+00
   1.419E-03   8.020E+00
   1.433E-03   8.115E+00
   1.447E-03   8.190E+00
   1.461E-03   8.265E+00
   1.475E-03   8.301E+00
   1.489E-03   8.401E+00
   1.503E-03   8.434E+00
   1.517E-03   8.493E+00
   1.531E-03   8.610E+00
   1.545E-03   8.660E+00
   1.559E-03   8.745E+00
   1.573E-03   8.789E+00
   1.587E-03   8.849E+00
   1.601E-03   8.928E+00
   1.615E-03   8.983E+00
   1.629E-03   9.039E+00
   1.643E-03   9.094E+00
   1.658E-03   9.150E+00
   1.672E-03   9.216E+00
   1.686E-03   9.230E+00
   1.700E-03   9.316E+00
   1.714E-03   9.342E+00
   1.728E-03   9.424E+00
   1.742E-03   9.464E+00
   1.756E-03   9.487E+00
   1.770E-03   9.575E+00
   1.784E-03   9.636E+00
   1.798E-03   9.645E+00
   1.812E-03   9.694E+00
   1.826E-03   9.772E+00
   1.840E-03   9.826E+00
   1.854E-03   9.904E+00
   1.868E-03   9.886E+00
   1.882E-03   9.925E+00
   1.896E-03   9.980E+00
   1.910E-03   1.003E+01
   1.924E-03   1.010E+01
   1.938E-03   1.012E+01
   1.953E-03   1.017E+01
   1.967E-03   1.013E+01
   1.981E-03   1.023E+01
   1.995E-03   1.024E+01
   2.009E-03   1.030E+01
   2.023E-03   1.036E+01
   2.037E-03   1.038E+01
   2.051E-03   1.036E+01
   2.065E-03   1.043E+01
   2.079E-03   1.043E+01
   2.093E-03   1.048E+01
   2.107E-03   1.052E+01
   2.121E-03   1.057E+01
   2.135E-03   1.060E+01
   2.149E-03   1.062E+01
   2.163E-03   1.064E+01
   2.177E-03   1.074E+01
   2.191E-03   1.072E+01
   2.205E-03   1.071E+01
   2.219E-03   1.074E+01
   2.233E-03   1.078E+01
   2.247E-03   1.077E+01
   2.262E-03   1.079E+01
   2.276E-03   1.087E+01
   2.290E-03   1.086E+01
   2.304E-03   1.087E+01
   2.318E-03   1.092E+01
   2.332E-03   1.091E+01
   2.346E-03   1.092E+01
   2.360E-03   1.094E+01
   2.374E-03   1.094E+01
   2.388E-03   1.101E+01
   2.402E-03   1.106E+01
   2.416E-03   1.104E+01
   2.430E-03   1.105E+01
   2.444E-03   1.107E+01
   2.458E-03   1.105E+01
   2.472E-03   1.107E+01
   2.486E-03   1.112E+01
   2.500E-03   1.112E+01
   2.514E-03   1.111E+01
   2.528E-03   1.110E+01
   2.542E-03   1.112E+01
   2.557E-03   1.117E+01
   2.571E-03   1.114E+01
   2.585E-03   1.113E+01
   2.599E-03   1.114E+01
   2.613E-03   1.118E+01
   2.627E-03   1.118E+01
   2.641E-03   1.112E+01
   2.655E-03   1.115E+01
   2.669E-03   1.119E+01
   2.683E-03   1.119E+01
   2.697E-03   1.119E+01
   2.711E-03   1.125E+01
   2.725E-03   1.122E+01
   2.739E-03   1.126E+01
   2.753E-03   1.121E+01
   2.767E-03   1.118E+01
   2.781E-03   1.123E+01
   2.795E-03   1.122E+01
   2.809E-03   1.116E+01
   2.823E-03   1.122E+01
   2.837E-03   1.118E+01
   2.852E-03   1.117E+01
   2.866E-03   1.111E+01
   2.880E-03   1.125E+01
   2.894E-03   1.117E+01
   2.908E-03   1.118E+01
   2.922E-03   1.112E+01
   2.936E-03   1.115E+01
   2.950E-03   1.112E+01
   2.964E-03   1.107E+01
   2.978E-03   1.119E+01
   2.992E-03   1.111E+01
   3.006E-03   1.111E+01
   3.020E-03   1.103E+01
   3.034E-03   1.103E+01
   3.048E-03   1.103E+01
   3.062E-03   1.109E+01
   3.076E-03   1.109E+01
   3.090E-03   1.103E+01
   3.104E-03   1.096E+01
   3.118E-03   1.102E+01
   3.132E-03   1.097E+01
   3.146E-03   1.095E+01
   3.161E-03   1.097E+01
   3.175E-03   1.097E+01
   3.189E-03   1.089E+01
   3.203E-03   1.091E+01
   3.217E-03   1.092E+01
   3.231E-03   1.086E+01
   3.245E-03   1.086E+01
   3.259E-03   1.088E+01
   3.273E-03   1.079E+01
   3.287E-03   1.085E+01
   3.301E-03   1.078E+01
   3.315E-03   1.083E+01
   3.329E-03   1.072E+01
   3.343E-03   1.076E+01
   3.357E-03   1.067E+01
   3.371E-03   1.070E+01
   3.385E-03   1.067E+01
   3.399E-03   1.063E+01
   3.413E-03   1.056E+01
   3.427E-03   1.063E+01
   3.441E-03   1.058E+01
   3.456E-03   1.063E+01
   3.470E-03   1.064E+01
   3.484E-03   1.052E+01
   3.498E-03   1.049E+01
   3.512E-03   1.047E+01
   3.526E-03   1.044E+01
   3.540E-03   1.039E+01
   3.554E-03   1.046E+01
   3.568E-03   1.040E+01
   3.582E-03   1.028E+01
   3.596E-03   1.036E+01
   3.610E-03   1.029E+01
   3.624E-03   1.035E+01
   3.638E-03   1.026E+01
   3.652E-03   1.029E+01
   3.666E-03   1.021E+01
   3.680E-03   1.013E+01
   3.694E-03   1.013E+01
   3.708E-03   1.019E+01
   3.722E-03   1.007E+01
   3.736E-03   1.004E+01
   3.751E-03   1.006E+01
   3.765E-03   9.989E+00
   3.779E-03   9.976E+00
   3.793E-03   1.002E+01
   3.807E-03   9.958E+00
   3.821E-03   9.941E+00
   3.835E-03   9.902E+00
   3.849E-03   9.829E+00
   3.863E-03   9.745E+00
   3.877E-03   9.800E+00
   3.891E-03   9.764E+00
   3.905E-03   9.758E+00
   3.919E-03   9.690E+00
   3.933E-03   9.671E+00
   3.947E-03   9.622E+00
   3.961E-03   9.638E+00
   3.975E-03   9.584E+00
   3.989E-03   9.543E+00
   4.003E-03   9.543E+00
   4.017E-03   9.488E+00
   4.031E-03   9.536E+00
   4.045E-03   9.391E+00
   4.060E-03   9.414E+00
   4.074E-03   9.346E+00
   4.088E-03   9.301E+00
   4.102E-03   9.342E+00
   4.116E-03   9.228E+00
   4.130E-03   9.225E+00
   4.144E-03   9.175E+00
   4.158E-03   9.128E+00
   4.172E-03   9.155E+00
   4.186E-03   9.173E+00
   4.200E-03   3.000E-01
