   0.000E+00   9.863E+00
   1.672E-04   6.083E+01
   3.344E-04   8.435E+01
   5.017E-04   1.094E+02
   6.689E-04   1.364E+02
   8.361E-04   1.632E+02
   1.003E-03   1.881E+02
   1.171E-03   2.104E+02
   1.338E-03   2.299E+02
   1.505E-03   2.474E+02
   1.672E-03   2.622E+02
   1.839E-03   2.755E+02
   2.007E-03   2.871E+02
   2.174E-03   2.972E+02
   2.341E-03   3.056E+02
   2.508E-03   3.123E+02
   2.676E-03   3.189E+02
   2.843E-03   3.232E+02
   3.010E-03   3.262E+02
   3.177E-03   3.289E+02
   3.344E-03   3.306E+02
   3.512E-03   3.317E+02
   3.679E-03   3.324E+02
   3.846E-03   3.322E+02
   4.013E-03   3.320E+02
   4.181E-03   3.321E+02
   4.348E-03   3.296E+02
   4.515E-03   3.278E+02
   4.682E-03   3.252E+02
   4.849E-03   3.218E+02
   5.017E-03   3.187E+02
   5.184E-03   3.146E+02
   5.351E-03   3.100E+02
   5.518E-03   3.054E+02
   5.686E-03   3.010E+02
   5.853E-03   2.953E+02
   6.020E-03   2.905E+02
   6.187E-03   2.841E+02
   6.355E-03   2.774E+02
   6.522E-03   2.716E+02
   6.689E-03   2.644E+02
   6.856E-03   2.571E+02
   7.023E-03   2.504E+02
   7.191E-03   2.422E+02
   7.358E-03   2.341E+02
   7.525E-03   2.251E+02
   7.692E-03   2.164E+02
   7.860E-03   2.074E+02
   8.027E-03   1.979E+02
   8.194E-03   1.882E+02
   8.361E-03   1.782E+02
   8.528E-03   1.684E+02
   8.696E-03   1.578E+02
   8.863E-03   1.474E+02
   9.030E-03   1.366E+02
   9.197E-03   1.255E+02
   9.365E-03   1.150E+02
   9.532E-03   1.044E+02
   9.699E-03   9.396E+01
   9.866E-03   8.379E+01
   1.003E-02   7.378E+01
   1.020E-02   6.415E+01
   1.037E-02   5.460E+01
   1.054E-02   4.546E+01
   1.070E-02   3.681E+01
   1.087E-02   2.850E+01
   1.104E-02   2.065E+01
   1.120E-02   1.289E+01
   1.137E-02   4.229E+00
   1.154E-02   8.561E+00
   1.171E-02   0.000E+00
   1.187E-02   0.000E+00
   1.204E-02   0.000E+00
   1.221E-02   0.000E+00
   1.237E-02   0.000E+00
   1.254E-02   0.000E+00
   1.271E-02   0.000E+00
   1.288E-02   0.000E+00
   1.304E-02   0.000E+00
   1.321E-02   0.000E+00
   1.338E-02   0.000E+00
   1.355E-02   0.000E+00
   1.371E-02   0.000E+00
   1.388E-02   0.000E+00
   1.405E-02   0.000E+00
   1.421E-02   0.000E+00
   1.438E-02   0.000E+00
   1.455E-02   0.000E+00
   1.472E-02   0.000E+00
   1.488E-02   0.000E+00
   1.505E-02   0.000E+00
   1.522E-02   0.000E+00
   1.538E-02   0.000E+00
   1.555E-02   0.000E+00
   1.572E-02   0.000E+00
   1.589E-02   0.000E+00
   1.605E-02   0.000E+00
   1.622E-02   0.000E+00
   1.639E-02   0.000E+00
   1.656E-02   0.000E+00
   1.672E-02   0.000E+00
   1.689E-02   0.000E+00
   1.706E-02   0.000E+00
   1.722E-02   0.000E+00
   1.739E-02   0.000E+00
   1.756E-02   0.000E+00
   1.773E-02   0.000E+00
   1.789E-02   0.000E+00
   1.806E-02   0.000E+00
   1.823E-02   0.000E+00
   1.839E-02   0.000E+00
   1.856E-02   0.000E+00
   1.873E-02   0.000E+00
   1.890E-02   0.000E+00
   1.906E-02   0.000E+00
   1.923E-02   0.000E+00
   1.940E-02   0.000E+00
   1.957E-02   0.000E+00
   1.973E-02   0.000E+00
   1.990E-02   0.000E+00
   2.007E-02   0.000E+00
   2.023E-02   0.000E+00
   2.040E-02   0.000E+00
   2.057E-02   0.000E+00
   2.074E-02   0.000E+00
   2.090E-02   0.000E+00
   2.107E-02   0.000E+00
   2.124E-02   0.000E+00
   2.140E-02   0.000E+00
   2.157E-02   0.000E+00
   2.174E-02   0.000E+00
   2.191E-02   0.000E+00
   2.207E-02   0.000E+00
   2.224E-02   0.000E+00
   2.241E-02   0.000E+00
   2.258E-02   0.000E+00
   2.274E-02   0.000E+00
   2.291E-02   0.000E+00
   2.308E-02   0.000E+00
   2.324E-02   0.000E+00
   2.341E-02   0.000E+00
   2.358E-02   0.000E+00
   2.375E-02   0.000E+00
   2.391E-02   0.000E+00
   2.408E-02   0.000E+00
   2.425E-02   0.000E+00
   2.441E-02   0.000E+00
   2.458E-02   0.000E+00
   2.475E-02   0.000E+00
   2.492E-02   0.000E+00
   2.508E-02   0.000E+00
   2.525E-02   0.000E+00
   2.542E-02   0.000E+00
   2.559E-02   0.000E+00
   2.575E-02   0.000E+00
   2.592E-02   0.000E+00
   2.609E-02   0.000E+00
   2.625E-02   0.000E+00
   2.642E-02   0.000E+00
   2.659E-02   0.000E+00
   2.676E-02   0.000E+00
   2.692E-02   0.000E+00
   2.709E-02   0.000E+00
   2.726E-02   0.000E+00
   2.742E-02   0.000E+00
   2.759E-02   0.000E+00
   2.776E-02   0.000E+00
   2.793E-02   0.000E+00
   2.809E-02   0.000E+00
   2.826E-02   0.000E+00
   2.843E-02   0.000E+00
   2.860E-02   0.000E+00
   2.876E-02   0.000E+00
   2.893E-02   0.000E+00
   2.910E-02   0.000E+00
   2.926E-02   0.000E+00
   2.943E-02   0.000E+00
   2.960E-02   0.000E+00
   2.977E-02   0.000E+00
   2.993E-02   0.000E+00
   3.010E-02   0.000E+00
   3.027E-02   0.000E+00
   3.043E-02   0.000E+00
   3.060E-02   0.000E+00
   3.077E-02   0.000E+00
   3.094E-02   0.000E+00
   3.110E-02   0.000E+00
   3.127E-02   0.000E+00
   3.144E-02   0.000E+00
   3.161E-02   0.000E+00
   3.177E-02   0.000E+00
   3.194E-02   0.000E+00
   3.211E-02   0.000E+00
   3.227E-02   0.000E+00
   3.244E-02   0.000E+00
   3.261E-02   0.000E+00
   3.278E-02   0.000E+00
   3.294E-02   0.000E+00
   3.311E-02   0.000E+00
   3.328E-02   0.000E+00
   3.344E-02   0.000E+00
   3.361E-02   0.000E+00
   3.378E-02   0.000E+00
   3.395E-02   0.000E+00
   3.411E-02   0.000E+00
   3.428E-02   0.000E+00
   3.445E-02   0.000E+00
   3.462E-02   0.000E+00
   3.478E-02   0.000E+00
   3.495E-02   0.000E+00
   3.512E-02   0.000E+00
   3.528E-02   0.000E+00
   3.545E-02   0.000E+00
   3.562E-02   0.000E+00
   3.579E-02   0.000E+00
   3.595E-02   0.000E+00
   3.612E-02   0.000E+00
   3.629E-02   0.000E+00
   3.645E-02   0.000E+00
   3.662E-02   0.000E+00
   3.679E-02   0.000E+00
   3.696E-02   0.000E+00
   3.712E-02   0.000E+00
   3.729E-02   0.000E+00
   3.746E-02   0.000E+00
   3.763E-02   0.000E+00
   3.779E-02   0.000E+00
   3.796E-02   0.000E+00
   3.813E-02   0.000E+00
   3.829E-02   0.000E+00
   3.846E-02   0.000E+00
   3.863E-02   0.000E+00
   3.880E-02   0.000E+00
   3.896E-02   0.000E+00
   3.913E-02   0.000E+00
   3.930E-02   0.000E+00
   3.946E-02   0.000E+00
   3.963E-02   0.000E+00
   3.980E-02   0.000E+00
   3.997E-02   0.000E+00
   4.013E-02   0.000E+00
   4.030E-02   0.000E+00
   4.047E-02   0.000E+00
   4.064E-02   0.000E+00
   4.080E-02   0.000E+00
   4.097E-02   0.000E+00
   4.114E-02   0.000E+00
   4.130E-02   0.000E+00
   4.147E-02   0.000E+00
   4.164E-02   0.000E+00
   4.181E-02   0.000E+00
   4.197E-02   0.000E+00
   4.214E-02   0.000E+00
   4.231E-02   0.000E+00
   4.247E-02   0.000E+00
   4.264E-02   0.000E+00
   4.281E-02   0.000E+00
   4.298E-02   0.000E+00
   4.314E-02   0.000E+00
   4.331E-02   0.000E+00
   4.348E-02   0.000E+00
   4.365E-02   0.000E+00
   4.381E-02   0.000E+00
   4.398E-02   0.000E+00
   4.415E-02   0.000E+00
   4.431E-02   0.000E+00
   4.448E-02   0.000E+00
   4.465E-02   0.000E+00
   4.482E-02   0.000E+00
   4.498E-02   0.000E+00
   4.515E-02   0.000E+00
   4.532E-02   0.000E+00
   4.548E-02   0.000E+00
   4.565E-02   0.000E+00
   4.582E-02   0.000E+00
   4.599E-02   0.000E+00
   4.615E-02   0.000E+00
   4.632E-02   0.000E+00
   4.649E-02   0.000E+00
   4.666E-02   0.000E+00
   4.682E-02   0.000E+00
   4.699E-02   0.000E+00
   4.716E-02   0.000E+00
   4.732E-02   0.000E+00
   4.749E-02   0.000E+00
   4.766E-02   0.000E+00
   4.783E-02   0.000E+00
   4.799E-02   0.000E+00
   4.816E-02   0.000E+00
   4.833E-02   0.000E+00
   4.849E-02   0.000E+00
   4.866E-02   0.000E+00
   4.883E-02   0.000E+00
   4.900E-02   0.000E+00
   4.916E-02   0.000E+00
   4.933E-02   0.000E+00
   4.950E-02   0.000E+00
   4.967E-02   0.000E+00
   4.983E-02   0.000E+00
   5.000E-02   0.000E+00
