   0.000E+00   2.152E-04
   2.058E-06   7.260E-04
   4.116E-06   1.605E-03
   6.175E-06   2.614E-03
   8.233E-06   3.825E-03
   1.029E-05   5.323E-03
   1.235E-05   6.625E-03
   1.441E-05   7.763E-03
   1.647E-05   8.542E-03
   1.852E-05   9.826E-03
   2.058E-05   1.158E-02
   2.264E-05   1.272E-02
   2.470E-05   1.368E-02
   2.676E-05   1.493E-02
   2.881E-05   1.631E-02
   3.087E-05   1.767E-02
   3.293E-05   1.899E-02
   3.499E-05   2.035E-02
   3.705E-05   2.147E-02
   3.911E-05   2.253E-02
   4.116E-05   2.369E-02
   4.322E-05   2.475E-02
   4.528E-05   2.567E-02
   4.734E-05   2.663E-02
   4.940E-05   2.751E-02
   5.145E-05   2.828E-02
   5.351E-05   2.905E-02
   5.557E-05   2.992E-02
   5.763E-05   3.067E-02
   5.969E-05   3.154E-02
   6.175E-05   3.222E-02
   6.380E-05   3.297E-02
   6.586E-05   3.369E-02
   6.792E-05   3.450E-02
   6.998E-05   3.522E-02
   7.204E-05   3.581E-02
   7.409E-05   3.653E-02
   7.615E-05   3.709E-02
   7.821E-05   3.770E-02
   8.027E-05   3.816E-02
   8.233E-05   3.865E-02
   8.439E-05   3.925E-02
   8.644E-05   4.001E-02
   8.850E-05   4.073E-02
   9.056E-05   4.145E-02
   9.262E-05   4.219E-02
   9.468E-05   4.292E-02
   9.674E-05   4.342E-02
   9.879E-05   4.420E-02
   1.009E-04   4.484E-02
   1.029E-04   4.573E-02
   1.050E-04   4.629E-02
   1.070E-04   4.705E-02
   1.091E-04   4.777E-02
   1.111E-04   4.826E-02
   1.132E-04   4.910E-02
   1.153E-04   4.960E-02
   1.173E-04   5.031E-02
   1.194E-04   5.096E-02
   1.214E-04   5.171E-02
   1.235E-04   5.225E-02
   1.255E-04   5.288E-02
   1.276E-04   5.356E-02
   1.297E-04   5.422E-02
   1.317E-04   5.491E-02
   1.338E-04   5.555E-02
   1.358E-04   5.612E-02
   1.379E-04   5.677E-02
   1.400E-04   5.734E-02
   1.420E-04   5.785E-02
   1.441E-04   5.824E-02
   1.461E-04   5.896E-02
   1.482E-04   5.935E-02
   1.502E-04   5.975E-02
   1.523E-04   6.051E-02
   1.544E-04   6.100E-02
   1.564E-04   6.148E-02
   1.585E-04   6.200E-02
   1.605E-04   6.260E-02
   1.626E-04   6.331E-02
   1.647E-04   6.365E-02
   1.667E-04   6.416E-02
   1.688E-04   6.460E-02
   1.708E-04   6.508E-02
   1.729E-04   6.539E-02
   1.749E-04   6.600E-02
   1.770E-04   6.649E-02
   1.791E-04   6.717E-02
   1.811E-04   6.748E-02
   1.832E-04   6.813E-02
   1.852E-04   6.847E-02
   1.873E-04   6.906E-02
   1.894E-04   6.939E-02
   1.914E-04   6.981E-02
   1.935E-04   7.032E-02
   1.955E-04   7.079E-02
   1.976E-04   7.162E-02
   1.996E-04   7.181E-02
   2.017E-04   7.253E-02
   2.038E-04   7.298E-02
   2.058E-04   7.352E-02
   2.079E-04   7.377E-02
   2.099E-04   7.452E-02
   2.120E-04   7.488E-02
   2.141E-04   7.556E-02
   2.161E-04   7.588E-02
   2.182E-04   7.623E-02
   2.202E-04   7.690E-02
   2.223E-04   7.753E-02
   2.243E-04   7.767E-02
   2.264E-04   7.803E-02
   2.285E-04   7.914E-02
   2.305E-04   7.939E-02
   2.326E-04   7.973E-02
   2.346E-04   8.054E-02
   2.367E-04   8.101E-02
   2.388E-04   8.149E-02
   2.408E-04   8.210E-02
   2.429E-04   8.267E-02
   2.449E-04   8.301E-02
   2.470E-04   8.366E-02
   2.490E-04   8.398E-02
   2.511E-04   8.486E-02
   2.532E-04   8.500E-02
   2.552E-04   8.572E-02
   2.573E-04   8.618E-02
   2.593E-04   8.661E-02
   2.614E-04   8.735E-02
   2.634E-04   8.785E-02
   2.655E-04   8.845E-02
   2.676E-04   8.853E-02
   2.696E-04   8.915E-02
   2.717E-04   8.992E-02
   2.737E-04   9.030E-02
   2.758E-04   9.069E-02
   2.779E-04   9.158E-02
   2.799E-04   9.242E-02
   2.820E-04   9.233E-02
   2.840E-04   9.256E-02
   2.861E-04   9.401E-02
   2.881E-04   9.369E-02
   2.902E-04   9.400E-02
   2.923E-04   9.464E-02
   2.943E-04   9.502E-02
   2.964E-04   9.564E-02
   2.984E-04   9.620E-02
   3.005E-04   9.681E-02
   3.026E-04   9.760E-02
   3.046E-04   9.756E-02
   3.067E-04   9.796E-02
   3.087E-04   9.903E-02
   3.108E-04   9.920E-02
   3.128E-04   9.944E-02
   3.149E-04   9.998E-02
   3.170E-04   1.002E-01
   3.190E-04   1.006E-01
   3.211E-04   1.022E-01
   3.231E-04   1.021E-01
   3.252E-04   1.024E-01
   3.273E-04   1.029E-01
   3.293E-04   1.040E-01
   3.314E-04   1.041E-01
   3.334E-04   1.042E-01
   3.355E-04   1.052E-01
   3.375E-04   1.064E-01
   3.396E-04   1.066E-01
   3.417E-04   1.067E-01
   3.437E-04   1.076E-01
   3.458E-04   1.081E-01
   3.478E-04   1.078E-01
   3.499E-04   1.089E-01
   3.520E-04   1.096E-01
   3.540E-04   1.104E-01
   3.561E-04   1.111E-01
   3.581E-04   1.117E-01
   3.602E-04   1.121E-01
   3.622E-04   1.117E-01
   3.643E-04   1.133E-01
   3.664E-04   1.137E-01
   3.684E-04   1.134E-01
   3.705E-04   1.149E-01
   3.725E-04   1.149E-01
   3.746E-04   1.149E-01
   3.766E-04   1.158E-01
   3.787E-04   1.172E-01
   3.808E-04   1.167E-01
   3.828E-04   1.181E-01
   3.849E-04   1.181E-01
   3.869E-04   1.189E-01
   3.890E-04   1.192E-01
   3.911E-04   1.203E-01
   3.931E-04   1.203E-01
   3.952E-04   1.213E-01
   3.972E-04   1.216E-01
   3.993E-04   1.218E-01
   4.013E-04   1.222E-01
   4.034E-04   1.232E-01
   4.055E-04   1.239E-01
   4.075E-04   1.234E-01
   4.096E-04   1.243E-01
   4.116E-04   1.257E-01
   4.137E-04   1.252E-01
   4.158E-04   1.257E-01
   4.178E-04   1.270E-01
   4.199E-04   1.276E-01
   4.219E-04   1.282E-01
   4.240E-04   1.274E-01
   4.260E-04   1.289E-01
   4.281E-04   1.304E-01
   4.302E-04   1.305E-01
   4.322E-04   1.307E-01
   4.343E-04   1.313E-01
   4.363E-04   1.327E-01
   4.384E-04   1.320E-01
   4.405E-04   1.317E-01
   4.425E-04   1.338E-01
   4.446E-04   1.341E-01
   4.466E-04   1.339E-01
   4.487E-04   1.349E-01
   4.507E-04   1.351E-01
   4.528E-04   1.367E-01
   4.549E-04   1.371E-01
   4.569E-04   1.369E-01
   4.590E-04   1.380E-01
   4.610E-04   1.384E-01
   4.631E-04   1.392E-01
   4.652E-04   1.397E-01
   4.672E-04   1.395E-01
   4.693E-04   1.404E-01
   4.713E-04   1.408E-01
   4.734E-04   1.418E-01
   4.754E-04   1.423E-01
   4.775E-04   1.426E-01
   4.796E-04   1.428E-01
   4.816E-04   1.440E-01
   4.837E-04   1.441E-01
   4.857E-04   1.459E-01
   4.878E-04   1.456E-01
   4.899E-04   1.456E-01
   4.919E-04   1.466E-01
   4.940E-04   1.466E-01
   4.960E-04   1.484E-01
   4.981E-04   1.476E-01
   5.001E-04   1.495E-01
   5.022E-04   1.491E-01
   5.043E-04   1.490E-01
   5.063E-04   1.509E-01
   5.084E-04   1.513E-01
   5.104E-04   1.507E-01
   5.125E-04   1.523E-01
   5.145E-04   1.527E-01
   5.166E-04   1.532E-01
   5.187E-04   1.531E-01
   5.207E-04   1.543E-01
   5.228E-04   1.556E-01
   5.248E-04   1.563E-01
   5.269E-04   1.559E-01
   5.290E-04   1.570E-01
   5.310E-04   1.572E-01
   5.331E-04   1.569E-01
   5.351E-04   1.584E-01
   5.372E-04   1.589E-01
   5.392E-04   1.592E-01
   5.413E-04   1.596E-01
   5.434E-04   1.605E-01
   5.454E-04   1.606E-01
   5.475E-04   1.621E-01
   5.495E-04   1.632E-01
   5.516E-04   1.631E-01
   5.537E-04   1.633E-01
   5.557E-04   1.637E-01
   5.578E-04   1.650E-01
   5.598E-04   1.654E-01
   5.619E-04   1.662E-01
   5.639E-04   1.660E-01
   5.660E-04   1.683E-01
   5.681E-04   1.688E-01
   5.701E-04   1.683E-01
   5.722E-04   1.681E-01
   5.742E-04   1.695E-01
   5.763E-04   1.705E-01
   5.784E-04   1.692E-01
   5.804E-04   1.711E-01
   5.825E-04   1.719E-01
   5.845E-04   1.728E-01
   5.866E-04   1.736E-01
   5.886E-04   1.739E-01
   5.907E-04   1.747E-01
   5.928E-04   1.758E-01
   5.948E-04   1.754E-01
   5.969E-04   1.758E-01
   5.989E-04   1.762E-01
   6.010E-04   1.776E-01
   6.031E-04   1.774E-01
   6.051E-04   1.789E-01
   6.072E-04   1.785E-01
   6.092E-04   1.792E-01
   6.113E-04   1.803E-01
   6.133E-04   1.813E-01
   6.154E-04   2.894E-01
