   1.500E-01   1.233E+05
   1.502E-01   0.000E+00
   1.503E-01   0.000E+00
   1.505E-01   0.000E+00
   1.507E-01   0.000E+00
   1.508E-01   0.000E+00
   1.510E-01   0.000E+00
   1.512E-01   0.000E+00
   1.513E-01   0.000E+00
   1.515E-01   0.000E+00
   1.517E-01   0.000E+00
   1.518E-01   0.000E+00
   1.520E-01   0.000E+00
   1.522E-01   0.000E+00
   1.523E-01   0.000E+00
   1.525E-01   0.000E+00
   1.527E-01   0.000E+00
   1.528E-01   0.000E+00
   1.530E-01   0.000E+00
   1.532E-01   0.000E+00
   1.533E-01   0.000E+00
   1.535E-01   0.000E+00
   1.537E-01   0.000E+00
   1.538E-01   0.000E+00
   1.540E-01   0.000E+00
   1.542E-01   0.000E+00
   1.543E-01   0.000E+00
   1.545E-01   0.000E+00
   1.547E-01   0.000E+00
   1.548E-01   0.000E+00
   1.550E-01   0.000E+00
   1.552E-01   0.000E+00
   1.554E-01   0.000E+00
   1.555E-01   0.000E+00
   1.557E-01   0.000E+00
   1.559E-01   0.000E+00
   1.560E-01   0.000E+00
   1.562E-01   0.000E+00
   1.564E-01   0.000E+00
   1.565E-01   0.000E+00
   1.567E-01   0.000E+00
   1.569E-01   0.000E+00
   1.570E-01   0.000E+00
   1.572E-01   0.000E+00
   1.574E-01   0.000E+00
   1.575E-01   0.000E+00
   1.577E-01   0.000E+00
   1.579E-01   0.000E+00
   1.580E-01   0.000E+00
   1.582E-01   0.000E+00
   1.584E-01   0.000E+00
   1.585E-01   0.000E+00
   1.587E-01   0.000E+00
   1.589E-01   0.000E+00
   1.590E-01   0.000E+00
   1.592E-01   0.000E+00
   1.594E-01   0.000E+00
   1.595E-01   0.000E+00
   1.597E-01   0.000E+00
   1.599E-01   0.000E+00
   1.600E-01   0.000E+00
   1.602E-01   0.000E+00
   1.604E-01   0.000E+00
   1.605E-01   0.000E+00
   1.607E-01   0.000E+00
   1.609E-01   0.000E+00
   1.610E-01   0.000E+00
   1.612E-01   0.000E+00
   1.614E-01   0.000E+00
   1.615E-01   0.000E+00
   1.617E-01   0.000E+00
   1.619E-01   0.000E+00
   1.620E-01   0.000E+00
   1.622E-01   0.000E+00
   1.624E-01   0.000E+00
   1.625E-01   0.000E+00
   1.627E-01   0.000E+00
   1.629E-01   0.000E+00
   1.630E-01   0.000E+00
   1.632E-01   0.000E+00
   1.634E-01   0.000E+00
   1.635E-01   0.000E+00
   1.637E-01   0.000E+00
   1.639E-01   0.000E+00
   1.640E-01   0.000E+00
   1.642E-01   0.000E+00
   1.644E-01   0.000E+00
   1.645E-01   0.000E+00
   1.647E-01   0.000E+00
   1.649E-01   0.000E+00
   1.651E-01   0.000E+00
   1.652E-01   0.000E+00
   1.654E-01   0.000E+00
   1.656E-01   0.000E+00
   1.657E-01   0.000E+00
   1.659E-01   0.000E+00
   1.661E-01   0.000E+00
   1.662E-01   0.000E+00
   1.664E-01   0.000E+00
   1.666E-01   0.000E+00
   1.667E-01   0.000E+00
   1.669E-01   0.000E+00
   1.671E-01   0.000E+00
   1.672E-01   0.000E+00
   1.674E-01   0.000E+00
   1.676E-01   0.000E+00
   1.677E-01   0.000E+00
   1.679E-01   0.000E+00
   1.681E-01   0.000E+00
   1.682E-01   0.000E+00
   1.684E-01   0.000E+00
   1.686E-01   0.000E+00
   1.687E-01   0.000E+00
   1.689E-01   0.000E+00
   1.691E-01   0.000E+00
   1.692E-01   0.000E+00
   1.694E-01   0.000E+00
   1.696E-01   0.000E+00
   1.697E-01   0.000E+00
   1.699E-01   0.000E+00
   1.701E-01   0.000E+00
   1.702E-01   0.000E+00
   1.704E-01   0.000E+00
   1.706E-01   0.000E+00
   1.707E-01   0.000E+00
   1.709E-01   0.000E+00
   1.711E-01   0.000E+00
   1.712E-01   0.000E+00
   1.714E-01   0.000E+00
   1.716E-01   0.000E+00
   1.717E-01   0.000E+00
   1.719E-01   0.000E+00
   1.721E-01   0.000E+00
   1.722E-01   0.000E+00
   1.724E-01   0.000E+00
   1.726E-01   0.000E+00
   1.727E-01   0.000E+00
   1.729E-01   0.000E+00
   1.731E-01   0.000E+00
   1.732E-01   0.000E+00
   1.734E-01   0.000E+00
   1.736E-01   0.000E+00
   1.737E-01   0.000E+00
   1.739E-01   0.000E+00
   1.741E-01   0.000E+00
   1.742E-01   0.000E+00
   1.744E-01   0.000E+00
   1.746E-01   0.000E+00
   1.747E-01   0.000E+00
   1.749E-01   0.000E+00
   1.751E-01   0.000E+00
   1.753E-01   0.000E+00
   1.754E-01   0.000E+00
   1.756E-01   0.000E+00
   1.758E-01   0.000E+00
   1.759E-01   0.000E+00
   1.761E-01   0.000E+00
   1.763E-01   0.000E+00
   1.764E-01   0.000E+00
   1.766E-01   0.000E+00
   1.768E-01   0.000E+00
   1.769E-01   0.000E+00
   1.771E-01   0.000E+00
   1.773E-01   0.000E+00
   1.774E-01   0.000E+00
   1.776E-01   0.000E+00
   1.778E-01   0.000E+00
   1.779E-01   0.000E+00
   1.781E-01   0.000E+00
   1.783E-01   0.000E+00
   1.784E-01   0.000E+00
   1.786E-01   0.000E+00
   1.788E-01   0.000E+00
   1.789E-01   0.000E+00
   1.791E-01   0.000E+00
   1.793E-01   0.000E+00
   1.794E-01   0.000E+00
   1.796E-01   0.000E+00
   1.798E-01   0.000E+00
   1.799E-01   0.000E+00
   1.801E-01   0.000E+00
   1.803E-01   0.000E+00
   1.804E-01   0.000E+00
   1.806E-01   0.000E+00
   1.808E-01   0.000E+00
   1.809E-01   0.000E+00
   1.811E-01   0.000E+00
   1.813E-01   0.000E+00
   1.814E-01   0.000E+00
   1.816E-01   0.000E+00
   1.818E-01   0.000E+00
   1.819E-01   0.000E+00
   1.821E-01   0.000E+00
   1.823E-01   0.000E+00
   1.824E-01   0.000E+00
   1.826E-01   0.000E+00
   1.828E-01   0.000E+00
   1.829E-01   0.000E+00
   1.831E-01   0.000E+00
   1.833E-01   0.000E+00
   1.834E-01   0.000E+00
   1.836E-01   0.000E+00
   1.838E-01   0.000E+00
   1.839E-01   0.000E+00
   1.841E-01   0.000E+00
   1.843E-01   0.000E+00
   1.844E-01   0.000E+00
   1.846E-01   0.000E+00
   1.848E-01   0.000E+00
   1.849E-01   0.000E+00
   1.851E-01   0.000E+00
   1.853E-01   0.000E+00
   1.855E-01   0.000E+00
   1.856E-01   0.000E+00
   1.858E-01   0.000E+00
   1.860E-01   0.000E+00
   1.861E-01   0.000E+00
   1.863E-01   0.000E+00
   1.865E-01   0.000E+00
   1.866E-01   0.000E+00
   1.868E-01   0.000E+00
   1.870E-01   0.000E+00
   1.871E-01   0.000E+00
   1.873E-01   0.000E+00
   1.875E-01   0.000E+00
   1.876E-01   0.000E+00
   1.878E-01   0.000E+00
   1.880E-01   0.000E+00
   1.881E-01   0.000E+00
   1.883E-01   0.000E+00
   1.885E-01   0.000E+00
   1.886E-01   0.000E+00
   1.888E-01   0.000E+00
   1.890E-01   0.000E+00
   1.891E-01   0.000E+00
   1.893E-01   0.000E+00
   1.895E-01   0.000E+00
   1.896E-01   0.000E+00
   1.898E-01   0.000E+00
   1.900E-01   0.000E+00
   1.901E-01   0.000E+00
   1.903E-01   0.000E+00
   1.905E-01   0.000E+00
   1.906E-01   0.000E+00
   1.908E-01   0.000E+00
   1.910E-01   0.000E+00
   1.911E-01   0.000E+00
   1.913E-01   0.000E+00
   1.915E-01   0.000E+00
   1.916E-01   0.000E+00
   1.918E-01   0.000E+00
   1.920E-01   0.000E+00
   1.921E-01   0.000E+00
   1.923E-01   0.000E+00
   1.925E-01   0.000E+00
   1.926E-01   0.000E+00
   1.928E-01   0.000E+00
   1.930E-01   0.000E+00
   1.931E-01   0.000E+00
   1.933E-01   0.000E+00
   1.935E-01   0.000E+00
   1.936E-01   0.000E+00
   1.938E-01   0.000E+00
   1.940E-01   0.000E+00
   1.941E-01   0.000E+00
   1.943E-01   0.000E+00
   1.945E-01   0.000E+00
   1.946E-01   0.000E+00
   1.948E-01   0.000E+00
   1.950E-01   0.000E+00
   1.952E-01   0.000E+00
   1.953E-01   0.000E+00
   1.955E-01   0.000E+00
   1.957E-01   0.000E+00
   1.958E-01   0.000E+00
   1.960E-01   0.000E+00
   1.962E-01   0.000E+00
   1.963E-01   0.000E+00
   1.965E-01   0.000E+00
   1.967E-01   0.000E+00
   1.968E-01   0.000E+00
   1.970E-01   0.000E+00
   1.972E-01   0.000E+00
   1.973E-01   0.000E+00
   1.975E-01   0.000E+00
   1.977E-01   0.000E+00
   1.978E-01   0.000E+00
   1.980E-01   0.000E+00
   1.982E-01   0.000E+00
   1.983E-01   0.000E+00
   1.985E-01   0.000E+00
   1.987E-01   0.000E+00
   1.988E-01   0.000E+00
   1.990E-01   0.000E+00
   1.992E-01   0.000E+00
   1.993E-01   0.000E+00
   1.995E-01   0.000E+00
   1.997E-01   0.000E+00
   1.998E-01   0.000E+00
   2.000E-01   0.000E+00
