   2.730E+02   4.198E+00
   2.781E+02   2.596E+00
   2.832E+02   1.806E+00
   2.883E+02   1.078E+00
   2.934E+02   1.065E-03
   2.985E+02   6.358E-02
   3.036E+02   2.139E-01
   3.087E+02   3.598E-01
   3.139E+02   4.989E-01
   3.190E+02   6.416E-01
   3.241E+02   7.907E-01
   3.292E+02   9.268E-01
   3.343E+02   1.067E+00
   3.394E+02   1.195E+00
   3.445E+02   1.322E+00
   3.496E+02   1.436E+00
   3.547E+02   1.554E+00
   3.598E+02   1.673E+00
   3.649E+02   1.792E+00
   3.700E+02   1.890E+00
   3.751E+02   1.987E+00
   3.802E+02   2.077E+00
   3.854E+02   2.147E+00
   3.905E+02   2.219E+00
   3.956E+02   2.286E+00
   4.007E+02   2.350E+00
   4.058E+02   2.397E+00
   4.109E+02   2.432E+00
   4.160E+02   2.474E+00
   4.211E+02   2.497E+00
   4.262E+02   2.519E+00
   4.313E+02   2.519E+00
   4.364E+02   2.518E+00
   4.415E+02   2.501E+00
   4.466E+02   2.482E+00
   4.517E+02   2.461E+00
   4.569E+02   2.436E+00
   4.620E+02   2.392E+00
   4.671E+02   2.342E+00
   4.722E+02   2.291E+00
   4.773E+02   2.241E+00
   4.824E+02   2.172E+00
   4.875E+02   2.104E+00
   4.926E+02   2.027E+00
   4.977E+02   1.948E+00
   5.028E+02   1.865E+00
   5.079E+02   1.782E+00
   5.130E+02   1.690E+00
   5.181E+02   1.595E+00
   5.232E+02   1.500E+00
   5.284E+02   1.412E+00
   5.335E+02   1.318E+00
   5.386E+02   1.228E+00
   5.437E+02   1.146E+00
   5.488E+02   1.064E+00
   5.539E+02   9.883E-01
   5.590E+02   9.186E-01
   5.641E+02   8.612E-01
   5.692E+02   8.132E-01
   5.743E+02   7.773E-01
   5.794E+02   7.490E-01
   5.845E+02   7.298E-01
   5.896E+02   7.271E-01
   5.947E+02   7.340E-01
   5.998E+02   7.449E-01
   6.050E+02   7.752E-01
   6.101E+02   8.101E-01
   6.152E+02   8.502E-01
   6.203E+02   8.944E-01
   6.254E+02   9.523E-01
   6.305E+02   1.012E+00
   6.356E+02   1.070E+00
   6.407E+02   1.130E+00
   6.458E+02   1.193E+00
   6.509E+02   1.254E+00
   6.560E+02   1.317E+00
   6.611E+02   1.378E+00
   6.662E+02   1.433E+00
   6.713E+02   1.491E+00
   6.765E+02   1.548E+00
   6.816E+02   1.593E+00
   6.867E+02   1.634E+00
   6.918E+02   1.676E+00
   6.969E+02   1.723E+00
   7.020E+02   1.762E+00
   7.071E+02   1.784E+00
   7.122E+02   1.818E+00
   7.173E+02   1.841E+00
   7.224E+02   1.872E+00
   7.275E+02   1.879E+00
   7.326E+02   1.902E+00
   7.377E+02   1.911E+00
   7.428E+02   1.924E+00
   7.480E+02   1.931E+00
   7.531E+02   1.936E+00
   7.582E+02   1.942E+00
   7.633E+02   1.944E+00
   7.684E+02   1.947E+00
   7.735E+02   1.942E+00
   7.786E+02   1.934E+00
   7.837E+02   1.930E+00
   7.888E+02   1.923E+00
   7.939E+02   1.917E+00
   7.990E+02   1.905E+00
   8.041E+02   1.885E+00
   8.092E+02   1.870E+00
   8.143E+02   1.862E+00
   8.195E+02   1.840E+00
   8.246E+02   1.828E+00
   8.297E+02   1.809E+00
   8.348E+02   1.792E+00
   8.399E+02   1.774E+00
   8.450E+02   1.750E+00
   8.501E+02   1.730E+00
   8.552E+02   1.712E+00
   8.603E+02   1.686E+00
   8.654E+02   1.665E+00
   8.705E+02   1.637E+00
   8.756E+02   1.618E+00
   8.807E+02   1.592E+00
   8.858E+02   1.565E+00
   8.909E+02   1.546E+00
   8.961E+02   1.522E+00
   9.012E+02   1.496E+00
   9.063E+02   1.473E+00
   9.114E+02   1.446E+00
   9.165E+02   1.422E+00
   9.216E+02   1.402E+00
   9.267E+02   1.380E+00
   9.318E+02   1.354E+00
   9.369E+02   1.332E+00
   9.420E+02   1.306E+00
   9.471E+02   1.276E+00
   9.522E+02   1.258E+00
   9.573E+02   1.230E+00
   9.624E+02   1.209E+00
   9.676E+02   1.186E+00
   9.727E+02   1.163E+00
   9.778E+02   1.140E+00
   9.829E+02   1.115E+00
   9.880E+02   1.093E+00
   9.931E+02   1.069E+00
   9.982E+02   1.047E+00
   1.003E+03   1.025E+00
   1.008E+03   1.003E+00
   1.014E+03   9.828E-01
   1.019E+03   9.590E-01
   1.024E+03   9.385E-01
   1.029E+03   9.189E-01
   1.034E+03   8.959E-01
   1.039E+03   8.758E-01
   1.044E+03   8.557E-01
   1.049E+03   8.386E-01
   1.054E+03   8.165E-01
   1.059E+03   7.972E-01
   1.065E+03   7.764E-01
   1.070E+03   7.567E-01
   1.075E+03   7.400E-01
   1.080E+03   7.167E-01
   1.085E+03   6.995E-01
   1.090E+03   6.828E-01
   1.095E+03   6.630E-01
   1.100E+03   6.447E-01
   1.105E+03   6.265E-01
   1.111E+03   6.120E-01
   1.116E+03   5.910E-01
   1.121E+03   5.757E-01
   1.126E+03   5.599E-01
   1.131E+03   5.435E-01
   1.136E+03   5.263E-01
   1.141E+03   5.127E-01
   1.146E+03   4.956E-01
   1.151E+03   4.816E-01
   1.157E+03   4.673E-01
   1.162E+03   4.539E-01
   1.167E+03   4.388E-01
   1.172E+03   4.229E-01
   1.177E+03   4.095E-01
   1.182E+03   3.956E-01
   1.187E+03   3.807E-01
   1.192E+03   3.672E-01
   1.197E+03   3.521E-01
   1.202E+03   3.412E-01
   1.208E+03   3.266E-01
   1.213E+03   3.130E-01
   1.218E+03   2.995E-01
   1.223E+03   2.870E-01
   1.228E+03   2.750E-01
   1.233E+03   2.621E-01
   1.238E+03   2.501E-01
   1.243E+03   2.381E-01
   1.248E+03   2.255E-01
   1.254E+03   2.139E-01
   1.259E+03   2.021E-01
   1.264E+03   1.904E-01
   1.269E+03   1.791E-01
   1.274E+03   1.678E-01
   1.279E+03   1.573E-01
   1.284E+03   1.464E-01
   1.289E+03   1.366E-01
   1.294E+03   1.259E-01
   1.300E+03   1.155E-01
   1.305E+03   1.045E-01
   1.310E+03   9.531E-02
   1.315E+03   8.640E-02
   1.320E+03   7.774E-02
   1.325E+03   6.945E-02
   1.330E+03   6.145E-02
   1.335E+03   5.488E-02
   1.340E+03   4.816E-02
   1.345E+03   4.174E-02
   1.351E+03   3.587E-02
   1.356E+03   3.022E-02
   1.361E+03   2.463E-02
   1.366E+03   1.958E-02
   1.371E+03   1.551E-02
   1.376E+03   1.186E-02
   1.381E+03   8.778E-03
   1.386E+03   6.136E-03
   1.391E+03   4.782E-03
   1.397E+03   4.355E-03
   1.402E+03   3.956E-03
   1.407E+03   3.677E-03
   1.412E+03   3.812E-03
   1.417E+03   4.689E-03
   1.422E+03   5.894E-03
   1.427E+03   7.059E-03
   1.432E+03   8.349E-03
   1.437E+03   1.015E-02
   1.443E+03   1.189E-02
   1.448E+03   1.366E-02
   1.453E+03   1.548E-02
   1.458E+03   1.723E-02
   1.463E+03   1.883E-02
   1.468E+03   2.045E-02
   1.473E+03   2.211E-02
   1.478E+03   2.349E-02
   1.483E+03   2.422E-02
   1.488E+03   2.478E-02
   1.494E+03   2.546E-02
   1.499E+03   2.597E-02
   1.504E+03   2.651E-02
   1.509E+03   2.707E-02
   1.514E+03   2.748E-02
   1.519E+03   2.754E-02
   1.524E+03   2.752E-02
   1.529E+03   2.750E-02
   1.534E+03   2.771E-02
   1.540E+03   2.797E-02
   1.545E+03   2.834E-02
   1.550E+03   2.802E-02
   1.555E+03   2.749E-02
   1.560E+03   2.678E-02
   1.565E+03   2.618E-02
   1.570E+03   2.521E-02
   1.575E+03   2.465E-02
   1.580E+03   2.399E-02
   1.586E+03   2.325E-02
   1.591E+03   2.257E-02
   1.596E+03   2.159E-02
   1.601E+03   2.106E-02
   1.606E+03   2.030E-02
   1.611E+03   1.939E-02
   1.616E+03   1.834E-02
   1.621E+03   1.756E-02
   1.626E+03   1.685E-02
   1.631E+03   1.606E-02
   1.637E+03   1.503E-02
   1.642E+03   1.435E-02
   1.647E+03   1.422E-02
   1.652E+03   1.349E-02
   1.657E+03   1.280E-02
   1.662E+03   1.364E-02
   1.667E+03   1.333E-02
   1.672E+03   1.217E-02
   1.677E+03   1.245E-02
   1.683E+03   1.459E-02
   1.688E+03   1.373E-02
   1.693E+03   1.208E-02
   1.698E+03   9.978E-03
   1.703E+03   8.050E-03
   1.708E+03   5.248E-03
   1.713E+03   0.000E+00
   1.718E+03   0.000E+00
   1.723E+03   0.000E+00
   1.729E+03   0.000E+00
   1.734E+03   0.000E+00
   1.739E+03   0.000E+00
   1.744E+03   0.000E+00
   1.749E+03   0.000E+00
   1.754E+03   0.000E+00
   1.759E+03   0.000E+00
   1.764E+03   0.000E+00
   1.769E+03   0.000E+00
   1.774E+03   0.000E+00
   1.780E+03   0.000E+00
   1.785E+03   0.000E+00
   1.790E+03   0.000E+00
   1.795E+03   0.000E+00
   1.800E+03   0.000E+00
