   0.000E+00   5.239E+03
   3.846E-05   1.997E+01
   7.692E-05   8.511E+00
   1.154E-04   4.818E+00
   1.538E-04   3.248E+00
   1.923E-04   2.401E+00
   2.308E-04   1.804E+00
   2.692E-04   1.432E+00
   3.077E-04   1.192E+00
   3.462E-04   9.579E-01
   3.846E-04   8.035E-01
   4.231E-04   6.848E-01
   4.615E-04   5.991E-01
   5.000E-04   5.260E-01
   5.385E-04   4.619E-01
   5.769E-04   4.104E-01
   6.154E-04   3.685E-01
   6.538E-04   3.327E-01
   6.923E-04   3.009E-01
   7.308E-04   2.765E-01
   7.692E-04   2.514E-01
   8.077E-04   2.320E-01
   8.462E-04   2.167E-01
   8.846E-04   2.031E-01
   9.231E-04   1.909E-01
   9.615E-04   1.803E-01
   1.000E-03   1.707E-01
   1.038E-03   1.624E-01
   1.077E-03   1.547E-01
   1.115E-03   1.481E-01
   1.154E-03   1.428E-01
   1.192E-03   1.375E-01
   1.231E-03   1.326E-01
   1.269E-03   1.281E-01
   1.308E-03   1.240E-01
   1.346E-03   1.203E-01
   1.385E-03   1.168E-01
   1.423E-03   1.131E-01
   1.462E-03   1.104E-01
   1.500E-03   1.074E-01
   1.538E-03   1.046E-01
   1.577E-03   1.021E-01
   1.615E-03   1.002E-01
   1.654E-03   9.822E-02
   1.692E-03   9.638E-02
   1.731E-03   9.481E-02
   1.769E-03   9.295E-02
   1.808E-03   9.142E-02
   1.846E-03   8.924E-02
   1.885E-03   8.788E-02
   1.923E-03   8.639E-02
   1.962E-03   8.519E-02
   2.000E-03   8.370E-02
   2.038E-03   8.264E-02
   2.077E-03   8.143E-02
   2.115E-03   8.040E-02
   2.154E-03   7.909E-02
   2.192E-03   7.829E-02
   2.231E-03   7.730E-02
   2.269E-03   7.642E-02
   2.308E-03   7.529E-02
   2.346E-03   7.461E-02
   2.385E-03   7.355E-02
   2.423E-03   7.260E-02
   2.462E-03   7.160E-02
   2.500E-03   7.083E-02
   2.538E-03   7.019E-02
   2.577E-03   6.950E-02
   2.615E-03   6.859E-02
   2.654E-03   6.810E-02
   2.692E-03   6.746E-02
   2.731E-03   6.689E-02
   2.769E-03   6.637E-02
   2.808E-03   6.576E-02
   2.846E-03   6.537E-02
   2.885E-03   6.471E-02
   2.923E-03   6.460E-02
   2.962E-03   6.397E-02
   3.000E-03   6.360E-02
   3.038E-03   6.336E-02
   3.077E-03   6.289E-02
   3.115E-03   6.277E-02
   3.154E-03   6.220E-02
   3.192E-03   6.194E-02
   3.231E-03   6.140E-02
   3.269E-03   6.129E-02
   3.308E-03   6.115E-02
   3.346E-03   6.060E-02
   3.385E-03   6.028E-02
   3.423E-03   6.005E-02
   3.462E-03   5.977E-02
   3.500E-03   5.980E-02
   3.538E-03   5.957E-02
   3.577E-03   5.949E-02
   3.615E-03   5.924E-02
   3.654E-03   5.874E-02
   3.692E-03   5.862E-02
   3.731E-03   5.822E-02
   3.769E-03   5.810E-02
   3.808E-03   5.794E-02
   3.846E-03   5.782E-02
   3.885E-03   5.748E-02
   3.923E-03   5.713E-02
   3.962E-03   5.672E-02
   4.000E-03   5.603E-02
   4.038E-03   5.587E-02
   4.077E-03   5.576E-02
   4.115E-03   5.549E-02
   4.154E-03   5.494E-02
   4.192E-03   5.461E-02
   4.231E-03   5.470E-02
   4.269E-03   5.462E-02
   4.308E-03   5.437E-02
   4.346E-03   5.413E-02
   4.385E-03   5.406E-02
   4.423E-03   5.413E-02
   4.462E-03   5.384E-02
   4.500E-03   5.393E-02
   4.538E-03   5.345E-02
   4.577E-03   5.337E-02
   4.615E-03   5.303E-02
   4.654E-03   5.338E-02
   4.692E-03   5.306E-02
   4.731E-03   5.297E-02
   4.769E-03   5.284E-02
   4.808E-03   5.258E-02
   4.846E-03   5.257E-02
   4.885E-03   5.242E-02
   4.923E-03   5.247E-02
   4.962E-03   5.261E-02
   5.000E-03   5.224E-02
   5.038E-03   5.255E-02
   5.077E-03   5.226E-02
   5.115E-03   5.213E-02
   5.154E-03   5.230E-02
   5.192E-03   5.196E-02
   5.231E-03   5.227E-02
   5.269E-03   5.238E-02
   5.308E-03   5.231E-02
   5.346E-03   5.187E-02
   5.385E-03   5.213E-02
   5.423E-03   5.210E-02
   5.462E-03   5.193E-02
   5.500E-03   5.170E-02
   5.538E-03   5.209E-02
   5.577E-03   5.176E-02
   5.615E-03   5.228E-02
   5.654E-03   5.224E-02
   5.692E-03   5.226E-02
   5.731E-03   5.189E-02
   5.769E-03   5.225E-02
   5.808E-03   5.201E-02
   5.846E-03   5.195E-02
   5.885E-03   5.232E-02
   5.923E-03   5.167E-02
   5.962E-03   5.184E-02
   6.000E-03   5.167E-02
   6.038E-03   5.187E-02
   6.077E-03   5.185E-02
   6.115E-03   5.205E-02
   6.154E-03   5.216E-02
   6.192E-03   5.228E-02
   6.231E-03   5.250E-02
   6.269E-03   5.272E-02
   6.308E-03   5.262E-02
   6.346E-03   5.282E-02
   6.385E-03   5.320E-02
   6.423E-03   5.330E-02
   6.462E-03   5.310E-02
   6.500E-03   5.281E-02
   6.538E-03   5.276E-02
   6.577E-03   5.302E-02
   6.615E-03   5.301E-02
   6.654E-03   5.310E-02
   6.692E-03   5.327E-02
   6.731E-03   5.344E-02
   6.769E-03   5.401E-02
   6.808E-03   5.423E-02
   6.846E-03   5.414E-02
   6.885E-03   5.438E-02
   6.923E-03   5.445E-02
   6.962E-03   5.440E-02
   7.000E-03   5.450E-02
   7.038E-03   5.450E-02
   7.077E-03   5.480E-02
   7.115E-03   5.483E-02
   7.154E-03   5.492E-02
   7.192E-03   5.510E-02
   7.231E-03   5.547E-02
   7.269E-03   5.575E-02
   7.308E-03   5.586E-02
   7.346E-03   5.597E-02
   7.385E-03   5.644E-02
   7.423E-03   5.670E-02
   7.462E-03   5.725E-02
   7.500E-03   5.701E-02
   7.538E-03   5.727E-02
   7.577E-03   5.768E-02
   7.615E-03   5.833E-02
   7.654E-03   5.838E-02
   7.692E-03   5.881E-02
   7.731E-03   5.903E-02
   7.769E-03   6.027E-02
   7.808E-03   5.983E-02
   7.846E-03   6.054E-02
   7.885E-03   6.061E-02
   7.923E-03   6.100E-02
   7.962E-03   6.163E-02
   8.000E-03   6.189E-02
   8.038E-03   6.236E-02
   8.077E-03   6.268E-02
   8.115E-03   6.330E-02
   8.154E-03   6.326E-02
   8.192E-03   6.357E-02
   8.231E-03   6.414E-02
   8.269E-03   6.494E-02
   8.308E-03   6.581E-02
   8.346E-03   6.641E-02
   8.385E-03   6.668E-02
   8.423E-03   6.740E-02
   8.462E-03   6.759E-02
   8.500E-03   6.812E-02
   8.538E-03   6.891E-02
   8.577E-03   7.017E-02
   8.615E-03   6.952E-02
   8.654E-03   7.054E-02
   8.692E-03   7.041E-02
   8.731E-03   7.099E-02
   8.769E-03   7.182E-02
   8.808E-03   7.297E-02
   8.846E-03   7.355E-02
   8.885E-03   7.543E-02
   8.923E-03   7.510E-02
   8.962E-03   7.662E-02
   9.000E-03   7.778E-02
   9.038E-03   7.861E-02
   9.077E-03   7.929E-02
   9.115E-03   8.093E-02
   9.154E-03   8.299E-02
   9.192E-03   8.440E-02
   9.231E-03   8.719E-02
   9.269E-03   9.057E-02
   9.308E-03   8.973E-02
   9.346E-03   9.100E-02
   9.385E-03   9.192E-02
   9.423E-03   9.306E-02
   9.462E-03   9.492E-02
   9.500E-03   9.649E-02
   9.538E-03   9.804E-02
   9.577E-03   1.003E-01
   9.615E-03   1.006E-01
   9.654E-03   1.014E-01
   9.692E-03   1.034E-01
   9.731E-03   1.061E-01
   9.769E-03   1.066E-01
   9.808E-03   1.088E-01
   9.846E-03   1.101E-01
   9.885E-03   1.115E-01
   9.923E-03   1.132E-01
   9.962E-03   1.161E-01
   1.000E-02   1.190E-01
   1.004E-02   1.213E-01
   1.008E-02   1.223E-01
   1.012E-02   1.241E-01
   1.015E-02   1.286E-01
   1.019E-02   1.307E-01
   1.023E-02   1.331E-01
   1.027E-02   1.366E-01
   1.031E-02   1.397E-01
   1.035E-02   1.449E-01
   1.038E-02   1.503E-01
   1.042E-02   1.569E-01
   1.046E-02   1.661E-01
   1.050E-02   1.727E-01
   1.054E-02   1.814E-01
   1.058E-02   1.884E-01
   1.062E-02   1.944E-01
   1.065E-02   2.014E-01
   1.069E-02   2.085E-01
   1.073E-02   2.167E-01
   1.077E-02   2.292E-01
   1.081E-02   2.391E-01
   1.085E-02   2.638E-01
   1.088E-02   3.077E-01
   1.092E-02   3.600E-01
   1.096E-02   3.226E-01
   1.100E-02   3.256E-01
   1.104E-02   3.439E-01
   1.108E-02   3.727E-01
   1.112E-02   4.128E-01
   1.115E-02   4.422E-01
   1.119E-02   4.818E-01
   1.123E-02   5.488E-01
   1.127E-02   6.242E-01
   1.131E-02   7.060E-01
   1.135E-02   8.195E-01
   1.138E-02   1.005E+00
   1.142E-02   1.359E+00
   1.146E-02   1.954E+00
   1.150E-02   3.058E+07
