   0.000E+00   4.897E+02
   1.405E-05   1.400E+01
   2.809E-05   5.408E+00
   4.214E-05   3.253E+00
   5.619E-05   2.384E+00
   7.023E-05   1.911E+00
   8.428E-05   1.623E+00
   9.833E-05   1.393E+00
   1.124E-04   1.238E+00
   1.264E-04   1.128E+00
   1.405E-04   1.051E+00
   1.545E-04   9.753E-01
   1.686E-04   9.289E-01
   1.826E-04   8.852E-01
   1.967E-04   8.432E-01
   2.107E-04   8.083E-01
   2.247E-04   7.793E-01
   2.388E-04   7.577E-01
   2.528E-04   7.392E-01
   2.669E-04   7.218E-01
   2.809E-04   7.079E-01
   2.950E-04   6.972E-01
   3.090E-04   6.885E-01
   3.231E-04   6.770E-01
   3.371E-04   6.660E-01
   3.512E-04   6.595E-01
   3.652E-04   6.519E-01
   3.793E-04   6.468E-01
   3.933E-04   6.402E-01
   4.074E-04   6.364E-01
   4.214E-04   6.298E-01
   4.355E-04   6.259E-01
   4.495E-04   6.221E-01
   4.635E-04   6.199E-01
   4.776E-04   6.157E-01
   4.916E-04   6.117E-01
   5.057E-04   6.105E-01
   5.197E-04   6.044E-01
   5.338E-04   6.037E-01
   5.478E-04   5.985E-01
   5.619E-04   5.926E-01
   5.759E-04   5.856E-01
   5.900E-04   5.775E-01
   6.040E-04   5.727E-01
   6.181E-04   5.678E-01
   6.321E-04   5.562E-01
   6.462E-04   5.430E-01
   6.602E-04   5.350E-01
   6.742E-04   5.204E-01
   6.883E-04   5.097E-01
   7.023E-04   4.918E-01
   7.164E-04   4.783E-01
   7.304E-04   4.621E-01
   7.445E-04   4.487E-01
   7.585E-04   4.321E-01
   7.726E-04   4.201E-01
   7.866E-04   4.037E-01
   8.007E-04   3.898E-01
   8.147E-04   3.713E-01
   8.288E-04   3.579E-01
   8.428E-04   3.447E-01
   8.569E-04   3.306E-01
   8.709E-04   3.156E-01
   8.849E-04   3.043E-01
   8.990E-04   2.926E-01
   9.130E-04   2.819E-01
   9.271E-04   2.705E-01
   9.411E-04   2.626E-01
   9.552E-04   2.534E-01
   9.692E-04   2.446E-01
   9.833E-04   2.397E-01
   9.973E-04   2.323E-01
   1.011E-03   2.268E-01
   1.025E-03   2.204E-01
   1.039E-03   2.158E-01
   1.054E-03   2.129E-01
   1.068E-03   2.069E-01
   1.082E-03   2.028E-01
   1.096E-03   1.992E-01
   1.110E-03   1.956E-01
   1.124E-03   1.932E-01
   1.138E-03   1.897E-01
   1.152E-03   1.877E-01
   1.166E-03   1.847E-01
   1.180E-03   1.831E-01
   1.194E-03   1.806E-01
   1.208E-03   1.786E-01
   1.222E-03   1.758E-01
   1.236E-03   1.745E-01
   1.250E-03   1.727E-01
   1.264E-03   1.696E-01
   1.278E-03   1.689E-01
   1.292E-03   1.664E-01
   1.306E-03   1.649E-01
   1.320E-03   1.634E-01
   1.334E-03   1.638E-01
   1.348E-03   1.624E-01
   1.363E-03   1.593E-01
   1.377E-03   1.573E-01
   1.391E-03   1.578E-01
   1.405E-03   1.554E-01
   1.419E-03   1.545E-01
   1.433E-03   1.534E-01
   1.447E-03   1.518E-01
   1.461E-03   1.518E-01
   1.475E-03   1.510E-01
   1.489E-03   1.511E-01
   1.503E-03   1.493E-01
   1.517E-03   1.474E-01
   1.531E-03   1.463E-01
   1.545E-03   1.452E-01
   1.559E-03   1.450E-01
   1.573E-03   1.439E-01
   1.587E-03   1.445E-01
   1.601E-03   1.432E-01
   1.615E-03   1.437E-01
   1.629E-03   1.433E-01
   1.643E-03   1.441E-01
   1.658E-03   1.427E-01
   1.672E-03   1.427E-01
   1.686E-03   1.431E-01
   1.700E-03   1.411E-01
   1.714E-03   1.442E-01
   1.728E-03   1.429E-01
   1.742E-03   1.412E-01
   1.756E-03   1.424E-01
   1.770E-03   1.426E-01
   1.784E-03   1.420E-01
   1.798E-03   1.429E-01
   1.812E-03   1.411E-01
   1.826E-03   1.398E-01
   1.840E-03   1.406E-01
   1.854E-03   1.375E-01
   1.868E-03   1.401E-01
   1.882E-03   1.414E-01
   1.896E-03   1.412E-01
   1.910E-03   1.400E-01
   1.924E-03   1.388E-01
   1.938E-03   1.391E-01
   1.953E-03   1.392E-01
   1.967E-03   1.412E-01
   1.981E-03   1.390E-01
   1.995E-03   1.409E-01
   2.009E-03   1.418E-01
   2.023E-03   1.373E-01
   2.037E-03   1.403E-01
   2.051E-03   1.420E-01
   2.065E-03   1.427E-01
   2.079E-03   1.425E-01
   2.093E-03   1.418E-01
   2.107E-03   1.446E-01
   2.121E-03   1.457E-01
   2.135E-03   1.421E-01
   2.149E-03   1.433E-01
   2.163E-03   1.439E-01
   2.177E-03   1.428E-01
   2.191E-03   1.442E-01
   2.205E-03   1.471E-01
   2.219E-03   1.457E-01
   2.233E-03   1.447E-01
   2.247E-03   1.479E-01
   2.262E-03   1.488E-01
   2.276E-03   1.470E-01
   2.290E-03   1.504E-01
   2.304E-03   1.494E-01
   2.318E-03   1.466E-01
   2.332E-03   1.544E-01
   2.346E-03   1.502E-01
   2.360E-03   1.496E-01
   2.374E-03   1.516E-01
   2.388E-03   1.517E-01
   2.402E-03   1.524E-01
   2.416E-03   1.540E-01
   2.430E-03   1.523E-01
   2.444E-03   1.561E-01
   2.458E-03   1.547E-01
   2.472E-03   1.539E-01
   2.486E-03   1.527E-01
   2.500E-03   1.502E-01
   2.514E-03   1.545E-01
   2.528E-03   1.549E-01
   2.542E-03   1.578E-01
   2.557E-03   1.558E-01
   2.571E-03   1.559E-01
   2.585E-03   1.604E-01
   2.599E-03   1.575E-01
   2.613E-03   1.608E-01
   2.627E-03   1.603E-01
   2.641E-03   1.604E-01
   2.655E-03   1.619E-01
   2.669E-03   1.611E-01
   2.683E-03   1.700E-01
   2.697E-03   1.644E-01
   2.711E-03   1.651E-01
   2.725E-03   1.624E-01
   2.739E-03   1.624E-01
   2.753E-03   1.697E-01
   2.767E-03   1.723E-01
   2.781E-03   1.706E-01
   2.795E-03   1.697E-01
   2.809E-03   1.770E-01
   2.823E-03   1.718E-01
   2.837E-03   1.748E-01
   2.852E-03   1.762E-01
   2.866E-03   1.768E-01
   2.880E-03   1.711E-01
   2.894E-03   1.813E-01
   2.908E-03   1.831E-01
   2.922E-03   1.857E-01
   2.936E-03   1.860E-01
   2.950E-03   1.837E-01
   2.964E-03   1.932E-01
   2.978E-03   1.869E-01
   2.992E-03   1.921E-01
   3.006E-03   1.905E-01
   3.020E-03   1.924E-01
   3.034E-03   1.983E-01
   3.048E-03   1.938E-01
   3.062E-03   1.965E-01
   3.076E-03   1.988E-01
   3.090E-03   1.986E-01
   3.104E-03   2.064E-01
   3.118E-03   2.058E-01
   3.132E-03   2.029E-01
   3.146E-03   2.075E-01
   3.161E-03   2.087E-01
   3.175E-03   2.123E-01
   3.189E-03   2.149E-01
   3.203E-03   2.147E-01
   3.217E-03   2.155E-01
   3.231E-03   2.306E-01
   3.245E-03   2.249E-01
   3.259E-03   2.200E-01
   3.273E-03   2.310E-01
   3.287E-03   2.243E-01
   3.301E-03   2.295E-01
   3.315E-03   2.259E-01
   3.329E-03   2.402E-01
   3.343E-03   2.421E-01
   3.357E-03   2.432E-01
   3.371E-03   2.410E-01
   3.385E-03   2.375E-01
   3.399E-03   2.420E-01
   3.413E-03   2.542E-01
   3.427E-03   2.516E-01
   3.441E-03   2.606E-01
   3.456E-03   2.542E-01
   3.470E-03   2.523E-01
   3.484E-03   2.674E-01
   3.498E-03   2.624E-01
   3.512E-03   2.743E-01
   3.526E-03   2.767E-01
   3.540E-03   2.833E-01
   3.554E-03   2.895E-01
   3.568E-03   2.763E-01
   3.582E-03   2.981E-01
   3.596E-03   2.877E-01
   3.610E-03   2.994E-01
   3.624E-03   2.859E-01
   3.638E-03   2.930E-01
   3.652E-03   3.048E-01
   3.666E-03   3.078E-01
   3.680E-03   3.099E-01
   3.694E-03   3.318E-01
   3.708E-03   3.179E-01
   3.722E-03   3.191E-01
   3.736E-03   3.045E-01
   3.751E-03   3.317E-01
   3.765E-03   3.604E-01
   3.779E-03   3.213E-01
   3.793E-03   3.276E-01
   3.807E-03   3.649E-01
   3.821E-03   3.529E-01
   3.835E-03   3.659E-01
   3.849E-03   3.577E-01
   3.863E-03   3.761E-01
   3.877E-03   3.738E-01
   3.891E-03   3.700E-01
   3.905E-03   3.914E-01
   3.919E-03   3.678E-01
   3.933E-03   3.780E-01
   3.947E-03   4.061E-01
   3.961E-03   3.816E-01
   3.975E-03   4.190E-01
   3.989E-03   4.088E-01
   4.003E-03   4.182E-01
   4.017E-03   4.024E-01
   4.031E-03   3.962E-01
   4.045E-03   4.218E-01
   4.060E-03   4.193E-01
   4.074E-03   4.469E-01
   4.088E-03   4.317E-01
   4.102E-03   4.481E-01
   4.116E-03   4.427E-01
   4.130E-03   4.546E-01
   4.144E-03   4.453E-01
   4.158E-03   4.495E-01
   4.172E-03   4.660E-01
   4.186E-03   4.474E-01
   4.200E-03   1.810E+12
