   0.000E+00   8.857E-02
   2.207E-05   6.334E-01
   4.415E-05   1.026E+00
   6.622E-05   1.341E+00
   8.829E-05   1.607E+00
   1.104E-04   1.866E+00
   1.324E-04   2.108E+00
   1.545E-04   2.311E+00
   1.766E-04   2.487E+00
   1.987E-04   2.654E+00
   2.207E-04   2.809E+00
   2.428E-04   2.969E+00
   2.649E-04   3.125E+00
   2.870E-04   3.280E+00
   3.090E-04   3.449E+00
   3.311E-04   3.644E+00
   3.532E-04   3.856E+00
   3.753E-04   4.070E+00
   3.973E-04   4.280E+00
   4.194E-04   4.505E+00
   4.415E-04   4.736E+00
   4.635E-04   4.964E+00
   4.856E-04   5.202E+00
   5.077E-04   5.437E+00
   5.298E-04   5.689E+00
   5.518E-04   5.941E+00
   5.739E-04   6.172E+00
   5.960E-04   6.415E+00
   6.181E-04   6.637E+00
   6.401E-04   6.889E+00
   6.622E-04   7.099E+00
   6.843E-04   7.293E+00
   7.064E-04   7.524E+00
   7.284E-04   7.717E+00
   7.505E-04   7.917E+00
   7.726E-04   8.102E+00
   7.946E-04   8.286E+00
   8.167E-04   8.472E+00
   8.388E-04   8.631E+00
   8.609E-04   8.800E+00
   8.829E-04   8.923E+00
   9.050E-04   9.062E+00
   9.271E-04   9.191E+00
   9.492E-04   9.332E+00
   9.712E-04   9.464E+00
   9.933E-04   9.559E+00
   1.015E-03   9.672E+00
   1.037E-03   9.784E+00
   1.060E-03   9.856E+00
   1.082E-03   9.962E+00
   1.104E-03   1.005E+01
   1.126E-03   1.014E+01
   1.148E-03   1.018E+01
   1.170E-03   1.026E+01
   1.192E-03   1.028E+01
   1.214E-03   1.037E+01
   1.236E-03   1.044E+01
   1.258E-03   1.050E+01
   1.280E-03   1.052E+01
   1.302E-03   1.057E+01
   1.324E-03   1.061E+01
   1.346E-03   1.062E+01
   1.369E-03   1.069E+01
   1.391E-03   1.064E+01
   1.413E-03   1.070E+01
   1.435E-03   1.073E+01
   1.457E-03   1.075E+01
   1.479E-03   1.073E+01
   1.501E-03   1.073E+01
   1.523E-03   1.077E+01
   1.545E-03   1.076E+01
   1.567E-03   1.076E+01
   1.589E-03   1.077E+01
   1.611E-03   1.075E+01
   1.633E-03   1.073E+01
   1.656E-03   1.073E+01
   1.678E-03   1.072E+01
   1.700E-03   1.070E+01
   1.722E-03   1.065E+01
   1.744E-03   1.060E+01
   1.766E-03   1.062E+01
   1.788E-03   1.064E+01
   1.810E-03   1.057E+01
   1.832E-03   1.056E+01
   1.854E-03   1.054E+01
   1.876E-03   1.046E+01
   1.898E-03   1.049E+01
   1.920E-03   1.045E+01
   1.942E-03   1.043E+01
   1.965E-03   1.032E+01
   1.987E-03   1.031E+01
   2.009E-03   1.030E+01
   2.031E-03   1.023E+01
   2.053E-03   1.016E+01
   2.075E-03   1.016E+01
   2.097E-03   1.010E+01
   2.119E-03   1.003E+01
   2.141E-03   1.000E+01
   2.163E-03   1.002E+01
   2.185E-03   9.961E+00
   2.207E-03   9.846E+00
   2.229E-03   9.844E+00
   2.252E-03   9.756E+00
   2.274E-03   9.741E+00
   2.296E-03   9.685E+00
   2.318E-03   9.589E+00
   2.340E-03   9.530E+00
   2.362E-03   9.507E+00
   2.384E-03   9.436E+00
   2.406E-03   9.439E+00
   2.428E-03   9.389E+00
   2.450E-03   9.294E+00
   2.472E-03   9.218E+00
   2.494E-03   9.202E+00
   2.516E-03   9.110E+00
   2.538E-03   9.077E+00
   2.561E-03   9.007E+00
   2.583E-03   8.958E+00
   2.605E-03   8.854E+00
   2.627E-03   8.804E+00
   2.649E-03   8.737E+00
   2.671E-03   8.684E+00
   2.693E-03   8.657E+00
   2.715E-03   8.585E+00
   2.737E-03   8.568E+00
   2.759E-03   8.480E+00
   2.781E-03   8.428E+00
   2.803E-03   8.317E+00
   2.825E-03   8.288E+00
   2.847E-03   8.193E+00
   2.870E-03   8.137E+00
   2.892E-03   8.104E+00
   2.914E-03   7.989E+00
   2.936E-03   7.952E+00
   2.958E-03   7.854E+00
   2.980E-03   7.849E+00
   3.002E-03   7.758E+00
   3.024E-03   7.670E+00
   3.046E-03   7.635E+00
   3.068E-03   7.608E+00
   3.090E-03   7.506E+00
   3.112E-03   7.426E+00
   3.134E-03   7.374E+00
   3.157E-03   7.354E+00
   3.179E-03   7.266E+00
   3.201E-03   7.210E+00
   3.223E-03   7.159E+00
   3.245E-03   7.083E+00
   3.267E-03   7.016E+00
   3.289E-03   6.999E+00
   3.311E-03   6.911E+00
   3.333E-03   6.859E+00
   3.355E-03   6.748E+00
   3.377E-03   6.745E+00
   3.399E-03   6.650E+00
   3.421E-03   6.603E+00
   3.443E-03   6.573E+00
   3.466E-03   6.534E+00
   3.488E-03   6.447E+00
   3.510E-03   6.369E+00
   3.532E-03   6.310E+00
   3.554E-03   6.276E+00
   3.576E-03   6.174E+00
   3.598E-03   6.163E+00
   3.620E-03   6.124E+00
   3.642E-03   6.086E+00
   3.664E-03   5.959E+00
   3.686E-03   5.942E+00
   3.708E-03   5.896E+00
   3.730E-03   5.827E+00
   3.753E-03   5.772E+00
   3.775E-03   5.720E+00
   3.797E-03   5.736E+00
   3.819E-03   5.649E+00
   3.841E-03   5.589E+00
   3.863E-03   5.513E+00
   3.885E-03   5.509E+00
   3.907E-03   5.432E+00
   3.929E-03   5.399E+00
   3.951E-03   5.342E+00
   3.973E-03   5.316E+00
   3.995E-03   5.255E+00
   4.017E-03   5.214E+00
   4.039E-03   5.159E+00
   4.062E-03   5.113E+00
   4.084E-03   5.067E+00
   4.106E-03   5.038E+00
   4.128E-03   4.977E+00
   4.150E-03   4.935E+00
   4.172E-03   4.912E+00
   4.194E-03   4.874E+00
   4.216E-03   4.806E+00
   4.238E-03   4.775E+00
   4.260E-03   4.749E+00
   4.282E-03   4.694E+00
   4.304E-03   4.647E+00
   4.326E-03   4.636E+00
   4.348E-03   4.578E+00
   4.371E-03   4.541E+00
   4.393E-03   4.492E+00
   4.415E-03   4.456E+00
   4.437E-03   4.434E+00
   4.459E-03   4.392E+00
   4.481E-03   4.358E+00
   4.503E-03   4.321E+00
   4.525E-03   4.274E+00
   4.547E-03   4.290E+00
   4.569E-03   4.235E+00
   4.591E-03   4.192E+00
   4.613E-03   4.169E+00
   4.635E-03   4.107E+00
   4.658E-03   4.106E+00
   4.680E-03   4.074E+00
   4.702E-03   4.030E+00
   4.724E-03   3.996E+00
   4.746E-03   3.987E+00
   4.768E-03   3.941E+00
   4.790E-03   3.924E+00
   4.812E-03   3.891E+00
   4.834E-03   3.868E+00
   4.856E-03   3.822E+00
   4.878E-03   3.842E+00
   4.900E-03   3.797E+00
   4.922E-03   3.762E+00
   4.944E-03   3.752E+00
   4.967E-03   3.698E+00
   4.989E-03   3.689E+00
   5.011E-03   3.690E+00
   5.033E-03   3.638E+00
   5.055E-03   3.644E+00
   5.077E-03   3.607E+00
   5.099E-03   3.602E+00
   5.121E-03   3.562E+00
   5.143E-03   3.549E+00
   5.165E-03   3.516E+00
   5.187E-03   3.526E+00
   5.209E-03   3.494E+00
   5.231E-03   3.483E+00
   5.254E-03   3.463E+00
   5.276E-03   3.457E+00
   5.298E-03   3.408E+00
   5.320E-03   3.411E+00
   5.342E-03   3.408E+00
   5.364E-03   3.378E+00
   5.386E-03   3.358E+00
   5.408E-03   3.348E+00
   5.430E-03   3.346E+00
   5.452E-03   3.321E+00
   5.474E-03   3.310E+00
   5.496E-03   3.329E+00
   5.518E-03   3.301E+00
   5.540E-03   3.292E+00
   5.563E-03   3.284E+00
   5.585E-03   3.268E+00
   5.607E-03   3.251E+00
   5.629E-03   3.236E+00
   5.651E-03   3.238E+00
   5.673E-03   3.223E+00
   5.695E-03   3.242E+00
   5.717E-03   3.209E+00
   5.739E-03   3.207E+00
   5.761E-03   3.190E+00
   5.783E-03   3.191E+00
   5.805E-03   3.198E+00
   5.827E-03   3.185E+00
   5.849E-03   3.189E+00
   5.872E-03   3.166E+00
   5.894E-03   3.152E+00
   5.916E-03   3.149E+00
   5.938E-03   3.175E+00
   5.960E-03   3.154E+00
   5.982E-03   3.143E+00
   6.004E-03   3.130E+00
   6.026E-03   3.149E+00
   6.048E-03   3.127E+00
   6.070E-03   3.146E+00
   6.092E-03   3.123E+00
   6.114E-03   3.110E+00
   6.136E-03   3.132E+00
   6.159E-03   3.116E+00
   6.181E-03   3.120E+00
   6.203E-03   3.110E+00
   6.225E-03   3.115E+00
   6.247E-03   3.102E+00
   6.269E-03   3.116E+00
   6.291E-03   3.114E+00
   6.313E-03   3.102E+00
   6.335E-03   3.105E+00
   6.357E-03   3.112E+00
   6.379E-03   3.082E+00
   6.401E-03   3.102E+00
   6.423E-03   3.075E+00
   6.445E-03   3.087E+00
   6.468E-03   3.081E+00
   6.490E-03   3.099E+00
   6.512E-03   3.091E+00
   6.534E-03   3.114E+00
   6.556E-03   3.096E+00
   6.578E-03   3.101E+00
   6.600E-03   1.237E-01
