   0.000E+00   2.629E-03
   3.846E-05   7.683E-02
   7.692E-05   1.740E-01
   1.154E-04   2.982E-01
   1.538E-04   4.422E-01
   1.923E-04   6.028E-01
   2.308E-04   7.867E-01
   2.692E-04   9.863E-01
   3.077E-04   1.198E+00
   3.462E-04   1.434E+00
   3.846E-04   1.686E+00
   4.231E-04   1.951E+00
   4.615E-04   2.222E+00
   5.000E-04   2.502E+00
   5.385E-04   2.796E+00
   5.769E-04   3.097E+00
   6.154E-04   3.402E+00
   6.538E-04   3.714E+00
   6.923E-04   4.032E+00
   7.308E-04   4.353E+00
   7.692E-04   4.675E+00
   8.077E-04   4.998E+00
   8.462E-04   5.320E+00
   8.846E-04   5.634E+00
   9.231E-04   5.955E+00
   9.615E-04   6.267E+00
   1.000E-03   6.577E+00
   1.038E-03   6.884E+00
   1.077E-03   7.198E+00
   1.115E-03   7.504E+00
   1.154E-03   7.794E+00
   1.192E-03   8.085E+00
   1.231E-03   8.381E+00
   1.269E-03   8.667E+00
   1.308E-03   8.948E+00
   1.346E-03   9.228E+00
   1.385E-03   9.488E+00
   1.423E-03   9.785E+00
   1.462E-03   1.004E+01
   1.500E-03   1.029E+01
   1.538E-03   1.056E+01
   1.577E-03   1.083E+01
   1.615E-03   1.107E+01
   1.654E-03   1.131E+01
   1.692E-03   1.154E+01
   1.731E-03   1.177E+01
   1.769E-03   1.201E+01
   1.808E-03   1.224E+01
   1.846E-03   1.249E+01
   1.885E-03   1.270E+01
   1.923E-03   1.294E+01
   1.962E-03   1.313E+01
   2.000E-03   1.337E+01
   2.038E-03   1.356E+01
   2.077E-03   1.377E+01
   2.115E-03   1.398E+01
   2.154E-03   1.420E+01
   2.192E-03   1.438E+01
   2.231E-03   1.457E+01
   2.269E-03   1.478E+01
   2.308E-03   1.494E+01
   2.346E-03   1.512E+01
   2.385E-03   1.534E+01
   2.423E-03   1.552E+01
   2.462E-03   1.570E+01
   2.500E-03   1.586E+01
   2.538E-03   1.603E+01
   2.577E-03   1.618E+01
   2.615E-03   1.638E+01
   2.654E-03   1.652E+01
   2.692E-03   1.671E+01
   2.731E-03   1.686E+01
   2.769E-03   1.700E+01
   2.808E-03   1.715E+01
   2.846E-03   1.728E+01
   2.885E-03   1.747E+01
   2.923E-03   1.757E+01
   2.962E-03   1.772E+01
   3.000E-03   1.784E+01
   3.038E-03   1.796E+01
   3.077E-03   1.811E+01
   3.115E-03   1.821E+01
   3.154E-03   1.838E+01
   3.192E-03   1.849E+01
   3.231E-03   1.862E+01
   3.269E-03   1.874E+01
   3.308E-03   1.881E+01
   3.346E-03   1.897E+01
   3.385E-03   1.908E+01
   3.423E-03   1.917E+01
   3.462E-03   1.932E+01
   3.500E-03   1.938E+01
   3.538E-03   1.950E+01
   3.577E-03   1.961E+01
   3.615E-03   1.975E+01
   3.654E-03   1.983E+01
   3.692E-03   1.994E+01
   3.731E-03   2.002E+01
   3.769E-03   2.014E+01
   3.808E-03   2.025E+01
   3.846E-03   2.030E+01
   3.885E-03   2.039E+01
   3.923E-03   2.051E+01
   3.962E-03   2.061E+01
   4.000E-03   2.076E+01
   4.038E-03   2.081E+01
   4.077E-03   2.091E+01
   4.115E-03   2.097E+01
   4.154E-03   2.110E+01
   4.192E-03   2.122E+01
   4.231E-03   2.127E+01
   4.269E-03   2.131E+01
   4.308E-03   2.146E+01
   4.346E-03   2.148E+01
   4.385E-03   2.156E+01
   4.423E-03   2.162E+01
   4.462E-03   2.171E+01
   4.500E-03   2.174E+01
   4.538E-03   2.180E+01
   4.577E-03   2.190E+01
   4.615E-03   2.198E+01
   4.654E-03   2.203E+01
   4.692E-03   2.208E+01
   4.731E-03   2.211E+01
   4.769E-03   2.217E+01
   4.808E-03   2.227E+01
   4.846E-03   2.229E+01
   4.885E-03   2.235E+01
   4.923E-03   2.240E+01
   4.962E-03   2.240E+01
   5.000E-03   2.253E+01
   5.038E-03   2.252E+01
   5.077E-03   2.260E+01
   5.115E-03   2.262E+01
   5.154E-03   2.260E+01
   5.192E-03   2.273E+01
   5.231E-03   2.270E+01
   5.269E-03   2.272E+01
   5.308E-03   2.278E+01
   5.346E-03   2.285E+01
   5.385E-03   2.284E+01
   5.423E-03   2.287E+01
   5.462E-03   2.285E+01
   5.500E-03   2.301E+01
   5.538E-03   2.296E+01
   5.577E-03   2.301E+01
   5.615E-03   2.293E+01
   5.654E-03   2.300E+01
   5.692E-03   2.305E+01
   5.731E-03   2.304E+01
   5.769E-03   2.303E+01
   5.808E-03   2.310E+01
   5.846E-03   2.312E+01
   5.885E-03   2.307E+01
   5.923E-03   2.315E+01
   5.962E-03   2.309E+01
   6.000E-03   2.316E+01
   6.038E-03   2.316E+01
   6.077E-03   2.318E+01
   6.115E-03   2.313E+01
   6.154E-03   2.316E+01
   6.192E-03   2.317E+01
   6.231E-03   2.312E+01
   6.269E-03   2.314E+01
   6.308E-03   2.310E+01
   6.346E-03   2.312E+01
   6.385E-03   2.304E+01
   6.423E-03   2.303E+01
   6.462E-03   2.307E+01
   6.500E-03   2.308E+01
   6.538E-03   2.311E+01
   6.577E-03   2.309E+01
   6.615E-03   2.301E+01
   6.654E-03   2.296E+01
   6.692E-03   2.299E+01
   6.731E-03   2.298E+01
   6.769E-03   2.286E+01
   6.808E-03   2.288E+01
   6.846E-03   2.286E+01
   6.885E-03   2.277E+01
   6.923E-03   2.277E+01
   6.962E-03   2.278E+01
   7.000E-03   2.278E+01
   7.038E-03   2.270E+01
   7.077E-03   2.262E+01
   7.115E-03   2.264E+01
   7.154E-03   2.262E+01
   7.192E-03   2.253E+01
   7.231E-03   2.243E+01
   7.269E-03   2.243E+01
   7.308E-03   2.241E+01
   7.346E-03   2.234E+01
   7.385E-03   2.226E+01
   7.423E-03   2.219E+01
   7.462E-03   2.210E+01
   7.500E-03   2.210E+01
   7.538E-03   2.201E+01
   7.577E-03   2.192E+01
   7.615E-03   2.178E+01
   7.654E-03   2.176E+01
   7.692E-03   2.169E+01
   7.731E-03   2.161E+01
   7.769E-03   2.146E+01
   7.808E-03   2.146E+01
   7.846E-03   2.139E+01
   7.885E-03   2.127E+01
   7.923E-03   2.116E+01
   7.962E-03   2.106E+01
   8.000E-03   2.100E+01
   8.038E-03   2.090E+01
   8.077E-03   2.080E+01
   8.115E-03   2.065E+01
   8.154E-03   2.063E+01
   8.192E-03   2.051E+01
   8.231E-03   2.036E+01
   8.269E-03   2.028E+01
   8.308E-03   2.014E+01
   8.346E-03   2.003E+01
   8.385E-03   1.996E+01
   8.423E-03   1.976E+01
   8.462E-03   1.971E+01
   8.500E-03   1.959E+01
   8.538E-03   1.940E+01
   8.577E-03   1.933E+01
   8.615E-03   1.924E+01
   8.654E-03   1.903E+01
   8.692E-03   1.894E+01
   8.731E-03   1.881E+01
   8.769E-03   1.862E+01
   8.808E-03   1.844E+01
   8.846E-03   1.832E+01
   8.885E-03   1.807E+01
   8.923E-03   1.805E+01
   8.962E-03   1.785E+01
   9.000E-03   1.763E+01
   9.038E-03   1.755E+01
   9.077E-03   1.737E+01
   9.115E-03   1.712E+01
   9.154E-03   1.692E+01
   9.192E-03   1.677E+01
   9.231E-03   1.653E+01
   9.269E-03   1.639E+01
   9.308E-03   1.624E+01
   9.346E-03   1.595E+01
   9.385E-03   1.577E+01
   9.423E-03   1.564E+01
   9.462E-03   1.547E+01
   9.500E-03   1.523E+01
   9.538E-03   1.501E+01
   9.577E-03   1.483E+01
   9.615E-03   1.464E+01
   9.654E-03   1.450E+01
   9.692E-03   1.426E+01
   9.731E-03   1.401E+01
   9.769E-03   1.385E+01
   9.808E-03   1.358E+01
   9.846E-03   1.345E+01
   9.885E-03   1.318E+01
   9.923E-03   1.305E+01
   9.962E-03   1.277E+01
   1.000E-02   1.255E+01
   1.004E-02   1.231E+01
   1.008E-02   1.213E+01
   1.012E-02   1.193E+01
   1.015E-02   1.160E+01
   1.019E-02   1.142E+01
   1.023E-02   1.120E+01
   1.027E-02   1.091E+01
   1.031E-02   1.066E+01
   1.035E-02   1.038E+01
   1.038E-02   1.015E+01
   1.042E-02   9.814E+00
   1.046E-02   9.507E+00
   1.050E-02   9.250E+00
   1.054E-02   8.956E+00
   1.058E-02   8.636E+00
   1.062E-02   8.359E+00
   1.065E-02   8.056E+00
   1.069E-02   7.749E+00
   1.073E-02   7.475E+00
   1.077E-02   7.169E+00
   1.081E-02   6.866E+00
   1.085E-02   6.516E+00
   1.088E-02   6.145E+00
   1.092E-02   5.788E+00
   1.096E-02   5.541E+00
   1.100E-02   5.270E+00
   1.104E-02   4.953E+00
   1.108E-02   4.616E+00
   1.112E-02   4.286E+00
   1.115E-02   3.938E+00
   1.119E-02   3.625E+00
   1.123E-02   3.267E+00
   1.127E-02   2.907E+00
   1.131E-02   2.552E+00
   1.135E-02   2.172E+00
   1.138E-02   1.781E+00
   1.142E-02   1.364E+00
   1.146E-02   9.499E-01
   1.150E-02   4.371E-01
