   0.000E+00   3.887E-01
   6.689E-04   9.272E-03
   1.338E-03   5.254E-03
   2.007E-03   4.317E-03
   2.676E-03   3.956E-03
   3.344E-03   3.876E-03
   4.013E-03   3.854E-03
   4.682E-03   3.963E-03
   5.351E-03   4.211E-03
   6.020E-03   4.585E-03
   6.689E-03   5.191E-03
   7.358E-03   6.154E-03
   8.027E-03   7.677E-03
   8.696E-03   1.009E-02
   9.365E-03   1.519E-02
   1.003E-02   2.782E-02
   1.070E-02   1.293E-01
   1.137E-02   1.470E+12
   1.204E-02   0.000E+00
   1.271E-02   0.000E+00
   1.338E-02   0.000E+00
   1.405E-02   0.000E+00
   1.472E-02   0.000E+00
   1.538E-02   0.000E+00
   1.605E-02   0.000E+00
   1.672E-02   0.000E+00
   1.739E-02   0.000E+00
   1.806E-02   0.000E+00
   1.873E-02   0.000E+00
   1.940E-02   0.000E+00
   2.007E-02   0.000E+00
   2.074E-02   0.000E+00
   2.140E-02   0.000E+00
   2.207E-02   0.000E+00
   2.274E-02   0.000E+00
   2.341E-02   0.000E+00
   2.408E-02   0.000E+00
   2.475E-02   0.000E+00
   2.542E-02   0.000E+00
   2.609E-02   0.000E+00
   2.676E-02   0.000E+00
   2.742E-02   0.000E+00
   2.809E-02   0.000E+00
   2.876E-02   0.000E+00
   2.943E-02   0.000E+00
   3.010E-02   0.000E+00
   3.077E-02   0.000E+00
   3.144E-02   0.000E+00
   3.211E-02   0.000E+00
   3.278E-02   0.000E+00
   3.344E-02   0.000E+00
   3.411E-02   0.000E+00
   3.478E-02   0.000E+00
   3.545E-02   0.000E+00
   3.612E-02   0.000E+00
   3.679E-02   0.000E+00
   3.746E-02   0.000E+00
   3.813E-02   0.000E+00
   3.880E-02   0.000E+00
   3.946E-02   0.000E+00
   4.013E-02   0.000E+00
   4.080E-02   0.000E+00
   4.147E-02   0.000E+00
   4.214E-02   0.000E+00
   4.281E-02   0.000E+00
   4.348E-02   0.000E+00
   4.415E-02   0.000E+00
   4.482E-02   0.000E+00
   4.548E-02   0.000E+00
   4.615E-02   0.000E+00
   4.682E-02   0.000E+00
   4.749E-02   0.000E+00
   4.816E-02   0.000E+00
   4.883E-02   0.000E+00
   4.950E-02   0.000E+00
   5.017E-02   0.000E+00
   5.084E-02   0.000E+00
   5.151E-02   0.000E+00
   5.217E-02   0.000E+00
   5.284E-02   0.000E+00
   5.351E-02   0.000E+00
   5.418E-02   0.000E+00
   5.485E-02   0.000E+00
   5.552E-02   0.000E+00
   5.619E-02   0.000E+00
   5.686E-02   0.000E+00
   5.753E-02   0.000E+00
   5.819E-02   0.000E+00
   5.886E-02   0.000E+00
   5.953E-02   0.000E+00
   6.020E-02   0.000E+00
   6.087E-02   0.000E+00
   6.154E-02   0.000E+00
   6.221E-02   0.000E+00
   6.288E-02   0.000E+00
   6.355E-02   0.000E+00
   6.421E-02   0.000E+00
   6.488E-02   0.000E+00
   6.555E-02   0.000E+00
   6.622E-02   0.000E+00
   6.689E-02   0.000E+00
   6.756E-02   0.000E+00
   6.823E-02   0.000E+00
   6.890E-02   0.000E+00
   6.957E-02   0.000E+00
   7.023E-02   0.000E+00
   7.090E-02   0.000E+00
   7.157E-02   0.000E+00
   7.224E-02   0.000E+00
   7.291E-02   0.000E+00
   7.358E-02   0.000E+00
   7.425E-02   0.000E+00
   7.492E-02   0.000E+00
   7.559E-02   0.000E+00
   7.625E-02   0.000E+00
   7.692E-02   0.000E+00
   7.759E-02   0.000E+00
   7.826E-02   0.000E+00
   7.893E-02   0.000E+00
   7.960E-02   0.000E+00
   8.027E-02   0.000E+00
   8.094E-02   0.000E+00
   8.161E-02   0.000E+00
   8.227E-02   0.000E+00
   8.294E-02   0.000E+00
   8.361E-02   0.000E+00
   8.428E-02   0.000E+00
   8.495E-02   0.000E+00
   8.562E-02   0.000E+00
   8.629E-02   0.000E+00
   8.696E-02   0.000E+00
   8.763E-02   0.000E+00
   8.829E-02   0.000E+00
   8.896E-02   0.000E+00
   8.963E-02   0.000E+00
   9.030E-02   0.000E+00
   9.097E-02   0.000E+00
   9.164E-02   0.000E+00
   9.231E-02   0.000E+00
   9.298E-02   0.000E+00
   9.365E-02   0.000E+00
   9.431E-02   0.000E+00
   9.498E-02   0.000E+00
   9.565E-02   0.000E+00
   9.632E-02   0.000E+00
   9.699E-02   0.000E+00
   9.766E-02   0.000E+00
   9.833E-02   0.000E+00
   9.900E-02   0.000E+00
   9.967E-02   0.000E+00
   1.003E-01   0.000E+00
   1.010E-01   0.000E+00
   1.017E-01   0.000E+00
   1.023E-01   0.000E+00
   1.030E-01   0.000E+00
   1.037E-01   0.000E+00
   1.043E-01   0.000E+00
   1.050E-01   0.000E+00
   1.057E-01   0.000E+00
   1.064E-01   0.000E+00
   1.070E-01   0.000E+00
   1.077E-01   0.000E+00
   1.084E-01   0.000E+00
   1.090E-01   0.000E+00
   1.097E-01   0.000E+00
   1.104E-01   0.000E+00
   1.110E-01   0.000E+00
   1.117E-01   0.000E+00
   1.124E-01   0.000E+00
   1.130E-01   0.000E+00
   1.137E-01   0.000E+00
   1.144E-01   0.000E+00
   1.151E-01   0.000E+00
   1.157E-01   0.000E+00
   1.164E-01   0.000E+00
   1.171E-01   0.000E+00
   1.177E-01   0.000E+00
   1.184E-01   0.000E+00
   1.191E-01   0.000E+00
   1.197E-01   0.000E+00
   1.204E-01   0.000E+00
   1.211E-01   0.000E+00
   1.217E-01   0.000E+00
   1.224E-01   0.000E+00
   1.231E-01   0.000E+00
   1.237E-01   0.000E+00
   1.244E-01   0.000E+00
   1.251E-01   0.000E+00
   1.258E-01   0.000E+00
   1.264E-01   0.000E+00
   1.271E-01   0.000E+00
   1.278E-01   0.000E+00
   1.284E-01   0.000E+00
   1.291E-01   0.000E+00
   1.298E-01   0.000E+00
   1.304E-01   0.000E+00
   1.311E-01   0.000E+00
   1.318E-01   0.000E+00
   1.324E-01   0.000E+00
   1.331E-01   0.000E+00
   1.338E-01   0.000E+00
   1.344E-01   0.000E+00
   1.351E-01   0.000E+00
   1.358E-01   0.000E+00
   1.365E-01   0.000E+00
   1.371E-01   0.000E+00
   1.378E-01   0.000E+00
   1.385E-01   0.000E+00
   1.391E-01   0.000E+00
   1.398E-01   0.000E+00
   1.405E-01   0.000E+00
   1.411E-01   0.000E+00
   1.418E-01   0.000E+00
   1.425E-01   0.000E+00
   1.431E-01   0.000E+00
   1.438E-01   0.000E+00
   1.445E-01   0.000E+00
   1.452E-01   0.000E+00
   1.458E-01   0.000E+00
   1.465E-01   0.000E+00
   1.472E-01   0.000E+00
   1.478E-01   0.000E+00
   1.485E-01   0.000E+00
   1.492E-01   0.000E+00
   1.498E-01   0.000E+00
   1.505E-01   0.000E+00
   1.512E-01   0.000E+00
   1.518E-01   0.000E+00
   1.525E-01   0.000E+00
   1.532E-01   0.000E+00
   1.538E-01   0.000E+00
   1.545E-01   0.000E+00
   1.552E-01   0.000E+00
   1.559E-01   0.000E+00
   1.565E-01   0.000E+00
   1.572E-01   0.000E+00
   1.579E-01   0.000E+00
   1.585E-01   0.000E+00
   1.592E-01   0.000E+00
   1.599E-01   0.000E+00
   1.605E-01   0.000E+00
   1.612E-01   0.000E+00
   1.619E-01   0.000E+00
   1.625E-01   0.000E+00
   1.632E-01   0.000E+00
   1.639E-01   0.000E+00
   1.645E-01   0.000E+00
   1.652E-01   0.000E+00
   1.659E-01   0.000E+00
   1.666E-01   0.000E+00
   1.672E-01   0.000E+00
   1.679E-01   0.000E+00
   1.686E-01   0.000E+00
   1.692E-01   0.000E+00
   1.699E-01   0.000E+00
   1.706E-01   0.000E+00
   1.712E-01   0.000E+00
   1.719E-01   0.000E+00
   1.726E-01   0.000E+00
   1.732E-01   0.000E+00
   1.739E-01   0.000E+00
   1.746E-01   0.000E+00
   1.753E-01   0.000E+00
   1.759E-01   0.000E+00
   1.766E-01   0.000E+00
   1.773E-01   0.000E+00
   1.779E-01   0.000E+00
   1.786E-01   0.000E+00
   1.793E-01   0.000E+00
   1.799E-01   0.000E+00
   1.806E-01   0.000E+00
   1.813E-01   0.000E+00
   1.819E-01   0.000E+00
   1.826E-01   0.000E+00
   1.833E-01   0.000E+00
   1.839E-01   0.000E+00
   1.846E-01   0.000E+00
   1.853E-01   0.000E+00
   1.860E-01   0.000E+00
   1.866E-01   0.000E+00
   1.873E-01   0.000E+00
   1.880E-01   0.000E+00
   1.886E-01   0.000E+00
   1.893E-01   0.000E+00
   1.900E-01   0.000E+00
   1.906E-01   0.000E+00
   1.913E-01   0.000E+00
   1.920E-01   0.000E+00
   1.926E-01   0.000E+00
   1.933E-01   0.000E+00
   1.940E-01   0.000E+00
   1.946E-01   0.000E+00
   1.953E-01   0.000E+00
   1.960E-01   0.000E+00
   1.967E-01   0.000E+00
   1.973E-01   0.000E+00
   1.980E-01   0.000E+00
   1.987E-01   0.000E+00
   1.993E-01   0.000E+00
   2.000E-01   0.000E+00
