   5.000E-02   4.060E+05
   5.050E-02   0.000E+00
   5.100E-02   0.000E+00
   5.151E-02   0.000E+00
   5.201E-02   0.000E+00
   5.251E-02   0.000E+00
   5.301E-02   0.000E+00
   5.351E-02   0.000E+00
   5.401E-02   0.000E+00
   5.452E-02   0.000E+00
   5.502E-02   0.000E+00
   5.552E-02   0.000E+00
   5.602E-02   0.000E+00
   5.652E-02   0.000E+00
   5.702E-02   0.000E+00
   5.753E-02   0.000E+00
   5.803E-02   0.000E+00
   5.853E-02   0.000E+00
   5.903E-02   0.000E+00
   5.953E-02   0.000E+00
   6.003E-02   0.000E+00
   6.054E-02   0.000E+00
   6.104E-02   0.000E+00
   6.154E-02   0.000E+00
   6.204E-02   0.000E+00
   6.254E-02   0.000E+00
   6.304E-02   0.000E+00
   6.355E-02   0.000E+00
   6.405E-02   0.000E+00
   6.455E-02   0.000E+00
   6.505E-02   0.000E+00
   6.555E-02   0.000E+00
   6.605E-02   0.000E+00
   6.656E-02   0.000E+00
   6.706E-02   0.000E+00
   6.756E-02   0.000E+00
   6.806E-02   0.000E+00
   6.856E-02   0.000E+00
   6.906E-02   0.000E+00
   6.957E-02   0.000E+00
   7.007E-02   0.000E+00
   7.057E-02   0.000E+00
   7.107E-02   0.000E+00
   7.157E-02   0.000E+00
   7.207E-02   0.000E+00
   7.258E-02   0.000E+00
   7.308E-02   0.000E+00
   7.358E-02   0.000E+00
   7.408E-02   0.000E+00
   7.458E-02   0.000E+00
   7.508E-02   0.000E+00
   7.559E-02   0.000E+00
   7.609E-02   0.000E+00
   7.659E-02   0.000E+00
   7.709E-02   0.000E+00
   7.759E-02   0.000E+00
   7.809E-02   0.000E+00
   7.860E-02   0.000E+00
   7.910E-02   0.000E+00
   7.960E-02   0.000E+00
   8.010E-02   0.000E+00
   8.060E-02   0.000E+00
   8.110E-02   0.000E+00
   8.161E-02   0.000E+00
   8.211E-02   0.000E+00
   8.261E-02   0.000E+00
   8.311E-02   0.000E+00
   8.361E-02   0.000E+00
   8.411E-02   0.000E+00
   8.462E-02   0.000E+00
   8.512E-02   0.000E+00
   8.562E-02   0.000E+00
   8.612E-02   0.000E+00
   8.662E-02   0.000E+00
   8.712E-02   0.000E+00
   8.763E-02   0.000E+00
   8.813E-02   0.000E+00
   8.863E-02   0.000E+00
   8.913E-02   0.000E+00
   8.963E-02   0.000E+00
   9.013E-02   0.000E+00
   9.064E-02   0.000E+00
   9.114E-02   0.000E+00
   9.164E-02   0.000E+00
   9.214E-02   0.000E+00
   9.264E-02   0.000E+00
   9.314E-02   0.000E+00
   9.365E-02   0.000E+00
   9.415E-02   0.000E+00
   9.465E-02   0.000E+00
   9.515E-02   0.000E+00
   9.565E-02   0.000E+00
   9.615E-02   0.000E+00
   9.666E-02   0.000E+00
   9.716E-02   0.000E+00
   9.766E-02   0.000E+00
   9.816E-02   0.000E+00
   9.866E-02   0.000E+00
   9.916E-02   0.000E+00
   9.967E-02   0.000E+00
   1.002E-01   0.000E+00
   1.007E-01   0.000E+00
   1.012E-01   0.000E+00
   1.017E-01   0.000E+00
   1.022E-01   0.000E+00
   1.027E-01   0.000E+00
   1.032E-01   0.000E+00
   1.037E-01   0.000E+00
   1.042E-01   0.000E+00
   1.047E-01   0.000E+00
   1.052E-01   0.000E+00
   1.057E-01   0.000E+00
   1.062E-01   0.000E+00
   1.067E-01   0.000E+00
   1.072E-01   0.000E+00
   1.077E-01   0.000E+00
   1.082E-01   0.000E+00
   1.087E-01   0.000E+00
   1.092E-01   0.000E+00
   1.097E-01   0.000E+00
   1.102E-01   0.000E+00
   1.107E-01   0.000E+00
   1.112E-01   0.000E+00
   1.117E-01   0.000E+00
   1.122E-01   0.000E+00
   1.127E-01   0.000E+00
   1.132E-01   0.000E+00
   1.137E-01   0.000E+00
   1.142E-01   0.000E+00
   1.147E-01   0.000E+00
   1.152E-01   0.000E+00
   1.157E-01   0.000E+00
   1.162E-01   0.000E+00
   1.167E-01   0.000E+00
   1.172E-01   0.000E+00
   1.177E-01   0.000E+00
   1.182E-01   0.000E+00
   1.187E-01   0.000E+00
   1.192E-01   0.000E+00
   1.197E-01   0.000E+00
   1.202E-01   0.000E+00
   1.207E-01   0.000E+00
   1.212E-01   0.000E+00
   1.217E-01   0.000E+00
   1.222E-01   0.000E+00
   1.227E-01   0.000E+00
   1.232E-01   0.000E+00
   1.237E-01   0.000E+00
   1.242E-01   0.000E+00
   1.247E-01   0.000E+00
   1.253E-01   0.000E+00
   1.258E-01   0.000E+00
   1.263E-01   0.000E+00
   1.268E-01   0.000E+00
   1.273E-01   0.000E+00
   1.278E-01   0.000E+00
   1.283E-01   0.000E+00
   1.288E-01   0.000E+00
   1.293E-01   0.000E+00
   1.298E-01   0.000E+00
   1.303E-01   0.000E+00
   1.308E-01   0.000E+00
   1.313E-01   0.000E+00
   1.318E-01   0.000E+00
   1.323E-01   0.000E+00
   1.328E-01   0.000E+00
   1.333E-01   0.000E+00
   1.338E-01   0.000E+00
   1.343E-01   0.000E+00
   1.348E-01   0.000E+00
   1.353E-01   0.000E+00
   1.358E-01   0.000E+00
   1.363E-01   0.000E+00
   1.368E-01   0.000E+00
   1.373E-01   0.000E+00
   1.378E-01   0.000E+00
   1.383E-01   0.000E+00
   1.388E-01   0.000E+00
   1.393E-01   0.000E+00
   1.398E-01   0.000E+00
   1.403E-01   0.000E+00
   1.408E-01   0.000E+00
   1.413E-01   0.000E+00
   1.418E-01   0.000E+00
   1.423E-01   0.000E+00
   1.428E-01   0.000E+00
   1.433E-01   0.000E+00
   1.438E-01   0.000E+00
   1.443E-01   0.000E+00
   1.448E-01   0.000E+00
   1.453E-01   0.000E+00
   1.458E-01   0.000E+00
   1.463E-01   0.000E+00
   1.468E-01   0.000E+00
   1.473E-01   0.000E+00
   1.478E-01   0.000E+00
   1.483E-01   0.000E+00
   1.488E-01   0.000E+00
   1.493E-01   0.000E+00
   1.498E-01   0.000E+00
   1.503E-01   0.000E+00
   1.508E-01   0.000E+00
   1.513E-01   0.000E+00
   1.518E-01   0.000E+00
   1.523E-01   0.000E+00
   1.528E-01   0.000E+00
   1.533E-01   0.000E+00
   1.538E-01   0.000E+00
   1.543E-01   0.000E+00
   1.548E-01   0.000E+00
   1.554E-01   0.000E+00
   1.559E-01   0.000E+00
   1.564E-01   0.000E+00
   1.569E-01   0.000E+00
   1.574E-01   0.000E+00
   1.579E-01   0.000E+00
   1.584E-01   0.000E+00
   1.589E-01   0.000E+00
   1.594E-01   0.000E+00
   1.599E-01   0.000E+00
   1.604E-01   0.000E+00
   1.609E-01   0.000E+00
   1.614E-01   0.000E+00
   1.619E-01   0.000E+00
   1.624E-01   0.000E+00
   1.629E-01   0.000E+00
   1.634E-01   0.000E+00
   1.639E-01   0.000E+00
   1.644E-01   0.000E+00
   1.649E-01   0.000E+00
   1.654E-01   0.000E+00
   1.659E-01   0.000E+00
   1.664E-01   0.000E+00
   1.669E-01   0.000E+00
   1.674E-01   0.000E+00
   1.679E-01   0.000E+00
   1.684E-01   0.000E+00
   1.689E-01   0.000E+00
   1.694E-01   0.000E+00
   1.699E-01   0.000E+00
   1.704E-01   0.000E+00
   1.709E-01   0.000E+00
   1.714E-01   0.000E+00
   1.719E-01   0.000E+00
   1.724E-01   0.000E+00
   1.729E-01   0.000E+00
   1.734E-01   0.000E+00
   1.739E-01   0.000E+00
   1.744E-01   0.000E+00
   1.749E-01   0.000E+00
   1.754E-01   0.000E+00
   1.759E-01   0.000E+00
   1.764E-01   0.000E+00
   1.769E-01   0.000E+00
   1.774E-01   0.000E+00
   1.779E-01   0.000E+00
   1.784E-01   0.000E+00
   1.789E-01   0.000E+00
   1.794E-01   0.000E+00
   1.799E-01   0.000E+00
   1.804E-01   0.000E+00
   1.809E-01   0.000E+00
   1.814E-01   0.000E+00
   1.819E-01   0.000E+00
   1.824E-01   0.000E+00
   1.829E-01   0.000E+00
   1.834E-01   0.000E+00
   1.839E-01   0.000E+00
   1.844E-01   0.000E+00
   1.849E-01   0.000E+00
   1.855E-01   0.000E+00
   1.860E-01   0.000E+00
   1.865E-01   0.000E+00
   1.870E-01   0.000E+00
   1.875E-01   0.000E+00
   1.880E-01   0.000E+00
   1.885E-01   0.000E+00
   1.890E-01   0.000E+00
   1.895E-01   0.000E+00
   1.900E-01   0.000E+00
   1.905E-01   0.000E+00
   1.910E-01   0.000E+00
   1.915E-01   0.000E+00
   1.920E-01   0.000E+00
   1.925E-01   0.000E+00
   1.930E-01   0.000E+00
   1.935E-01   0.000E+00
   1.940E-01   0.000E+00
   1.945E-01   0.000E+00
   1.950E-01   0.000E+00
   1.955E-01   0.000E+00
   1.960E-01   0.000E+00
   1.965E-01   0.000E+00
   1.970E-01   0.000E+00
   1.975E-01   0.000E+00
   1.980E-01   0.000E+00
   1.985E-01   0.000E+00
   1.990E-01   0.000E+00
   1.995E-01   0.000E+00
   2.000E-01   0.000E+00
