   2.730E+02   1.031E-02
   2.781E+02   1.682E-02
   2.832E+02   1.137E-02
   2.883E+02   7.483E-03
   2.934E+02   1.017E-05
   2.985E+02   3.560E-04
   3.036E+02   1.018E-03
   3.087E+02   1.708E-03
   3.139E+02   2.489E-03
   3.190E+02   3.421E-03
   3.241E+02   4.705E-03
   3.292E+02   6.121E-03
   3.343E+02   8.045E-03
   3.394E+02   9.918E-03
   3.445E+02   1.241E-02
   3.496E+02   1.502E-02
   3.547E+02   1.807E-02
   3.598E+02   2.180E-02
   3.649E+02   2.620E-02
   3.700E+02   3.064E-02
   3.751E+02   3.571E-02
   3.802E+02   4.108E-02
   3.854E+02   4.643E-02
   3.905E+02   5.336E-02
   3.956E+02   5.966E-02
   4.007E+02   6.862E-02
   4.058E+02   7.623E-02
   4.109E+02   8.487E-02
   4.160E+02   9.456E-02
   4.211E+02   1.060E-01
   4.262E+02   1.172E-01
   4.313E+02   1.270E-01
   4.364E+02   1.388E-01
   4.415E+02   1.528E-01
   4.466E+02   1.653E-01
   4.517E+02   1.804E-01
   4.569E+02   1.970E-01
   4.620E+02   2.132E-01
   4.671E+02   2.282E-01
   4.722E+02   2.490E-01
   4.773E+02   2.662E-01
   4.824E+02   2.887E-01
   4.875E+02   3.079E-01
   4.926E+02   3.286E-01
   4.977E+02   3.541E-01
   5.028E+02   3.763E-01
   5.079E+02   4.036E-01
   5.130E+02   4.300E-01
   5.181E+02   4.549E-01
   5.232E+02   4.874E-01
   5.284E+02   5.095E-01
   5.335E+02   5.446E-01
   5.386E+02   5.797E-01
   5.437E+02   6.097E-01
   5.488E+02   6.464E-01
   5.539E+02   6.821E-01
   5.590E+02   7.135E-01
   5.641E+02   7.673E-01
   5.692E+02   8.025E-01
   5.743E+02   8.330E-01
   5.794E+02   8.858E-01
   5.845E+02   9.237E-01
   5.896E+02   9.758E-01
   5.947E+02   1.025E+00
   5.998E+02   1.070E+00
   6.050E+02   1.129E+00
   6.101E+02   1.181E+00
   6.152E+02   1.232E+00
   6.203E+02   1.282E+00
   6.254E+02   1.348E+00
   6.305E+02   1.413E+00
   6.356E+02   1.470E+00
   6.407E+02   1.527E+00
   6.458E+02   1.597E+00
   6.509E+02   1.658E+00
   6.560E+02   1.731E+00
   6.611E+02   1.807E+00
   6.662E+02   1.874E+00
   6.713E+02   1.955E+00
   6.765E+02   2.043E+00
   6.816E+02   2.114E+00
   6.867E+02   2.188E+00
   6.918E+02   2.265E+00
   6.969E+02   2.366E+00
   7.020E+02   2.458E+00
   7.071E+02   2.533E+00
   7.122E+02   2.631E+00
   7.173E+02   2.723E+00
   7.224E+02   2.830E+00
   7.275E+02   2.906E+00
   7.326E+02   3.019E+00
   7.377E+02   3.111E+00
   7.428E+02   3.218E+00
   7.480E+02   3.328E+00
   7.531E+02   3.431E+00
   7.582E+02   3.549E+00
   7.633E+02   3.661E+00
   7.684E+02   3.786E+00
   7.735E+02   3.886E+00
   7.786E+02   4.001E+00
   7.837E+02   4.135E+00
   7.888E+02   4.262E+00
   7.939E+02   4.395E+00
   7.990E+02   4.517E+00
   8.041E+02   4.623E+00
   8.092E+02   4.754E+00
   8.143E+02   4.910E+00
   8.195E+02   5.017E+00
   8.246E+02   5.172E+00
   8.297E+02   5.298E+00
   8.348E+02   5.452E+00
   8.399E+02   5.595E+00
   8.450E+02   5.715E+00
   8.501E+02   5.865E+00
   8.552E+02   6.017E+00
   8.603E+02   6.139E+00
   8.654E+02   6.286E+00
   8.705E+02   6.408E+00
   8.756E+02   6.568E+00
   8.807E+02   6.702E+00
   8.858E+02   6.826E+00
   8.909E+02   6.992E+00
   8.961E+02   7.134E+00
   9.012E+02   7.263E+00
   9.063E+02   7.408E+00
   9.114E+02   7.533E+00
   9.165E+02   7.672E+00
   9.216E+02   7.829E+00
   9.267E+02   7.984E+00
   9.318E+02   8.100E+00
   9.369E+02   8.242E+00
   9.420E+02   8.350E+00
   9.471E+02   8.444E+00
   9.522E+02   8.596E+00
   9.573E+02   8.689E+00
   9.624E+02   8.817E+00
   9.676E+02   8.937E+00
   9.727E+02   9.054E+00
   9.778E+02   9.144E+00
   9.829E+02   9.223E+00
   9.880E+02   9.322E+00
   9.931E+02   9.401E+00
   9.982E+02   9.479E+00
   1.003E+03   9.548E+00
   1.008E+03   9.616E+00
   1.014E+03   9.699E+00
   1.019E+03   9.737E+00
   1.024E+03   9.797E+00
   1.029E+03   9.848E+00
   1.034E+03   9.858E+00
   1.039E+03   9.893E+00
   1.044E+03   9.915E+00
   1.049E+03   9.979E+00
   1.054E+03   9.930E+00
   1.059E+03   9.949E+00
   1.065E+03   9.912E+00
   1.070E+03   9.881E+00
   1.075E+03   9.887E+00
   1.080E+03   9.793E+00
   1.085E+03   9.743E+00
   1.090E+03   9.719E+00
   1.095E+03   9.619E+00
   1.100E+03   9.544E+00
   1.105E+03   9.438E+00
   1.111E+03   9.391E+00
   1.116E+03   9.222E+00
   1.121E+03   9.135E+00
   1.126E+03   9.032E+00
   1.131E+03   8.892E+00
   1.136E+03   8.736E+00
   1.141E+03   8.640E+00
   1.146E+03   8.458E+00
   1.151E+03   8.308E+00
   1.157E+03   8.167E+00
   1.162E+03   8.019E+00
   1.167E+03   7.831E+00
   1.172E+03   7.603E+00
   1.177E+03   7.432E+00
   1.182E+03   7.245E+00
   1.187E+03   7.004E+00
   1.192E+03   6.797E+00
   1.197E+03   6.539E+00
   1.202E+03   6.373E+00
   1.208E+03   6.115E+00
   1.213E+03   5.879E+00
   1.218E+03   5.622E+00
   1.223E+03   5.399E+00
   1.228E+03   5.168E+00
   1.233E+03   4.915E+00
   1.238E+03   4.683E+00
   1.243E+03   4.451E+00
   1.248E+03   4.199E+00
   1.254E+03   3.958E+00
   1.259E+03   3.723E+00
   1.264E+03   3.485E+00
   1.269E+03   3.256E+00
   1.274E+03   3.028E+00
   1.279E+03   2.815E+00
   1.284E+03   2.599E+00
   1.289E+03   2.411E+00
   1.294E+03   2.204E+00
   1.300E+03   2.006E+00
   1.305E+03   1.795E+00
   1.310E+03   1.623E+00
   1.315E+03   1.462E+00
   1.320E+03   1.305E+00
   1.325E+03   1.155E+00
   1.330E+03   1.015E+00
   1.335E+03   9.011E-01
   1.340E+03   7.861E-01
   1.345E+03   6.785E-01
   1.351E+03   5.817E-01
   1.356E+03   4.884E-01
   1.361E+03   3.963E-01
   1.366E+03   3.159E-01
   1.371E+03   2.497E-01
   1.376E+03   1.913E-01
   1.381E+03   1.423E-01
   1.386E+03   9.982E-02
   1.391E+03   7.858E-02
   1.397E+03   7.258E-02
   1.402E+03   6.714E-02
   1.407E+03   6.389E-02
   1.412E+03   6.806E-02
   1.417E+03   8.645E-02
   1.422E+03   1.127E-01
   1.427E+03   1.395E-01
   1.432E+03   1.713E-01
   1.437E+03   2.161E-01
   1.443E+03   2.635E-01
   1.448E+03   3.157E-01
   1.453E+03   3.721E-01
   1.458E+03   4.302E-01
   1.463E+03   4.891E-01
   1.468E+03   5.521E-01
   1.473E+03   6.204E-01
   1.478E+03   6.839E-01
   1.483E+03   7.346E-01
   1.488E+03   7.803E-01
   1.494E+03   8.352E-01
   1.499E+03   8.863E-01
   1.504E+03   9.434E-01
   1.509E+03   1.009E+00
   1.514E+03   1.063E+00
   1.519E+03   1.116E+00
   1.524E+03   1.166E+00
   1.529E+03   1.221E+00
   1.534E+03   1.291E+00
   1.540E+03   1.358E+00
   1.545E+03   1.427E+00
   1.550E+03   1.475E+00
   1.555E+03   1.516E+00
   1.560E+03   1.552E+00
   1.565E+03   1.591E+00
   1.570E+03   1.611E+00
   1.575E+03   1.641E+00
   1.580E+03   1.686E+00
   1.586E+03   1.713E+00
   1.591E+03   1.728E+00
   1.596E+03   1.726E+00
   1.601E+03   1.749E+00
   1.606E+03   1.760E+00
   1.611E+03   1.753E+00
   1.616E+03   1.733E+00
   1.621E+03   1.734E+00
   1.626E+03   1.715E+00
   1.631E+03   1.701E+00
   1.637E+03   1.690E+00
   1.642E+03   1.719E+00
   1.647E+03   1.765E+00
   1.652E+03   1.781E+00
   1.657E+03   1.850E+00
   1.662E+03   1.977E+00
   1.667E+03   2.124E+00
   1.672E+03   2.230E+00
   1.677E+03   2.315E+00
   1.683E+03   2.429E+00
   1.688E+03   2.331E+00
   1.693E+03   2.273E+00
   1.698E+03   2.219E+00
   1.703E+03   2.183E+00
   1.708E+03   2.100E+00
   1.713E+03   0.000E+00
   1.718E+03   0.000E+00
   1.723E+03   0.000E+00
   1.729E+03   0.000E+00
   1.734E+03   0.000E+00
   1.739E+03   0.000E+00
   1.744E+03   0.000E+00
   1.749E+03   0.000E+00
   1.754E+03   0.000E+00
   1.759E+03   0.000E+00
   1.764E+03   0.000E+00
   1.769E+03   0.000E+00
   1.774E+03   0.000E+00
   1.780E+03   0.000E+00
   1.785E+03   0.000E+00
   1.790E+03   0.000E+00
   1.795E+03   0.000E+00
   1.800E+03   0.000E+00
