   0.000E+00   6.445E-05
   2.058E-06   1.950E-04
   4.116E-06   3.962E-04
   6.175E-06   5.953E-04
   8.233E-06   8.281E-04
   1.029E-05   1.105E-03
   1.235E-05   1.323E-03
   1.441E-05   1.514E-03
   1.647E-05   1.642E-03
   1.852E-05   1.848E-03
   2.058E-05   2.126E-03
   2.264E-05   2.311E-03
   2.470E-05   2.460E-03
   2.676E-05   2.663E-03
   2.881E-05   2.873E-03
   3.087E-05   3.071E-03
   3.293E-05   3.274E-03
   3.499E-05   3.469E-03
   3.705E-05   3.626E-03
   3.911E-05   3.777E-03
   4.116E-05   3.944E-03
   4.322E-05   4.090E-03
   4.528E-05   4.211E-03
   4.734E-05   4.329E-03
   4.940E-05   4.441E-03
   5.145E-05   4.540E-03
   5.351E-05   4.634E-03
   5.557E-05   4.744E-03
   5.763E-05   4.845E-03
   5.969E-05   4.955E-03
   6.175E-05   5.035E-03
   6.380E-05   5.126E-03
   6.586E-05   5.214E-03
   6.792E-05   5.302E-03
   6.998E-05   5.384E-03
   7.204E-05   5.442E-03
   7.409E-05   5.509E-03
   7.615E-05   5.563E-03
   7.821E-05   5.623E-03
   8.027E-05   5.658E-03
   8.233E-05   5.705E-03
   8.439E-05   5.772E-03
   8.644E-05   5.836E-03
   8.850E-05   5.910E-03
   9.056E-05   5.974E-03
   9.262E-05   6.031E-03
   9.468E-05   6.086E-03
   9.674E-05   6.135E-03
   9.879E-05   6.185E-03
   1.009E-04   6.239E-03
   1.029E-04   6.310E-03
   1.050E-04   6.353E-03
   1.070E-04   6.408E-03
   1.091E-04   6.449E-03
   1.111E-04   6.487E-03
   1.132E-04   6.525E-03
   1.153E-04   6.548E-03
   1.173E-04   6.595E-03
   1.194E-04   6.619E-03
   1.214E-04   6.664E-03
   1.235E-04   6.691E-03
   1.255E-04   6.728E-03
   1.276E-04   6.773E-03
   1.297E-04   6.791E-03
   1.317E-04   6.839E-03
   1.338E-04   6.863E-03
   1.358E-04   6.873E-03
   1.379E-04   6.934E-03
   1.400E-04   6.949E-03
   1.420E-04   6.964E-03
   1.441E-04   6.971E-03
   1.461E-04   7.011E-03
   1.482E-04   7.004E-03
   1.502E-04   7.020E-03
   1.523E-04   7.068E-03
   1.544E-04   7.073E-03
   1.564E-04   7.086E-03
   1.585E-04   7.117E-03
   1.605E-04   7.113E-03
   1.626E-04   7.160E-03
   1.647E-04   7.165E-03
   1.667E-04   7.173E-03
   1.688E-04   7.206E-03
   1.708E-04   7.210E-03
   1.729E-04   7.225E-03
   1.749E-04   7.218E-03
   1.770E-04   7.223E-03
   1.791E-04   7.231E-03
   1.811E-04   7.244E-03
   1.832E-04   7.272E-03
   1.852E-04   7.278E-03
   1.873E-04   7.285E-03
   1.894E-04   7.266E-03
   1.914E-04   7.269E-03
   1.935E-04   7.294E-03
   1.955E-04   7.274E-03
   1.976E-04   7.323E-03
   1.996E-04   7.308E-03
   2.017E-04   7.328E-03
   2.038E-04   7.354E-03
   2.058E-04   7.389E-03
   2.079E-04   7.351E-03
   2.099E-04   7.355E-03
   2.120E-04   7.366E-03
   2.141E-04   7.350E-03
   2.161E-04   7.353E-03
   2.182E-04   7.366E-03
   2.202E-04   7.412E-03
   2.223E-04   7.427E-03
   2.243E-04   7.380E-03
   2.264E-04   7.418E-03
   2.285E-04   7.441E-03
   2.305E-04   7.406E-03
   2.326E-04   7.418E-03
   2.346E-04   7.481E-03
   2.367E-04   7.475E-03
   2.388E-04   7.435E-03
   2.408E-04   7.490E-03
   2.429E-04   7.493E-03
   2.449E-04   7.458E-03
   2.470E-04   7.475E-03
   2.490E-04   7.488E-03
   2.511E-04   7.511E-03
   2.532E-04   7.513E-03
   2.552E-04   7.556E-03
   2.573E-04   7.551E-03
   2.593E-04   7.543E-03
   2.614E-04   7.588E-03
   2.634E-04   7.559E-03
   2.655E-04   7.571E-03
   2.676E-04   7.604E-03
   2.696E-04   7.589E-03
   2.717E-04   7.607E-03
   2.737E-04   7.560E-03
   2.758E-04   7.578E-03
   2.779E-04   7.613E-03
   2.799E-04   7.712E-03
   2.820E-04   7.627E-03
   2.840E-04   7.579E-03
   2.861E-04   7.725E-03
   2.881E-04   7.693E-03
   2.902E-04   7.665E-03
   2.923E-04   7.700E-03
   2.943E-04   7.655E-03
   2.964E-04   7.642E-03
   2.984E-04   7.646E-03
   3.005E-04   7.781E-03
   3.026E-04   7.769E-03
   3.046E-04   7.752E-03
   3.067E-04   7.679E-03
   3.087E-04   7.773E-03
   3.108E-04   7.812E-03
   3.128E-04   7.800E-03
   3.149E-04   7.795E-03
   3.170E-04   7.758E-03
   3.190E-04   7.771E-03
   3.211E-04   7.971E-03
   3.231E-04   7.894E-03
   3.252E-04   7.859E-03
   3.273E-04   7.874E-03
   3.293E-04   7.920E-03
   3.314E-04   7.892E-03
   3.334E-04   7.884E-03
   3.355E-04   7.967E-03
   3.375E-04   8.052E-03
   3.396E-04   7.950E-03
   3.417E-04   8.019E-03
   3.437E-04   8.064E-03
   3.458E-04   8.080E-03
   3.478E-04   8.110E-03
   3.499E-04   8.116E-03
   3.520E-04   8.136E-03
   3.540E-04   8.256E-03
   3.561E-04   8.135E-03
   3.581E-04   8.153E-03
   3.602E-04   8.263E-03
   3.622E-04   8.149E-03
   3.643E-04   8.275E-03
   3.664E-04   8.317E-03
   3.684E-04   8.232E-03
   3.705E-04   8.374E-03
   3.725E-04   8.287E-03
   3.746E-04   8.309E-03
   3.766E-04   8.433E-03
   3.787E-04   8.492E-03
   3.808E-04   8.464E-03
   3.828E-04   8.540E-03
   3.849E-04   8.474E-03
   3.869E-04   8.505E-03
   3.890E-04   8.490E-03
   3.911E-04   8.661E-03
   3.931E-04   8.596E-03
   3.952E-04   8.724E-03
   3.972E-04   8.668E-03
   3.993E-04   8.701E-03
   4.013E-04   8.835E-03
   4.034E-04   8.747E-03
   4.055E-04   8.931E-03
   4.075E-04   8.774E-03
   4.096E-04   8.857E-03
   4.116E-04   9.077E-03
   4.137E-04   8.794E-03
   4.158E-04   8.863E-03
   4.178E-04   9.011E-03
   4.199E-04   9.159E-03
   4.219E-04   9.190E-03
   4.240E-04   8.954E-03
   4.260E-04   9.120E-03
   4.281E-04   9.298E-03
   4.302E-04   9.272E-03
   4.322E-04   9.257E-03
   4.343E-04   9.497E-03
   4.363E-04   9.643E-03
   4.384E-04   9.435E-03
   4.405E-04   9.310E-03
   4.425E-04   9.659E-03
   4.446E-04   9.548E-03
   4.466E-04   9.453E-03
   4.487E-04   9.787E-03
   4.507E-04   9.727E-03
   4.528E-04   9.903E-03
   4.549E-04   9.888E-03
   4.569E-04   9.817E-03
   4.590E-04   1.003E-02
   4.610E-04   9.940E-03
   4.631E-04   1.009E-02
   4.652E-04   1.018E-02
   4.672E-04   9.920E-03
   4.693E-04   1.011E-02
   4.713E-04   1.024E-02
   4.734E-04   1.034E-02
   4.754E-04   1.045E-02
   4.775E-04   1.056E-02
   4.796E-04   1.046E-02
   4.816E-04   1.050E-02
   4.837E-04   1.050E-02
   4.857E-04   1.086E-02
   4.878E-04   1.089E-02
   4.899E-04   1.073E-02
   4.919E-04   1.075E-02
   4.940E-04   1.075E-02
   4.960E-04   1.114E-02
   4.981E-04   1.095E-02
   5.001E-04   1.113E-02
   5.022E-04   1.124E-02
   5.043E-04   1.111E-02
   5.063E-04   1.131E-02
   5.084E-04   1.142E-02
   5.104E-04   1.145E-02
   5.125E-04   1.154E-02
   5.145E-04   1.143E-02
   5.166E-04   1.178E-02
   5.187E-04   1.167E-02
   5.207E-04   1.182E-02
   5.228E-04   1.214E-02
   5.248E-04   1.224E-02
   5.269E-04   1.209E-02
   5.290E-04   1.225E-02
   5.310E-04   1.217E-02
   5.331E-04   1.202E-02
   5.351E-04   1.233E-02
   5.372E-04   1.263E-02
   5.392E-04   1.256E-02
   5.413E-04   1.258E-02
   5.434E-04   1.283E-02
   5.454E-04   1.266E-02
   5.475E-04   1.294E-02
   5.495E-04   1.294E-02
   5.516E-04   1.325E-02
   5.537E-04   1.294E-02
   5.557E-04   1.320E-02
   5.578E-04   1.324E-02
   5.598E-04   1.346E-02
   5.619E-04   1.326E-02
   5.639E-04   1.361E-02
   5.660E-04   1.371E-02
   5.681E-04   1.390E-02
   5.701E-04   1.378E-02
   5.722E-04   1.354E-02
   5.742E-04   1.400E-02
   5.763E-04   1.433E-02
   5.784E-04   1.393E-02
   5.804E-04   1.424E-02
   5.825E-04   1.421E-02
   5.845E-04   1.477E-02
   5.866E-04   1.482E-02
   5.886E-04   1.442E-02
   5.907E-04   1.463E-02
   5.928E-04   1.523E-02
   5.948E-04   1.490E-02
   5.969E-04   1.513E-02
   5.989E-04   1.511E-02
   6.010E-04   1.541E-02
   6.031E-04   1.541E-02
   6.051E-04   1.540E-02
   6.072E-04   1.541E-02
   6.092E-04   1.563E-02
   6.113E-04   1.564E-02
   6.133E-04   1.597E-02
   6.154E-04   1.479E-01
