   0.000E+00   1.036E-05
   1.801E-06   3.671E-05
   3.602E-06   9.983E-05
   5.403E-06   1.998E-04
   7.204E-06   3.796E-04
   9.005E-06   5.551E-04
   1.081E-05   7.679E-04
   1.261E-05   9.824E-04
   1.441E-05   1.239E-03
   1.621E-05   1.475E-03
   1.801E-05   1.846E-03
   1.981E-05   2.346E-03
   2.161E-05   2.863E-03
   2.341E-05   3.355E-03
   2.521E-05   3.870E-03
   2.702E-05   4.482E-03
   2.882E-05   5.104E-03
   3.062E-05   5.852E-03
   3.242E-05   6.598E-03
   3.422E-05   7.362E-03
   3.602E-05   8.160E-03
   3.782E-05   8.924E-03
   3.962E-05   9.803E-03
   4.142E-05   1.075E-02
   4.322E-05   1.167E-02
   4.503E-05   1.252E-02
   4.683E-05   1.338E-02
   4.863E-05   1.435E-02
   5.043E-05   1.523E-02
   5.223E-05   1.612E-02
   5.403E-05   1.701E-02
   5.583E-05   1.806E-02
   5.763E-05   1.912E-02
   5.943E-05   2.023E-02
   6.123E-05   2.128E-02
   6.304E-05   2.233E-02
   6.484E-05   2.341E-02
   6.664E-05   2.453E-02
   6.844E-05   2.566E-02
   7.024E-05   2.668E-02
   7.204E-05   2.766E-02
   7.384E-05   2.878E-02
   7.564E-05   2.997E-02
   7.744E-05   3.101E-02
   7.924E-05   3.215E-02
   8.105E-05   3.290E-02
   8.285E-05   3.395E-02
   8.465E-05   3.519E-02
   8.645E-05   3.644E-02
   8.825E-05   3.778E-02
   9.005E-05   3.909E-02
   9.185E-05   4.030E-02
   9.365E-05   4.158E-02
   9.545E-05   4.276E-02
   9.725E-05   4.414E-02
   9.906E-05   4.544E-02
   1.009E-04   4.674E-02
   1.027E-04   4.796E-02
   1.045E-04   4.932E-02
   1.063E-04   5.047E-02
   1.081E-04   5.178E-02
   1.099E-04   5.294E-02
   1.117E-04   5.437E-02
   1.135E-04   5.559E-02
   1.153E-04   5.714E-02
   1.171E-04   5.850E-02
   1.189E-04   5.976E-02
   1.207E-04   6.094E-02
   1.225E-04   6.230E-02
   1.243E-04   6.360E-02
   1.261E-04   6.513E-02
   1.279E-04   6.635E-02
   1.297E-04   6.761E-02
   1.315E-04   6.913E-02
   1.333E-04   7.038E-02
   1.351E-04   7.174E-02
   1.369E-04   7.308E-02
   1.387E-04   7.446E-02
   1.405E-04   7.573E-02
   1.423E-04   7.704E-02
   1.441E-04   7.837E-02
   1.459E-04   7.970E-02
   1.477E-04   8.101E-02
   1.495E-04   8.238E-02
   1.513E-04   8.378E-02
   1.531E-04   8.507E-02
   1.549E-04   8.652E-02
   1.567E-04   8.770E-02
   1.585E-04   8.909E-02
   1.603E-04   9.063E-02
   1.621E-04   9.184E-02
   1.639E-04   9.344E-02
   1.657E-04   9.463E-02
   1.675E-04   9.610E-02
   1.693E-04   9.738E-02
   1.711E-04   9.819E-02
   1.729E-04   9.981E-02
   1.747E-04   1.008E-01
   1.765E-04   1.025E-01
   1.783E-04   1.038E-01
   1.801E-04   1.051E-01
   1.819E-04   1.063E-01
   1.837E-04   1.078E-01
   1.855E-04   1.091E-01
   1.873E-04   1.101E-01
   1.891E-04   1.112E-01
   1.909E-04   1.125E-01
   1.927E-04   1.138E-01
   1.945E-04   1.153E-01
   1.963E-04   1.161E-01
   1.981E-04   1.174E-01
   1.999E-04   1.191E-01
   2.017E-04   1.197E-01
   2.035E-04   1.217E-01
   2.053E-04   1.230E-01
   2.071E-04   1.243E-01
   2.089E-04   1.258E-01
   2.107E-04   1.264E-01
   2.125E-04   1.278E-01
   2.143E-04   1.292E-01
   2.161E-04   1.306E-01
   2.179E-04   1.317E-01
   2.197E-04   1.330E-01
   2.215E-04   1.340E-01
   2.233E-04   1.354E-01
   2.251E-04   1.370E-01
   2.269E-04   1.384E-01
   2.287E-04   1.391E-01
   2.305E-04   1.398E-01
   2.323E-04   1.419E-01
   2.341E-04   1.432E-01
   2.359E-04   1.444E-01
   2.377E-04   1.451E-01
   2.395E-04   1.463E-01
   2.413E-04   1.475E-01
   2.431E-04   1.489E-01
   2.449E-04   1.500E-01
   2.467E-04   1.516E-01
   2.485E-04   1.528E-01
   2.503E-04   1.542E-01
   2.521E-04   1.550E-01
   2.539E-04   1.565E-01
   2.557E-04   1.572E-01
   2.575E-04   1.584E-01
   2.593E-04   1.592E-01
   2.611E-04   1.613E-01
   2.629E-04   1.618E-01
   2.647E-04   1.631E-01
   2.665E-04   1.639E-01
   2.683E-04   1.653E-01
   2.702E-04   1.663E-01
   2.720E-04   1.674E-01
   2.738E-04   1.683E-01
   2.756E-04   1.694E-01
   2.774E-04   1.703E-01
   2.792E-04   1.718E-01
   2.810E-04   1.718E-01
   2.828E-04   1.740E-01
   2.846E-04   1.746E-01
   2.864E-04   1.751E-01
   2.882E-04   1.771E-01
   2.900E-04   1.784E-01
   2.918E-04   1.784E-01
   2.936E-04   1.797E-01
   2.954E-04   1.813E-01
   2.972E-04   1.819E-01
   2.990E-04   1.826E-01
   3.008E-04   1.829E-01
   3.026E-04   1.837E-01
   3.044E-04   1.859E-01
   3.062E-04   1.868E-01
   3.080E-04   1.874E-01
   3.098E-04   1.882E-01
   3.116E-04   1.889E-01
   3.134E-04   1.894E-01
   3.152E-04   1.909E-01
   3.170E-04   1.925E-01
   3.188E-04   1.934E-01
   3.206E-04   1.931E-01
   3.224E-04   1.944E-01
   3.242E-04   1.954E-01
   3.260E-04   1.966E-01
   3.278E-04   1.968E-01
   3.296E-04   1.982E-01
   3.314E-04   1.994E-01
   3.332E-04   2.002E-01
   3.350E-04   2.009E-01
   3.368E-04   2.006E-01
   3.386E-04   2.029E-01
   3.404E-04   2.032E-01
   3.422E-04   2.043E-01
   3.440E-04   2.060E-01
   3.458E-04   2.063E-01
   3.476E-04   2.078E-01
   3.494E-04   2.082E-01
   3.512E-04   2.084E-01
   3.530E-04   2.096E-01
   3.548E-04   2.102E-01
   3.566E-04   2.099E-01
   3.584E-04   2.120E-01
   3.602E-04   2.126E-01
   3.620E-04   2.138E-01
   3.638E-04   2.143E-01
   3.656E-04   2.147E-01
   3.674E-04   2.150E-01
   3.692E-04   2.160E-01
   3.710E-04   2.168E-01
   3.728E-04   2.178E-01
   3.746E-04   2.191E-01
   3.764E-04   2.192E-01
   3.782E-04   2.183E-01
   3.800E-04   2.201E-01
   3.818E-04   2.206E-01
   3.836E-04   2.218E-01
   3.854E-04   2.227E-01
   3.872E-04   2.221E-01
   3.890E-04   2.232E-01
   3.908E-04   2.240E-01
   3.926E-04   2.244E-01
   3.944E-04   2.245E-01
   3.962E-04   2.255E-01
   3.980E-04   2.264E-01
   3.998E-04   2.270E-01
   4.016E-04   2.277E-01
   4.034E-04   2.283E-01
   4.052E-04   2.292E-01
   4.070E-04   2.301E-01
   4.088E-04   2.309E-01
   4.106E-04   2.305E-01
   4.124E-04   2.307E-01
   4.142E-04   2.334E-01
   4.160E-04   2.324E-01
   4.178E-04   2.336E-01
   4.196E-04   2.320E-01
   4.214E-04   2.334E-01
   4.232E-04   2.363E-01
   4.250E-04   2.356E-01
   4.268E-04   2.354E-01
   4.286E-04   2.352E-01
   4.304E-04   2.370E-01
   4.322E-04   2.365E-01
   4.340E-04   2.362E-01
   4.358E-04   2.369E-01
   4.376E-04   2.374E-01
   4.394E-04   2.392E-01
   4.412E-04   2.395E-01
   4.430E-04   2.379E-01
   4.448E-04   2.409E-01
   4.466E-04   2.399E-01
   4.484E-04   2.402E-01
   4.503E-04   2.402E-01
   4.521E-04   2.420E-01
   4.539E-04   2.399E-01
   4.557E-04   2.412E-01
   4.575E-04   2.427E-01
   4.593E-04   2.434E-01
   4.611E-04   2.430E-01
   4.629E-04   2.426E-01
   4.647E-04   2.441E-01
   4.665E-04   2.417E-01
   4.683E-04   2.442E-01
   4.701E-04   2.444E-01
   4.719E-04   2.455E-01
   4.737E-04   2.454E-01
   4.755E-04   2.450E-01
   4.773E-04   2.458E-01
   4.791E-04   2.457E-01
   4.809E-04   2.457E-01
   4.827E-04   2.456E-01
   4.845E-04   2.477E-01
   4.863E-04   2.444E-01
   4.881E-04   2.461E-01
   4.899E-04   2.484E-01
   4.917E-04   2.480E-01
   4.935E-04   2.486E-01
   4.953E-04   2.497E-01
   4.971E-04   2.468E-01
   4.989E-04   2.477E-01
   5.007E-04   2.472E-01
   5.025E-04   2.488E-01
   5.043E-04   2.501E-01
   5.061E-04   2.486E-01
   5.079E-04   2.498E-01
   5.097E-04   2.497E-01
   5.115E-04   2.496E-01
   5.133E-04   2.506E-01
   5.151E-04   2.486E-01
   5.169E-04   2.509E-01
   5.187E-04   2.520E-01
   5.205E-04   2.485E-01
   5.223E-04   2.517E-01
   5.241E-04   2.506E-01
   5.259E-04   2.521E-01
   5.277E-04   2.514E-01
   5.295E-04   2.503E-01
   5.313E-04   2.523E-01
   5.331E-04   2.521E-01
   5.349E-04   2.540E-01
   5.367E-04   2.526E-01
   5.385E-04   1.153E-01
