   2.730E+02   4.670E+05
   2.781E+02   3.202E+05
   2.832E+02   2.653E+05
   2.883E+02   2.177E+05
   2.934E+02   1.171E+04
   2.985E+02   5.443E+04
   3.036E+02   1.531E+05
   3.087E+02   2.330E+05
   3.139E+02   3.057E+05
   3.190E+02   3.772E+05
   3.241E+02   4.494E+05
   3.292E+02   5.163E+05
   3.343E+02   5.820E+05
   3.394E+02   6.452E+05
   3.445E+02   7.080E+05
   3.496E+02   7.669E+05
   3.547E+02   8.279E+05
   3.598E+02   8.911E+05
   3.649E+02   9.575E+05
   3.700E+02   1.015E+06
   3.751E+02   1.075E+06
   3.802E+02   1.132E+06
   3.854E+02   1.183E+06
   3.905E+02   1.240E+06
   3.956E+02   1.295E+06
   4.007E+02   1.353E+06
   4.058E+02   1.407E+06
   4.109E+02   1.453E+06
   4.160E+02   1.509E+06
   4.211E+02   1.560E+06
   4.262E+02   1.612E+06
   4.313E+02   1.652E+06
   4.364E+02   1.698E+06
   4.415E+02   1.739E+06
   4.466E+02   1.781E+06
   4.517E+02   1.827E+06
   4.569E+02   1.874E+06
   4.620E+02   1.911E+06
   4.671E+02   1.947E+06
   4.722E+02   1.994E+06
   4.773E+02   2.038E+06
   4.824E+02   2.075E+06
   4.875E+02   2.113E+06
   4.926E+02   2.146E+06
   4.977E+02   2.188E+06
   5.028E+02   2.220E+06
   5.079E+02   2.264E+06
   5.130E+02   2.296E+06
   5.181E+02   2.325E+06
   5.232E+02   2.360E+06
   5.284E+02   2.385E+06
   5.335E+02   2.423E+06
   5.386E+02   2.456E+06
   5.437E+02   2.485E+06
   5.488E+02   2.514E+06
   5.539E+02   2.543E+06
   5.590E+02   2.562E+06
   5.641E+02   2.599E+06
   5.692E+02   2.619E+06
   5.743E+02   2.631E+06
   5.794E+02   2.661E+06
   5.845E+02   2.683E+06
   5.896E+02   2.705E+06
   5.947E+02   2.729E+06
   5.998E+02   2.749E+06
   6.050E+02   2.777E+06
   6.101E+02   2.794E+06
   6.152E+02   2.808E+06
   6.203E+02   2.816E+06
   6.254E+02   2.840E+06
   6.305E+02   2.858E+06
   6.356E+02   2.870E+06
   6.407E+02   2.881E+06
   6.458E+02   2.897E+06
   6.509E+02   2.903E+06
   6.560E+02   2.917E+06
   6.611E+02   2.933E+06
   6.662E+02   2.937E+06
   6.713E+02   2.953E+06
   6.765E+02   2.969E+06
   6.816E+02   2.970E+06
   6.867E+02   2.968E+06
   6.918E+02   2.973E+06
   6.969E+02   2.989E+06
   7.020E+02   2.997E+06
   7.071E+02   2.989E+06
   7.122E+02   2.996E+06
   7.173E+02   2.996E+06
   7.224E+02   3.009E+06
   7.275E+02   2.994E+06
   7.326E+02   3.003E+06
   7.377E+02   2.997E+06
   7.428E+02   2.999E+06
   7.480E+02   2.996E+06
   7.531E+02   2.993E+06
   7.582E+02   2.996E+06
   7.633E+02   2.993E+06
   7.684E+02   2.994E+06
   7.735E+02   2.989E+06
   7.786E+02   2.981E+06
   7.837E+02   2.981E+06
   7.888E+02   2.977E+06
   7.939E+02   2.976E+06
   7.990E+02   2.968E+06
   8.041E+02   2.952E+06
   8.092E+02   2.945E+06
   8.143E+02   2.948E+06
   8.195E+02   2.932E+06
   8.246E+02   2.931E+06
   8.297E+02   2.921E+06
   8.348E+02   2.916E+06
   8.399E+02   2.909E+06
   8.450E+02   2.893E+06
   8.501E+02   2.885E+06
   8.552E+02   2.879E+06
   8.603E+02   2.863E+06
   8.654E+02   2.855E+06
   8.705E+02   2.836E+06
   8.756E+02   2.831E+06
   8.807E+02   2.815E+06
   8.858E+02   2.796E+06
   8.909E+02   2.791E+06
   8.961E+02   2.779E+06
   9.012E+02   2.762E+06
   9.063E+02   2.751E+06
   9.114E+02   2.732E+06
   9.165E+02   2.719E+06
   9.216E+02   2.710E+06
   9.267E+02   2.699E+06
   9.318E+02   2.682E+06
   9.369E+02   2.669E+06
   9.420E+02   2.650E+06
   9.471E+02   2.624E+06
   9.522E+02   2.617E+06
   9.573E+02   2.592E+06
   9.624E+02   2.580E+06
   9.676E+02   2.564E+06
   9.727E+02   2.546E+06
   9.778E+02   2.527E+06
   9.829E+02   2.504E+06
   9.880E+02   2.487E+06
   9.931E+02   2.465E+06
   9.982E+02   2.444E+06
   1.003E+03   2.424E+06
   1.008E+03   2.404E+06
   1.014E+03   2.386E+06
   1.019E+03   2.360E+06
   1.024E+03   2.340E+06
   1.029E+03   2.321E+06
   1.034E+03   2.292E+06
   1.039E+03   2.271E+06
   1.044E+03   2.248E+06
   1.049E+03   2.232E+06
   1.054E+03   2.202E+06
   1.059E+03   2.179E+06
   1.065E+03   2.150E+06
   1.070E+03   2.123E+06
   1.075E+03   2.103E+06
   1.080E+03   2.064E+06
   1.085E+03   2.042E+06
   1.090E+03   2.019E+06
   1.095E+03   1.987E+06
   1.100E+03   1.958E+06
   1.105E+03   1.928E+06
   1.111E+03   1.907E+06
   1.116E+03   1.867E+06
   1.121E+03   1.842E+06
   1.126E+03   1.815E+06
   1.131E+03   1.785E+06
   1.136E+03   1.752E+06
   1.141E+03   1.728E+06
   1.146E+03   1.692E+06
   1.151E+03   1.667E+06
   1.157E+03   1.638E+06
   1.162E+03   1.611E+06
   1.167E+03   1.578E+06
   1.172E+03   1.541E+06
   1.177E+03   1.511E+06
   1.182E+03   1.479E+06
   1.187E+03   1.442E+06
   1.192E+03   1.409E+06
   1.197E+03   1.370E+06
   1.202E+03   1.345E+06
   1.208E+03   1.304E+06
   1.213E+03   1.267E+06
   1.218E+03   1.229E+06
   1.223E+03   1.194E+06
   1.228E+03   1.160E+06
   1.233E+03   1.121E+06
   1.238E+03   1.085E+06
   1.243E+03   1.047E+06
   1.248E+03   1.007E+06
   1.254E+03   9.694E+05
   1.259E+03   9.299E+05
   1.264E+03   8.902E+05
   1.269E+03   8.506E+05
   1.274E+03   8.104E+05
   1.279E+03   7.732E+05
   1.284E+03   7.323E+05
   1.289E+03   6.959E+05
   1.294E+03   6.543E+05
   1.300E+03   6.123E+05
   1.305E+03   5.667E+05
   1.310E+03   5.293E+05
   1.315E+03   4.918E+05
   1.320E+03   4.547E+05
   1.325E+03   4.184E+05
   1.330E+03   3.823E+05
   1.335E+03   3.529E+05
   1.340E+03   3.210E+05
   1.345E+03   2.891E+05
   1.351E+03   2.596E+05
   1.356E+03   2.293E+05
   1.361E+03   1.975E+05
   1.366E+03   1.672E+05
   1.371E+03   1.421E+05
   1.376E+03   1.176E+05
   1.381E+03   9.521E+04
   1.386E+03   7.373E+04
   1.391E+03   6.326E+04
   1.397E+03   6.170E+04
   1.402E+03   5.886E+04
   1.407E+03   5.592E+04
   1.412E+03   5.671E+04
   1.417E+03   6.579E+04
   1.422E+03   7.760E+04
   1.427E+03   8.731E+04
   1.432E+03   9.736E+04
   1.437E+03   1.121E+05
   1.443E+03   1.259E+05
   1.448E+03   1.391E+05
   1.453E+03   1.526E+05
   1.458E+03   1.656E+05
   1.463E+03   1.770E+05
   1.468E+03   1.885E+05
   1.473E+03   2.009E+05
   1.478E+03   2.125E+05
   1.483E+03   2.184E+05
   1.488E+03   2.227E+05
   1.494E+03   2.282E+05
   1.499E+03   2.328E+05
   1.504E+03   2.378E+05
   1.509E+03   2.431E+05
   1.514E+03   2.474E+05
   1.519E+03   2.491E+05
   1.524E+03   2.498E+05
   1.529E+03   2.504E+05
   1.534E+03   2.536E+05
   1.540E+03   2.579E+05
   1.545E+03   2.633E+05
   1.550E+03   2.624E+05
   1.555E+03   2.595E+05
   1.560E+03   2.546E+05
   1.565E+03   2.499E+05
   1.570E+03   2.416E+05
   1.575E+03   2.390E+05
   1.580E+03   2.347E+05
   1.586E+03   2.288E+05
   1.591E+03   2.239E+05
   1.596E+03   2.153E+05
   1.601E+03   2.106E+05
   1.606E+03   2.039E+05
   1.611E+03   1.974E+05
   1.616E+03   1.866E+05
   1.621E+03   1.787E+05
   1.626E+03   1.726E+05
   1.631E+03   1.677E+05
   1.637E+03   1.580E+05
   1.642E+03   1.502E+05
   1.647E+03   1.522E+05
   1.652E+03   1.487E+05
   1.657E+03   1.410E+05
   1.662E+03   1.603E+05
   1.667E+03   1.596E+05
   1.672E+03   1.431E+05
   1.677E+03   1.484E+05
   1.683E+03   1.991E+05
   1.688E+03   1.973E+05
   1.693E+03   1.749E+05
   1.698E+03   1.461E+05
   1.703E+03   1.113E+05
   1.708E+03   6.541E+04
   1.713E+03   0.000E+00
   1.718E+03   0.000E+00
   1.723E+03   0.000E+00
   1.729E+03   0.000E+00
   1.734E+03   0.000E+00
   1.739E+03   0.000E+00
   1.744E+03   0.000E+00
   1.749E+03   0.000E+00
   1.754E+03   0.000E+00
   1.759E+03   0.000E+00
   1.764E+03   0.000E+00
   1.769E+03   0.000E+00
   1.774E+03   0.000E+00
   1.780E+03   0.000E+00
   1.785E+03   0.000E+00
   1.790E+03   0.000E+00
   1.795E+03   0.000E+00
   1.800E+03   0.000E+00
