   2.730E+02   1.070E+01
   2.781E+02   1.024E+01
   2.832E+02   9.035E+00
   2.883E+02   7.042E+00
   2.934E+02   2.822E+01
   2.985E+02   6.207E-01
   3.036E+02   1.271E+00
   3.087E+02   1.824E+00
   3.139E+02   2.352E+00
   3.190E+02   2.895E+00
   3.241E+02   3.462E+00
   3.292E+02   4.015E+00
   3.343E+02   4.558E+00
   3.394E+02   5.088E+00
   3.445E+02   5.613E+00
   3.496E+02   6.102E+00
   3.547E+02   6.598E+00
   3.598E+02   7.115E+00
   3.649E+02   7.653E+00
   3.700E+02   8.096E+00
   3.751E+02   8.554E+00
   3.802E+02   8.989E+00
   3.854E+02   9.378E+00
   3.905E+02   9.790E+00
   3.956E+02   1.016E+01
   4.007E+02   1.056E+01
   4.058E+02   1.090E+01
   4.109E+02   1.119E+01
   4.160E+02   1.156E+01
   4.211E+02   1.188E+01
   4.262E+02   1.216E+01
   4.313E+02   1.240E+01
   4.364E+02   1.265E+01
   4.415E+02   1.288E+01
   4.466E+02   1.303E+01
   4.517E+02   1.326E+01
   4.569E+02   1.347E+01
   4.620E+02   1.369E+01
   4.671E+02   1.377E+01
   4.722E+02   1.399E+01
   4.773E+02   1.416E+01
   4.824E+02   1.429E+01
   4.875E+02   1.439E+01
   4.926E+02   1.451E+01
   4.977E+02   1.463E+01
   5.028E+02   1.465E+01
   5.079E+02   1.478E+01
   5.130E+02   1.481E+01
   5.181E+02   1.491E+01
   5.232E+02   1.496E+01
   5.284E+02   1.497E+01
   5.335E+02   1.504E+01
   5.386E+02   1.507E+01
   5.437E+02   1.507E+01
   5.488E+02   1.504E+01
   5.539E+02   1.506E+01
   5.590E+02   1.501E+01
   5.641E+02   1.508E+01
   5.692E+02   1.509E+01
   5.743E+02   1.493E+01
   5.794E+02   1.498E+01
   5.845E+02   1.484E+01
   5.896E+02   1.485E+01
   5.947E+02   1.480E+01
   5.998E+02   1.469E+01
   6.050E+02   1.467E+01
   6.101E+02   1.459E+01
   6.152E+02   1.447E+01
   6.203E+02   1.435E+01
   6.254E+02   1.431E+01
   6.305E+02   1.426E+01
   6.356E+02   1.419E+01
   6.407E+02   1.403E+01
   6.458E+02   1.395E+01
   6.509E+02   1.380E+01
   6.560E+02   1.373E+01
   6.611E+02   1.363E+01
   6.662E+02   1.346E+01
   6.713E+02   1.334E+01
   6.765E+02   1.327E+01
   6.816E+02   1.318E+01
   6.867E+02   1.305E+01
   6.918E+02   1.291E+01
   6.969E+02   1.285E+01
   7.020E+02   1.277E+01
   7.071E+02   1.257E+01
   7.122E+02   1.251E+01
   7.173E+02   1.242E+01
   7.224E+02   1.224E+01
   7.275E+02   1.219E+01
   7.326E+02   1.203E+01
   7.377E+02   1.195E+01
   7.428E+02   1.186E+01
   7.480E+02   1.176E+01
   7.531E+02   1.169E+01
   7.582E+02   1.160E+01
   7.633E+02   1.153E+01
   7.684E+02   1.152E+01
   7.735E+02   1.138E+01
   7.786E+02   1.136E+01
   7.837E+02   1.127E+01
   7.888E+02   1.126E+01
   7.939E+02   1.124E+01
   7.990E+02   1.124E+01
   8.041E+02   1.119E+01
   8.092E+02   1.122E+01
   8.143E+02   1.122E+01
   8.195E+02   1.125E+01
   8.246E+02   1.124E+01
   8.297E+02   1.126E+01
   8.348E+02   1.128E+01
   8.399E+02   1.139E+01
   8.450E+02   1.144E+01
   8.501E+02   1.159E+01
   8.552E+02   1.166E+01
   8.603E+02   1.176E+01
   8.654E+02   1.181E+01
   8.705E+02   1.194E+01
   8.756E+02   1.209E+01
   8.807E+02   1.224E+01
   8.858E+02   1.239E+01
   8.909E+02   1.259E+01
   8.961E+02   1.272E+01
   9.012E+02   1.292E+01
   9.063E+02   1.309E+01
   9.114E+02   1.324E+01
   9.165E+02   1.356E+01
   9.216E+02   1.375E+01
   9.267E+02   1.399E+01
   9.318E+02   1.412E+01
   9.369E+02   1.445E+01
   9.420E+02   1.472E+01
   9.471E+02   1.480E+01
   9.522E+02   1.513E+01
   9.573E+02   1.535E+01
   9.624E+02   1.561E+01
   9.676E+02   1.591E+01
   9.727E+02   1.617E+01
   9.778E+02   1.640E+01
   9.829E+02   1.666E+01
   9.880E+02   1.691E+01
   9.931E+02   1.715E+01
   9.982E+02   1.743E+01
   1.003E+03   1.769E+01
   1.008E+03   1.798E+01
   1.014E+03   1.824E+01
   1.019E+03   1.847E+01
   1.024E+03   1.882E+01
   1.029E+03   1.898E+01
   1.034E+03   1.927E+01
   1.039E+03   1.950E+01
   1.044E+03   1.973E+01
   1.049E+03   2.006E+01
   1.054E+03   2.029E+01
   1.059E+03   2.042E+01
   1.065E+03   2.071E+01
   1.070E+03   2.086E+01
   1.075E+03   2.104E+01
   1.080E+03   2.120E+01
   1.085E+03   2.137E+01
   1.090E+03   2.155E+01
   1.095E+03   2.165E+01
   1.100E+03   2.181E+01
   1.105E+03   2.188E+01
   1.111E+03   2.211E+01
   1.116E+03   2.204E+01
   1.121E+03   2.224E+01
   1.126E+03   2.228E+01
   1.131E+03   2.232E+01
   1.136E+03   2.234E+01
   1.141E+03   2.249E+01
   1.146E+03   2.243E+01
   1.151E+03   2.249E+01
   1.157E+03   2.252E+01
   1.162E+03   2.252E+01
   1.167E+03   2.241E+01
   1.172E+03   2.230E+01
   1.177E+03   2.223E+01
   1.182E+03   2.212E+01
   1.187E+03   2.193E+01
   1.192E+03   2.177E+01
   1.197E+03   2.157E+01
   1.202E+03   2.146E+01
   1.208E+03   2.115E+01
   1.213E+03   2.086E+01
   1.218E+03   2.054E+01
   1.223E+03   2.027E+01
   1.228E+03   1.999E+01
   1.233E+03   1.963E+01
   1.238E+03   1.924E+01
   1.243E+03   1.887E+01
   1.248E+03   1.839E+01
   1.254E+03   1.798E+01
   1.259E+03   1.750E+01
   1.264E+03   1.699E+01
   1.269E+03   1.648E+01
   1.274E+03   1.595E+01
   1.279E+03   1.542E+01
   1.284E+03   1.484E+01
   1.289E+03   1.427E+01
   1.294E+03   1.364E+01
   1.300E+03   1.298E+01
   1.305E+03   1.221E+01
   1.310E+03   1.158E+01
   1.315E+03   1.094E+01
   1.320E+03   1.030E+01
   1.325E+03   9.656E+00
   1.330E+03   9.003E+00
   1.335E+03   8.475E+00
   1.340E+03   7.903E+00
   1.345E+03   7.286E+00
   1.351E+03   6.702E+00
   1.356E+03   6.084E+00
   1.361E+03   5.406E+00
   1.366E+03   4.742E+00
   1.371E+03   4.158E+00
   1.376E+03   3.593E+00
   1.381E+03   3.050E+00
   1.386E+03   2.526E+00
   1.391E+03   2.280E+00
   1.397E+03   2.247E+00
   1.402E+03   2.171E+00
   1.407E+03   2.103E+00
   1.412E+03   2.137E+00
   1.417E+03   2.392E+00
   1.422E+03   2.715E+00
   1.427E+03   2.974E+00
   1.432E+03   3.255E+00
   1.437E+03   3.674E+00
   1.443E+03   4.038E+00
   1.448E+03   4.373E+00
   1.453E+03   4.710E+00
   1.458E+03   5.012E+00
   1.463E+03   5.282E+00
   1.468E+03   5.560E+00
   1.473E+03   5.880E+00
   1.478E+03   6.160E+00
   1.483E+03   6.323E+00
   1.488E+03   6.448E+00
   1.494E+03   6.607E+00
   1.499E+03   6.721E+00
   1.504E+03   6.854E+00
   1.509E+03   7.015E+00
   1.514E+03   7.111E+00
   1.519E+03   7.189E+00
   1.524E+03   7.258E+00
   1.529E+03   7.314E+00
   1.534E+03   7.449E+00
   1.540E+03   7.583E+00
   1.545E+03   7.732E+00
   1.550E+03   7.747E+00
   1.555E+03   7.734E+00
   1.560E+03   7.682E+00
   1.565E+03   7.624E+00
   1.570E+03   7.504E+00
   1.575E+03   7.467E+00
   1.580E+03   7.475E+00
   1.586E+03   7.417E+00
   1.591E+03   7.339E+00
   1.596E+03   7.199E+00
   1.601E+03   7.086E+00
   1.606E+03   7.031E+00
   1.611E+03   6.839E+00
   1.616E+03   6.618E+00
   1.621E+03   6.458E+00
   1.626E+03   6.252E+00
   1.631E+03   6.168E+00
   1.637E+03   6.065E+00
   1.642E+03   5.927E+00
   1.647E+03   5.881E+00
   1.652E+03   6.084E+00
   1.657E+03   6.306E+00
   1.662E+03   6.273E+00
   1.667E+03   6.261E+00
   1.672E+03   6.212E+00
   1.677E+03   6.777E+00
   1.683E+03   8.037E+00
   1.688E+03   8.628E+00
   1.693E+03   8.961E+00
   1.698E+03   9.225E+00
   1.703E+03   9.410E+00
   1.708E+03   9.090E+00
   1.713E+03   0.000E+00
   1.718E+03   0.000E+00
   1.723E+03   0.000E+00
   1.729E+03   0.000E+00
   1.734E+03   0.000E+00
   1.739E+03   0.000E+00
   1.744E+03   0.000E+00
   1.749E+03   0.000E+00
   1.754E+03   0.000E+00
   1.759E+03   0.000E+00
   1.764E+03   0.000E+00
   1.769E+03   0.000E+00
   1.774E+03   0.000E+00
   1.780E+03   0.000E+00
   1.785E+03   0.000E+00
   1.790E+03   0.000E+00
   1.795E+03   0.000E+00
   1.800E+03   0.000E+00
