   2.730E+02   2.387E+00
   2.781E+02   1.304E+00
   2.832E+02   8.704E-01
   2.883E+02   4.833E-01
   2.934E+02   5.897E-04
   2.985E+02   5.354E-02
   3.036E+02   1.673E-01
   3.087E+02   2.647E-01
   3.139E+02   3.514E-01
   3.190E+02   4.343E-01
   3.241E+02   5.163E-01
   3.292E+02   5.871E-01
   3.343E+02   6.547E-01
   3.394E+02   7.135E-01
   3.445E+02   7.674E-01
   3.496E+02   8.153E-01
   3.547E+02   8.602E-01
   3.598E+02   9.022E-01
   3.649E+02   9.456E-01
   3.700E+02   9.759E-01
   3.751E+02   1.003E+00
   3.802E+02   1.024E+00
   3.854E+02   1.037E+00
   3.905E+02   1.051E+00
   3.956E+02   1.059E+00
   4.007E+02   1.068E+00
   4.058E+02   1.067E+00
   4.109E+02   1.061E+00
   4.160E+02   1.057E+00
   4.211E+02   1.047E+00
   4.262E+02   1.035E+00
   4.313E+02   1.016E+00
   4.364E+02   9.939E-01
   4.415E+02   9.688E-01
   4.466E+02   9.431E-01
   4.517E+02   9.181E-01
   4.569E+02   8.907E-01
   4.620E+02   8.580E-01
   4.671E+02   8.234E-01
   4.722E+02   7.908E-01
   4.773E+02   7.546E-01
   4.824E+02   7.191E-01
   4.875E+02   6.777E-01
   4.926E+02   6.407E-01
   4.977E+02   6.015E-01
   5.028E+02   5.621E-01
   5.079E+02   5.251E-01
   5.130E+02   4.860E-01
   5.181E+02   4.471E-01
   5.232E+02   4.134E-01
   5.284E+02   3.803E-01
   5.335E+02   3.522E-01
   5.386E+02   3.277E-01
   5.437E+02   3.088E-01
   5.488E+02   2.985E-01
   5.539E+02   2.942E-01
   5.590E+02   2.972E-01
   5.641E+02   3.119E-01
   5.692E+02   3.295E-01
   5.743E+02   3.538E-01
   5.794E+02   3.817E-01
   5.845E+02   4.126E-01
   5.896E+02   4.456E-01
   5.947E+02   4.817E-01
   5.998E+02   5.149E-01
   6.050E+02   5.525E-01
   6.101E+02   5.877E-01
   6.152E+02   6.223E-01
   6.203E+02   6.573E-01
   6.254E+02   6.936E-01
   6.305E+02   7.301E-01
   6.356E+02   7.633E-01
   6.407E+02   7.962E-01
   6.458E+02   8.274E-01
   6.509E+02   8.603E-01
   6.560E+02   8.900E-01
   6.611E+02   9.190E-01
   6.662E+02   9.468E-01
   6.713E+02   9.730E-01
   6.765E+02   1.002E+00
   6.816E+02   1.026E+00
   6.867E+02   1.047E+00
   6.918E+02   1.068E+00
   6.969E+02   1.093E+00
   7.020E+02   1.114E+00
   7.071E+02   1.128E+00
   7.122E+02   1.146E+00
   7.173E+02   1.163E+00
   7.224E+02   1.178E+00
   7.275E+02   1.185E+00
   7.326E+02   1.199E+00
   7.377E+02   1.210E+00
   7.428E+02   1.217E+00
   7.480E+02   1.227E+00
   7.531E+02   1.234E+00
   7.582E+02   1.240E+00
   7.633E+02   1.244E+00
   7.684E+02   1.252E+00
   7.735E+02   1.248E+00
   7.786E+02   1.249E+00
   7.837E+02   1.251E+00
   7.888E+02   1.252E+00
   7.939E+02   1.252E+00
   7.990E+02   1.250E+00
   8.041E+02   1.238E+00
   8.092E+02   1.236E+00
   8.143E+02   1.233E+00
   8.195E+02   1.222E+00
   8.246E+02   1.218E+00
   8.297E+02   1.208E+00
   8.348E+02   1.202E+00
   8.399E+02   1.193E+00
   8.450E+02   1.178E+00
   8.501E+02   1.170E+00
   8.552E+02   1.156E+00
   8.603E+02   1.142E+00
   8.654E+02   1.129E+00
   8.705E+02   1.111E+00
   8.756E+02   1.099E+00
   8.807E+02   1.081E+00
   8.858E+02   1.063E+00
   8.909E+02   1.050E+00
   8.961E+02   1.033E+00
   9.012E+02   1.015E+00
   9.063E+02   9.971E-01
   9.114E+02   9.771E-01
   9.165E+02   9.595E-01
   9.216E+02   9.442E-01
   9.267E+02   9.271E-01
   9.318E+02   9.056E-01
   9.369E+02   8.887E-01
   9.420E+02   8.650E-01
   9.471E+02   8.431E-01
   9.522E+02   8.251E-01
   9.573E+02   8.008E-01
   9.624E+02   7.832E-01
   9.676E+02   7.628E-01
   9.727E+02   7.436E-01
   9.778E+02   7.231E-01
   9.829E+02   7.001E-01
   9.880E+02   6.802E-01
   9.931E+02   6.596E-01
   9.982E+02   6.376E-01
   1.003E+03   6.188E-01
   1.008E+03   5.973E-01
   1.014E+03   5.791E-01
   1.019E+03   5.575E-01
   1.024E+03   5.371E-01
   1.029E+03   5.185E-01
   1.034E+03   4.983E-01
   1.039E+03   4.790E-01
   1.044E+03   4.604E-01
   1.049E+03   4.434E-01
   1.054E+03   4.237E-01
   1.059E+03   4.055E-01
   1.065E+03   3.867E-01
   1.070E+03   3.690E-01
   1.075E+03   3.532E-01
   1.080E+03   3.335E-01
   1.085E+03   3.185E-01
   1.090E+03   3.033E-01
   1.095E+03   2.865E-01
   1.100E+03   2.706E-01
   1.105E+03   2.554E-01
   1.111E+03   2.436E-01
   1.116E+03   2.272E-01
   1.121E+03   2.152E-01
   1.126E+03   2.027E-01
   1.131E+03   1.896E-01
   1.136E+03   1.771E-01
   1.141E+03   1.666E-01
   1.146E+03   1.549E-01
   1.151E+03   1.451E-01
   1.157E+03   1.353E-01
   1.162E+03   1.262E-01
   1.167E+03   1.168E-01
   1.172E+03   1.077E-01
   1.177E+03   9.990E-02
   1.182E+03   9.206E-02
   1.187E+03   8.405E-02
   1.192E+03   7.735E-02
   1.197E+03   7.009E-02
   1.202E+03   6.466E-02
   1.208E+03   5.875E-02
   1.213E+03   5.302E-02
   1.218E+03   4.792E-02
   1.223E+03   4.347E-02
   1.228E+03   3.935E-02
   1.233E+03   3.528E-02
   1.238E+03   3.180E-02
   1.243E+03   2.869E-02
   1.248E+03   2.554E-02
   1.254E+03   2.279E-02
   1.259E+03   2.045E-02
   1.264E+03   1.824E-02
   1.269E+03   1.627E-02
   1.274E+03   1.450E-02
   1.279E+03   1.307E-02
   1.284E+03   1.166E-02
   1.289E+03   1.053E-02
   1.294E+03   9.393E-03
   1.300E+03   8.410E-03
   1.305E+03   7.459E-03
   1.310E+03   6.770E-03
   1.315E+03   6.071E-03
   1.320E+03   5.477E-03
   1.325E+03   4.921E-03
   1.330E+03   4.420E-03
   1.335E+03   4.017E-03
   1.340E+03   3.596E-03
   1.345E+03   3.215E-03
   1.351E+03   2.847E-03
   1.356E+03   2.479E-03
   1.361E+03   2.099E-03
   1.366E+03   1.740E-03
   1.371E+03   1.439E-03
   1.376E+03   1.152E-03
   1.381E+03   8.939E-04
   1.386E+03   6.596E-04
   1.391E+03   5.374E-04
   1.397E+03   5.064E-04
   1.402E+03   4.725E-04
   1.407E+03   4.467E-04
   1.412E+03   4.675E-04
   1.417E+03   5.752E-04
   1.422E+03   7.216E-04
   1.427E+03   8.641E-04
   1.432E+03   1.028E-03
   1.437E+03   1.256E-03
   1.443E+03   1.483E-03
   1.448E+03   1.719E-03
   1.453E+03   1.966E-03
   1.458E+03   2.212E-03
   1.463E+03   2.455E-03
   1.468E+03   2.709E-03
   1.473E+03   2.972E-03
   1.478E+03   3.193E-03
   1.483E+03   3.356E-03
   1.488E+03   3.502E-03
   1.494E+03   3.681E-03
   1.499E+03   3.834E-03
   1.504E+03   4.009E-03
   1.509E+03   4.207E-03
   1.514E+03   4.368E-03
   1.519E+03   4.507E-03
   1.524E+03   4.634E-03
   1.529E+03   4.758E-03
   1.534E+03   4.938E-03
   1.540E+03   5.130E-03
   1.545E+03   5.344E-03
   1.550E+03   5.455E-03
   1.555E+03   5.531E-03
   1.560E+03   5.581E-03
   1.565E+03   5.640E-03
   1.570E+03   5.628E-03
   1.575E+03   5.656E-03
   1.580E+03   5.688E-03
   1.586E+03   5.694E-03
   1.591E+03   5.679E-03
   1.596E+03   5.604E-03
   1.601E+03   5.613E-03
   1.606E+03   5.546E-03
   1.611E+03   5.430E-03
   1.616E+03   5.275E-03
   1.621E+03   5.183E-03
   1.626E+03   5.070E-03
   1.631E+03   4.921E-03
   1.637E+03   4.743E-03
   1.642E+03   4.675E-03
   1.647E+03   4.722E-03
   1.652E+03   4.603E-03
   1.657E+03   4.537E-03
   1.662E+03   4.818E-03
   1.667E+03   4.917E-03
   1.672E+03   4.828E-03
   1.677E+03   4.996E-03
   1.683E+03   5.546E-03
   1.688E+03   5.299E-03
   1.693E+03   4.868E-03
   1.698E+03   4.313E-03
   1.703E+03   3.953E-03
   1.708E+03   3.296E-03
   1.713E+03   0.000E+00
   1.718E+03   0.000E+00
   1.723E+03   0.000E+00
   1.729E+03   0.000E+00
   1.734E+03   0.000E+00
   1.739E+03   0.000E+00
   1.744E+03   0.000E+00
   1.749E+03   0.000E+00
   1.754E+03   0.000E+00
   1.759E+03   0.000E+00
   1.764E+03   0.000E+00
   1.769E+03   0.000E+00
   1.774E+03   0.000E+00
   1.780E+03   0.000E+00
   1.785E+03   0.000E+00
   1.790E+03   0.000E+00
   1.795E+03   0.000E+00
   1.800E+03   0.000E+00
