   2.730E+02   1.985E+01
   2.781E+02   1.140E+01
   2.832E+02   8.888E+00
   2.883E+02   7.391E+00
   2.934E+02   2.813E-02
   2.985E+02   3.769E+00
   3.036E+02   1.150E+01
   3.087E+02   1.803E+01
   3.139E+02   2.414E+01
   3.190E+02   3.021E+01
   3.241E+02   3.640E+01
   3.292E+02   4.222E+01
   3.343E+02   4.791E+01
   3.394E+02   5.345E+01
   3.445E+02   5.897E+01
   3.496E+02   6.419E+01
   3.547E+02   6.955E+01
   3.598E+02   7.514E+01
   3.649E+02   8.098E+01
   3.700E+02   8.606E+01
   3.751E+02   9.145E+01
   3.802E+02   9.656E+01
   3.854E+02   1.012E+02
   3.905E+02   1.062E+02
   3.956E+02   1.112E+02
   4.007E+02   1.164E+02
   4.058E+02   1.213E+02
   4.109E+02   1.256E+02
   4.160E+02   1.306E+02
   4.211E+02   1.353E+02
   4.262E+02   1.400E+02
   4.313E+02   1.437E+02
   4.364E+02   1.480E+02
   4.415E+02   1.518E+02
   4.466E+02   1.557E+02
   4.517E+02   1.600E+02
   4.569E+02   1.645E+02
   4.620E+02   1.679E+02
   4.671E+02   1.714E+02
   4.722E+02   1.758E+02
   4.773E+02   1.799E+02
   4.824E+02   1.836E+02
   4.875E+02   1.872E+02
   4.926E+02   1.904E+02
   4.977E+02   1.945E+02
   5.028E+02   1.978E+02
   5.079E+02   2.019E+02
   5.130E+02   2.052E+02
   5.181E+02   2.082E+02
   5.232E+02   2.117E+02
   5.284E+02   2.143E+02
   5.335E+02   2.183E+02
   5.386E+02   2.216E+02
   5.437E+02   2.248E+02
   5.488E+02   2.278E+02
   5.539E+02   2.309E+02
   5.590E+02   2.330E+02
   5.641E+02   2.370E+02
   5.692E+02   2.393E+02
   5.743E+02   2.409E+02
   5.794E+02   2.442E+02
   5.845E+02   2.468E+02
   5.896E+02   2.494E+02
   5.947E+02   2.522E+02
   5.998E+02   2.546E+02
   6.050E+02   2.579E+02
   6.101E+02   2.601E+02
   6.152E+02   2.619E+02
   6.203E+02   2.633E+02
   6.254E+02   2.662E+02
   6.305E+02   2.686E+02
   6.356E+02   2.704E+02
   6.407E+02   2.721E+02
   6.458E+02   2.744E+02
   6.509E+02   2.756E+02
   6.560E+02   2.777E+02
   6.611E+02   2.800E+02
   6.662E+02   2.813E+02
   6.713E+02   2.836E+02
   6.765E+02   2.860E+02
   6.816E+02   2.867E+02
   6.867E+02   2.874E+02
   6.918E+02   2.887E+02
   6.969E+02   2.911E+02
   7.020E+02   2.927E+02
   7.071E+02   2.928E+02
   7.122E+02   2.943E+02
   7.173E+02   2.953E+02
   7.224E+02   2.975E+02
   7.275E+02   2.969E+02
   7.326E+02   2.986E+02
   7.377E+02   2.990E+02
   7.428E+02   3.000E+02
   7.480E+02   3.007E+02
   7.531E+02   3.015E+02
   7.582E+02   3.026E+02
   7.633E+02   3.034E+02
   7.684E+02   3.046E+02
   7.735E+02   3.049E+02
   7.786E+02   3.051E+02
   7.837E+02   3.061E+02
   7.888E+02   3.069E+02
   7.939E+02   3.079E+02
   7.990E+02   3.080E+02
   8.041E+02   3.073E+02
   8.092E+02   3.076E+02
   8.143E+02   3.091E+02
   8.195E+02   3.083E+02
   8.246E+02   3.094E+02
   8.297E+02   3.093E+02
   8.348E+02   3.101E+02
   8.399E+02   3.104E+02
   8.450E+02   3.097E+02
   8.501E+02   3.099E+02
   8.552E+02   3.105E+02
   8.603E+02   3.098E+02
   8.654E+02   3.100E+02
   8.705E+02   3.090E+02
   8.756E+02   3.095E+02
   8.807E+02   3.090E+02
   8.858E+02   3.080E+02
   8.909E+02   3.087E+02
   8.961E+02   3.084E+02
   9.012E+02   3.077E+02
   9.063E+02   3.074E+02
   9.114E+02   3.064E+02
   9.165E+02   3.061E+02
   9.216E+02   3.063E+02
   9.267E+02   3.063E+02
   9.318E+02   3.051E+02
   9.369E+02   3.050E+02
   9.420E+02   3.038E+02
   9.471E+02   3.017E+02
   9.522E+02   3.020E+02
   9.573E+02   3.002E+02
   9.624E+02   2.998E+02
   9.676E+02   2.990E+02
   9.727E+02   2.981E+02
   9.778E+02   2.967E+02
   9.829E+02   2.950E+02
   9.880E+02   2.939E+02
   9.931E+02   2.924E+02
   9.982E+02   2.907E+02
   1.003E+03   2.893E+02
   1.008E+03   2.877E+02
   1.014E+03   2.866E+02
   1.019E+03   2.843E+02
   1.024E+03   2.827E+02
   1.029E+03   2.811E+02
   1.034E+03   2.785E+02
   1.039E+03   2.767E+02
   1.044E+03   2.746E+02
   1.049E+03   2.735E+02
   1.054E+03   2.703E+02
   1.059E+03   2.682E+02
   1.065E+03   2.653E+02
   1.070E+03   2.625E+02
   1.075E+03   2.606E+02
   1.080E+03   2.564E+02
   1.085E+03   2.539E+02
   1.090E+03   2.516E+02
   1.095E+03   2.478E+02
   1.100E+03   2.447E+02
   1.105E+03   2.411E+02
   1.111E+03   2.389E+02
   1.116E+03   2.340E+02
   1.121E+03   2.312E+02
   1.126E+03   2.280E+02
   1.131E+03   2.243E+02
   1.136E+03   2.202E+02
   1.141E+03   2.174E+02
   1.146E+03   2.129E+02
   1.151E+03   2.095E+02
   1.157E+03   2.060E+02
   1.162E+03   2.026E+02
   1.167E+03   1.983E+02
   1.172E+03   1.933E+02
   1.177E+03   1.895E+02
   1.182E+03   1.853E+02
   1.187E+03   1.803E+02
   1.192E+03   1.759E+02
   1.197E+03   1.705E+02
   1.202E+03   1.671E+02
   1.208E+03   1.617E+02
   1.213E+03   1.566E+02
   1.218E+03   1.514E+02
   1.223E+03   1.466E+02
   1.228E+03   1.419E+02
   1.233E+03   1.366E+02
   1.238E+03   1.317E+02
   1.243E+03   1.266E+02
   1.248E+03   1.211E+02
   1.254E+03   1.160E+02
   1.259E+03   1.107E+02
   1.264E+03   1.053E+02
   1.269E+03   1.001E+02
   1.274E+03   9.474E+01
   1.279E+03   8.973E+01
   1.284E+03   8.445E+01
   1.289E+03   7.972E+01
   1.294E+03   7.439E+01
   1.300E+03   6.912E+01
   1.305E+03   6.341E+01
   1.310E+03   5.875E+01
   1.315E+03   5.415E+01
   1.320E+03   4.964E+01
   1.325E+03   4.524E+01
   1.330E+03   4.096E+01
   1.335E+03   3.747E+01
   1.340E+03   3.378E+01
   1.345E+03   3.015E+01
   1.351E+03   2.683E+01
   1.356E+03   2.350E+01
   1.361E+03   2.005E+01
   1.366E+03   1.683E+01
   1.371E+03   1.417E+01
   1.376E+03   1.163E+01
   1.381E+03   9.341E+00
   1.386E+03   7.187E+00
   1.391E+03   6.139E+00
   1.397E+03   5.960E+00
   1.402E+03   5.674E+00
   1.407E+03   5.384E+00
   1.412E+03   5.468E+00
   1.417E+03   6.357E+00
   1.422E+03   7.508E+00
   1.427E+03   8.457E+00
   1.432E+03   9.435E+00
   1.437E+03   1.085E+01
   1.443E+03   1.216E+01
   1.448E+03   1.341E+01
   1.453E+03   1.467E+01
   1.458E+03   1.587E+01
   1.463E+03   1.692E+01
   1.468E+03   1.796E+01
   1.473E+03   1.905E+01
   1.478E+03   2.007E+01
   1.483E+03   2.056E+01
   1.488E+03   2.089E+01
   1.494E+03   2.133E+01
   1.499E+03   2.165E+01
   1.504E+03   2.202E+01
   1.509E+03   2.240E+01
   1.514E+03   2.268E+01
   1.519E+03   2.270E+01
   1.524E+03   2.267E+01
   1.529E+03   2.264E+01
   1.534E+03   2.284E+01
   1.540E+03   2.310E+01
   1.545E+03   2.344E+01
   1.550E+03   2.320E+01
   1.555E+03   2.288E+01
   1.560E+03   2.237E+01
   1.565E+03   2.186E+01
   1.570E+03   2.115E+01
   1.575E+03   2.079E+01
   1.580E+03   2.047E+01
   1.586E+03   2.004E+01
   1.591E+03   1.950E+01
   1.596E+03   1.878E+01
   1.601E+03   1.825E+01
   1.606E+03   1.770E+01
   1.611E+03   1.717E+01
   1.616E+03   1.641E+01
   1.621E+03   1.570E+01
   1.626E+03   1.516E+01
   1.631E+03   1.481E+01
   1.637E+03   1.423E+01
   1.642E+03   1.405E+01
   1.647E+03   1.437E+01
   1.652E+03   1.444E+01
   1.657E+03   1.462E+01
   1.662E+03   1.505E+01
   1.667E+03   1.528E+01
   1.672E+03   1.543E+01
   1.677E+03   1.655E+01
   1.683E+03   1.950E+01
   1.688E+03   1.975E+01
   1.693E+03   1.961E+01
   1.698E+03   1.939E+01
   1.703E+03   1.889E+01
   1.708E+03   1.888E+01
   1.713E+03   0.000E+00
   1.718E+03   0.000E+00
   1.723E+03   0.000E+00
   1.729E+03   0.000E+00
   1.734E+03   0.000E+00
   1.739E+03   0.000E+00
   1.744E+03   0.000E+00
   1.749E+03   0.000E+00
   1.754E+03   0.000E+00
   1.759E+03   0.000E+00
   1.764E+03   0.000E+00
   1.769E+03   0.000E+00
   1.774E+03   0.000E+00
   1.780E+03   0.000E+00
   1.785E+03   0.000E+00
   1.790E+03   0.000E+00
   1.795E+03   0.000E+00
   1.800E+03   0.000E+00
