   2.730E+02   2.195E+01
   2.781E+02   1.743E+01
   2.832E+02   1.442E+01
   2.883E+02   1.089E+01
   2.934E+02   4.588E-01
   2.985E+02   1.350E+00
   3.036E+02   3.056E+00
   3.087E+02   4.237E+00
   3.139E+02   5.172E+00
   3.190E+02   6.008E+00
   3.241E+02   6.831E+00
   3.292E+02   7.519E+00
   3.343E+02   8.191E+00
   3.394E+02   8.804E+00
   3.445E+02   9.370E+00
   3.496E+02   9.884E+00
   3.547E+02   1.039E+01
   3.598E+02   1.091E+01
   3.649E+02   1.146E+01
   3.700E+02   1.188E+01
   3.751E+02   1.234E+01
   3.802E+02   1.274E+01
   3.854E+02   1.307E+01
   3.905E+02   1.346E+01
   3.956E+02   1.381E+01
   4.007E+02   1.418E+01
   4.058E+02   1.450E+01
   4.109E+02   1.477E+01
   4.160E+02   1.514E+01
   4.211E+02   1.542E+01
   4.262E+02   1.572E+01
   4.313E+02   1.590E+01
   4.364E+02   1.618E+01
   4.415E+02   1.639E+01
   4.466E+02   1.660E+01
   4.517E+02   1.684E+01
   4.569E+02   1.709E+01
   4.620E+02   1.729E+01
   4.671E+02   1.743E+01
   4.722E+02   1.765E+01
   4.773E+02   1.788E+01
   4.824E+02   1.804E+01
   4.875E+02   1.821E+01
   4.926E+02   1.835E+01
   4.977E+02   1.852E+01
   5.028E+02   1.865E+01
   5.079E+02   1.887E+01
   5.130E+02   1.898E+01
   5.181E+02   1.909E+01
   5.232E+02   1.923E+01
   5.284E+02   1.932E+01
   5.335E+02   1.948E+01
   5.386E+02   1.960E+01
   5.437E+02   1.969E+01
   5.488E+02   1.981E+01
   5.539E+02   1.992E+01
   5.590E+02   1.995E+01
   5.641E+02   2.015E+01
   5.692E+02   2.023E+01
   5.743E+02   2.017E+01
   5.794E+02   2.032E+01
   5.845E+02   2.035E+01
   5.896E+02   2.045E+01
   5.947E+02   2.053E+01
   5.998E+02   2.057E+01
   6.050E+02   2.069E+01
   6.101E+02   2.073E+01
   6.152E+02   2.076E+01
   6.203E+02   2.077E+01
   6.254E+02   2.084E+01
   6.305E+02   2.094E+01
   6.356E+02   2.094E+01
   6.407E+02   2.092E+01
   6.458E+02   2.098E+01
   6.509E+02   2.096E+01
   6.560E+02   2.100E+01
   6.611E+02   2.108E+01
   6.662E+02   2.100E+01
   6.713E+02   2.105E+01
   6.765E+02   2.112E+01
   6.816E+02   2.109E+01
   6.867E+02   2.102E+01
   6.918E+02   2.101E+01
   6.969E+02   2.108E+01
   7.020E+02   2.109E+01
   7.071E+02   2.100E+01
   7.122E+02   2.103E+01
   7.173E+02   2.097E+01
   7.224E+02   2.101E+01
   7.275E+02   2.089E+01
   7.326E+02   2.094E+01
   7.377E+02   2.083E+01
   7.428E+02   2.084E+01
   7.480E+02   2.080E+01
   7.531E+02   2.074E+01
   7.582E+02   2.073E+01
   7.633E+02   2.068E+01
   7.684E+02   2.067E+01
   7.735E+02   2.061E+01
   7.786E+02   2.053E+01
   7.837E+02   2.051E+01
   7.888E+02   2.048E+01
   7.939E+02   2.044E+01
   7.990E+02   2.038E+01
   8.041E+02   2.027E+01
   8.092E+02   2.020E+01
   8.143E+02   2.019E+01
   8.195E+02   2.006E+01
   8.246E+02   2.007E+01
   8.297E+02   1.999E+01
   8.348E+02   1.994E+01
   8.399E+02   1.988E+01
   8.450E+02   1.978E+01
   8.501E+02   1.971E+01
   8.552E+02   1.968E+01
   8.603E+02   1.953E+01
   8.654E+02   1.949E+01
   8.705E+02   1.936E+01
   8.756E+02   1.930E+01
   8.807E+02   1.918E+01
   8.858E+02   1.908E+01
   8.909E+02   1.903E+01
   8.961E+02   1.894E+01
   9.012E+02   1.883E+01
   9.063E+02   1.874E+01
   9.114E+02   1.861E+01
   9.165E+02   1.851E+01
   9.216E+02   1.846E+01
   9.267E+02   1.838E+01
   9.318E+02   1.826E+01
   9.369E+02   1.816E+01
   9.420E+02   1.802E+01
   9.471E+02   1.783E+01
   9.522E+02   1.778E+01
   9.573E+02   1.761E+01
   9.624E+02   1.751E+01
   9.676E+02   1.740E+01
   9.727E+02   1.727E+01
   9.778E+02   1.712E+01
   9.829E+02   1.697E+01
   9.880E+02   1.682E+01
   9.931E+02   1.665E+01
   9.982E+02   1.653E+01
   1.003E+03   1.634E+01
   1.008E+03   1.619E+01
   1.014E+03   1.606E+01
   1.019E+03   1.586E+01
   1.024E+03   1.571E+01
   1.029E+03   1.556E+01
   1.034E+03   1.534E+01
   1.039E+03   1.516E+01
   1.044E+03   1.500E+01
   1.049E+03   1.486E+01
   1.054E+03   1.461E+01
   1.059E+03   1.443E+01
   1.065E+03   1.420E+01
   1.070E+03   1.398E+01
   1.075E+03   1.383E+01
   1.080E+03   1.353E+01
   1.085E+03   1.331E+01
   1.090E+03   1.313E+01
   1.095E+03   1.284E+01
   1.100E+03   1.262E+01
   1.105E+03   1.235E+01
   1.111E+03   1.215E+01
   1.116E+03   1.185E+01
   1.121E+03   1.162E+01
   1.126E+03   1.139E+01
   1.131E+03   1.112E+01
   1.136E+03   1.084E+01
   1.141E+03   1.065E+01
   1.146E+03   1.035E+01
   1.151E+03   1.009E+01
   1.157E+03   9.864E+00
   1.162E+03   9.622E+00
   1.167E+03   9.346E+00
   1.172E+03   9.018E+00
   1.177E+03   8.787E+00
   1.182E+03   8.510E+00
   1.187E+03   8.192E+00
   1.192E+03   7.927E+00
   1.197E+03   7.601E+00
   1.202E+03   7.376E+00
   1.208E+03   7.067E+00
   1.213E+03   6.775E+00
   1.218E+03   6.459E+00
   1.223E+03   6.182E+00
   1.228E+03   5.910E+00
   1.233E+03   5.601E+00
   1.238E+03   5.335E+00
   1.243E+03   5.057E+00
   1.248E+03   4.764E+00
   1.254E+03   4.485E+00
   1.259E+03   4.208E+00
   1.264E+03   3.929E+00
   1.269E+03   3.661E+00
   1.274E+03   3.396E+00
   1.279E+03   3.150E+00
   1.284E+03   2.896E+00
   1.289E+03   2.679E+00
   1.294E+03   2.436E+00
   1.300E+03   2.203E+00
   1.305E+03   1.960E+00
   1.310E+03   1.760E+00
   1.315E+03   1.573E+00
   1.320E+03   1.389E+00
   1.325E+03   1.216E+00
   1.330E+03   1.053E+00
   1.335E+03   9.217E-01
   1.340E+03   7.905E-01
   1.345E+03   6.695E-01
   1.351E+03   5.627E-01
   1.356E+03   4.631E-01
   1.361E+03   3.669E-01
   1.366E+03   2.843E-01
   1.371E+03   2.188E-01
   1.376E+03   1.624E-01
   1.381E+03   1.167E-01
   1.386E+03   7.859E-02
   1.391E+03   5.949E-02
   1.397E+03   5.288E-02
   1.402E+03   4.709E-02
   1.407E+03   4.326E-02
   1.412E+03   4.476E-02
   1.417E+03   5.507E-02
   1.422E+03   6.976E-02
   1.427E+03   8.418E-02
   1.432E+03   9.977E-02
   1.437E+03   1.219E-01
   1.443E+03   1.432E-01
   1.448E+03   1.658E-01
   1.453E+03   1.897E-01
   1.458E+03   2.126E-01
   1.463E+03   2.327E-01
   1.468E+03   2.544E-01
   1.473E+03   2.782E-01
   1.478E+03   2.989E-01
   1.483E+03   3.113E-01
   1.488E+03   3.203E-01
   1.494E+03   3.321E-01
   1.499E+03   3.419E-01
   1.504E+03   3.530E-01
   1.509E+03   3.646E-01
   1.514E+03   3.746E-01
   1.519E+03   3.790E-01
   1.524E+03   3.840E-01
   1.529E+03   3.904E-01
   1.534E+03   3.993E-01
   1.540E+03   4.089E-01
   1.545E+03   4.188E-01
   1.550E+03   4.193E-01
   1.555E+03   4.171E-01
   1.560E+03   4.130E-01
   1.565E+03   4.099E-01
   1.570E+03   3.991E-01
   1.575E+03   3.999E-01
   1.580E+03   4.001E-01
   1.586E+03   3.950E-01
   1.591E+03   3.901E-01
   1.596E+03   3.786E-01
   1.601E+03   3.749E-01
   1.606E+03   3.710E-01
   1.611E+03   3.650E-01
   1.616E+03   3.546E-01
   1.621E+03   3.500E-01
   1.626E+03   3.421E-01
   1.631E+03   3.406E-01
   1.637E+03   3.356E-01
   1.642E+03   3.431E-01
   1.647E+03   3.543E-01
   1.652E+03   3.647E-01
   1.657E+03   3.829E-01
   1.662E+03   4.106E-01
   1.667E+03   4.432E-01
   1.672E+03   4.719E-01
   1.677E+03   5.114E-01
   1.683E+03   5.819E-01
   1.688E+03   5.769E-01
   1.693E+03   5.699E-01
   1.698E+03   5.631E-01
   1.703E+03   5.643E-01
   1.708E+03   5.517E-01
   1.713E+03   0.000E+00
   1.718E+03   0.000E+00
   1.723E+03   0.000E+00
   1.729E+03   0.000E+00
   1.734E+03   0.000E+00
   1.739E+03   0.000E+00
   1.744E+03   0.000E+00
   1.749E+03   0.000E+00
   1.754E+03   0.000E+00
   1.759E+03   0.000E+00
   1.764E+03   0.000E+00
   1.769E+03   0.000E+00
   1.774E+03   0.000E+00
   1.780E+03   0.000E+00
   1.785E+03   0.000E+00
   1.790E+03   0.000E+00
   1.795E+03   0.000E+00
   1.800E+03   0.000E+00
