   2.730E+02   4.925E-03
   2.781E+02   2.322E-03
   2.832E+02   1.338E-03
   2.883E+02   7.647E-04
   2.934E+02   7.671E-07
   2.985E+02   3.074E-05
   3.036E+02   1.247E-04
   3.087E+02   2.665E-04
   3.139E+02   4.563E-04
   3.190E+02   7.058E-04
   3.241E+02   1.068E-03
   3.292E+02   1.487E-03
   3.343E+02   2.075E-03
   3.394E+02   2.650E-03
   3.445E+02   3.443E-03
   3.496E+02   4.285E-03
   3.547E+02   5.269E-03
   3.598E+02   6.486E-03
   3.649E+02   7.929E-03
   3.700E+02   9.422E-03
   3.751E+02   1.112E-02
   3.802E+02   1.291E-02
   3.854E+02   1.475E-02
   3.905E+02   1.714E-02
   3.956E+02   1.921E-02
   4.007E+02   2.238E-02
   4.058E+02   2.497E-02
   4.109E+02   2.788E-02
   4.160E+02   3.122E-02
   4.211E+02   3.514E-02
   4.262E+02   3.894E-02
   4.313E+02   4.237E-02
   4.364E+02   4.634E-02
   4.415E+02   5.100E-02
   4.466E+02   5.534E-02
   4.517E+02   6.034E-02
   4.569E+02   6.586E-02
   4.620E+02   7.118E-02
   4.671E+02   7.613E-02
   4.722E+02   8.296E-02
   4.773E+02   8.857E-02
   4.824E+02   9.576E-02
   4.875E+02   1.017E-01
   4.926E+02   1.083E-01
   4.977E+02   1.161E-01
   5.028E+02   1.228E-01
   5.079E+02   1.311E-01
   5.130E+02   1.387E-01
   5.181E+02   1.461E-01
   5.232E+02   1.557E-01
   5.284E+02   1.620E-01
   5.335E+02   1.717E-01
   5.386E+02   1.817E-01
   5.437E+02   1.896E-01
   5.488E+02   1.994E-01
   5.539E+02   2.090E-01
   5.590E+02   2.169E-01
   5.641E+02   2.309E-01
   5.692E+02   2.394E-01
   5.743E+02   2.464E-01
   5.794E+02   2.598E-01
   5.845E+02   2.683E-01
   5.896E+02   2.804E-01
   5.947E+02   2.910E-01
   5.998E+02   3.011E-01
   6.050E+02   3.144E-01
   6.101E+02   3.249E-01
   6.152E+02   3.352E-01
   6.203E+02   3.450E-01
   6.254E+02   3.582E-01
   6.305E+02   3.712E-01
   6.356E+02   3.811E-01
   6.407E+02   3.914E-01
   6.458E+02   4.032E-01
   6.509E+02   4.137E-01
   6.560E+02   4.263E-01
   6.611E+02   4.386E-01
   6.662E+02   4.492E-01
   6.713E+02   4.623E-01
   6.765E+02   4.760E-01
   6.816E+02   4.851E-01
   6.867E+02   4.951E-01
   6.918E+02   5.053E-01
   6.969E+02   5.201E-01
   7.020E+02   5.323E-01
   7.071E+02   5.397E-01
   7.122E+02   5.527E-01
   7.173E+02   5.630E-01
   7.224E+02   5.766E-01
   7.275E+02   5.828E-01
   7.326E+02   5.960E-01
   7.377E+02   6.050E-01
   7.428E+02   6.153E-01
   7.480E+02   6.263E-01
   7.531E+02   6.355E-01
   7.582E+02   6.471E-01
   7.633E+02   6.562E-01
   7.684E+02   6.689E-01
   7.735E+02   6.753E-01
   7.786E+02   6.839E-01
   7.837E+02   6.954E-01
   7.888E+02   7.053E-01
   7.939E+02   7.162E-01
   7.990E+02   7.245E-01
   8.041E+02   7.295E-01
   8.092E+02   7.373E-01
   8.143E+02   7.498E-01
   8.195E+02   7.543E-01
   8.246E+02   7.653E-01
   8.297E+02   7.719E-01
   8.348E+02   7.816E-01
   8.399E+02   7.895E-01
   8.450E+02   7.947E-01
   8.501E+02   8.017E-01
   8.552E+02   8.117E-01
   8.603E+02   8.144E-01
   8.654E+02   8.206E-01
   8.705E+02   8.240E-01
   8.756E+02   8.317E-01
   8.807E+02   8.374E-01
   8.858E+02   8.403E-01
   8.909E+02   8.487E-01
   8.961E+02   8.526E-01
   9.012E+02   8.563E-01
   9.063E+02   8.602E-01
   9.114E+02   8.634E-01
   9.165E+02   8.664E-01
   9.216E+02   8.726E-01
   9.267E+02   8.788E-01
   9.318E+02   8.776E-01
   9.369E+02   8.830E-01
   9.420E+02   8.828E-01
   9.471E+02   8.795E-01
   9.522E+02   8.842E-01
   9.573E+02   8.831E-01
   9.624E+02   8.848E-01
   9.676E+02   8.859E-01
   9.727E+02   8.875E-01
   9.778E+02   8.849E-01
   9.829E+02   8.819E-01
   9.880E+02   8.812E-01
   9.931E+02   8.781E-01
   9.982E+02   8.764E-01
   1.003E+03   8.719E-01
   1.008E+03   8.675E-01
   1.014E+03   8.663E-01
   1.019E+03   8.604E-01
   1.024E+03   8.572E-01
   1.029E+03   8.512E-01
   1.034E+03   8.433E-01
   1.039E+03   8.380E-01
   1.044E+03   8.311E-01
   1.049E+03   8.283E-01
   1.054E+03   8.159E-01
   1.059E+03   8.088E-01
   1.065E+03   7.981E-01
   1.070E+03   7.875E-01
   1.075E+03   7.807E-01
   1.080E+03   7.671E-01
   1.085E+03   7.556E-01
   1.090E+03   7.462E-01
   1.095E+03   7.294E-01
   1.100E+03   7.184E-01
   1.105E+03   7.024E-01
   1.111E+03   6.921E-01
   1.116E+03   6.734E-01
   1.121E+03   6.627E-01
   1.126E+03   6.486E-01
   1.131E+03   6.315E-01
   1.136E+03   6.151E-01
   1.141E+03   6.039E-01
   1.146E+03   5.855E-01
   1.151E+03   5.691E-01
   1.157E+03   5.556E-01
   1.162E+03   5.404E-01
   1.167E+03   5.230E-01
   1.172E+03   5.013E-01
   1.177E+03   4.879E-01
   1.182E+03   4.709E-01
   1.187E+03   4.505E-01
   1.192E+03   4.336E-01
   1.197E+03   4.135E-01
   1.202E+03   3.992E-01
   1.208E+03   3.804E-01
   1.213E+03   3.624E-01
   1.218E+03   3.433E-01
   1.223E+03   3.274E-01
   1.228E+03   3.113E-01
   1.233E+03   2.935E-01
   1.238E+03   2.776E-01
   1.243E+03   2.625E-01
   1.248E+03   2.453E-01
   1.254E+03   2.301E-01
   1.259E+03   2.149E-01
   1.264E+03   1.997E-01
   1.269E+03   1.859E-01
   1.274E+03   1.723E-01
   1.279E+03   1.590E-01
   1.284E+03   1.465E-01
   1.289E+03   1.356E-01
   1.294E+03   1.235E-01
   1.300E+03   1.124E-01
   1.305E+03   1.004E-01
   1.310E+03   9.082E-02
   1.315E+03   8.200E-02
   1.320E+03   7.327E-02
   1.325E+03   6.505E-02
   1.330E+03   5.736E-02
   1.335E+03   5.115E-02
   1.340E+03   4.496E-02
   1.345E+03   3.904E-02
   1.351E+03   3.371E-02
   1.356E+03   2.854E-02
   1.361E+03   2.333E-02
   1.366E+03   1.880E-02
   1.371E+03   1.500E-02
   1.376E+03   1.161E-02
   1.381E+03   8.725E-03
   1.386E+03   6.175E-03
   1.391E+03   4.882E-03
   1.397E+03   4.564E-03
   1.402E+03   4.289E-03
   1.407E+03   4.147E-03
   1.412E+03   4.527E-03
   1.417E+03   5.902E-03
   1.422E+03   7.895E-03
   1.427E+03   1.002E-02
   1.432E+03   1.261E-02
   1.437E+03   1.626E-02
   1.443E+03   2.028E-02
   1.448E+03   2.482E-02
   1.453E+03   2.993E-02
   1.458E+03   3.532E-02
   1.463E+03   4.085E-02
   1.468E+03   4.702E-02
   1.473E+03   5.392E-02
   1.478E+03   6.080E-02
   1.483E+03   6.646E-02
   1.488E+03   7.170E-02
   1.494E+03   7.792E-02
   1.499E+03   8.393E-02
   1.504E+03   9.043E-02
   1.509E+03   9.753E-02
   1.514E+03   1.040E-01
   1.519E+03   1.099E-01
   1.524E+03   1.154E-01
   1.529E+03   1.217E-01
   1.534E+03   1.292E-01
   1.540E+03   1.368E-01
   1.545E+03   1.446E-01
   1.550E+03   1.492E-01
   1.555E+03   1.530E-01
   1.560E+03   1.558E-01
   1.565E+03   1.583E-01
   1.570E+03   1.582E-01
   1.575E+03   1.617E-01
   1.580E+03   1.653E-01
   1.586E+03   1.661E-01
   1.591E+03   1.666E-01
   1.596E+03   1.640E-01
   1.601E+03   1.645E-01
   1.606E+03   1.649E-01
   1.611E+03   1.641E-01
   1.616E+03   1.603E-01
   1.621E+03   1.595E-01
   1.626E+03   1.569E-01
   1.631E+03   1.574E-01
   1.637E+03   1.561E-01
   1.642E+03   1.600E-01
   1.647E+03   1.667E-01
   1.652E+03   1.725E-01
   1.657E+03   1.809E-01
   1.662E+03   1.967E-01
   1.667E+03   2.117E-01
   1.672E+03   2.232E-01
   1.677E+03   2.427E-01
   1.683E+03   2.792E-01
   1.688E+03   2.749E-01
   1.693E+03   2.684E-01
   1.698E+03   2.610E-01
   1.703E+03   2.590E-01
   1.708E+03   2.477E-01
   1.713E+03   0.000E+00
   1.718E+03   0.000E+00
   1.723E+03   0.000E+00
   1.729E+03   0.000E+00
   1.734E+03   0.000E+00
   1.739E+03   0.000E+00
   1.744E+03   0.000E+00
   1.749E+03   0.000E+00
   1.754E+03   0.000E+00
   1.759E+03   0.000E+00
   1.764E+03   0.000E+00
   1.769E+03   0.000E+00
   1.774E+03   0.000E+00
   1.780E+03   0.000E+00
   1.785E+03   0.000E+00
   1.790E+03   0.000E+00
   1.795E+03   0.000E+00
   1.800E+03   0.000E+00
