   0.000E+00   3.921E+01
   2.207E-05   2.342E+00
   4.415E-05   1.411E+00
   6.622E-05   1.070E+00
   8.829E-05   8.812E-01
   1.104E-04   7.536E-01
   1.324E-04   6.655E-01
   1.545E-04   6.014E-01
   1.766E-04   5.566E-01
   1.987E-04   5.220E-01
   2.207E-04   4.920E-01
   2.428E-04   4.638E-01
   2.649E-04   4.410E-01
   2.870E-04   4.238E-01
   3.090E-04   4.073E-01
   3.311E-04   3.877E-01
   3.532E-04   3.650E-01
   3.753E-04   3.439E-01
   3.973E-04   3.262E-01
   4.194E-04   3.087E-01
   4.415E-04   2.929E-01
   4.635E-04   2.802E-01
   4.856E-04   2.667E-01
   5.077E-04   2.541E-01
   5.298E-04   2.418E-01
   5.518E-04   2.313E-01
   5.739E-04   2.233E-01
   5.960E-04   2.141E-01
   6.181E-04   2.082E-01
   6.401E-04   2.013E-01
   6.622E-04   1.957E-01
   6.843E-04   1.918E-01
   7.064E-04   1.864E-01
   7.284E-04   1.827E-01
   7.505E-04   1.779E-01
   7.726E-04   1.734E-01
   7.946E-04   1.707E-01
   8.167E-04   1.677E-01
   8.388E-04   1.664E-01
   8.609E-04   1.652E-01
   8.829E-04   1.633E-01
   9.050E-04   1.633E-01
   9.271E-04   1.611E-01
   9.492E-04   1.595E-01
   9.712E-04   1.578E-01
   9.933E-04   1.576E-01
   1.015E-03   1.572E-01
   1.037E-03   1.555E-01
   1.060E-03   1.561E-01
   1.082E-03   1.554E-01
   1.104E-03   1.541E-01
   1.126E-03   1.546E-01
   1.148E-03   1.549E-01
   1.170E-03   1.545E-01
   1.192E-03   1.556E-01
   1.214E-03   1.546E-01
   1.236E-03   1.548E-01
   1.258E-03   1.550E-01
   1.280E-03   1.548E-01
   1.302E-03   1.550E-01
   1.324E-03   1.559E-01
   1.346E-03   1.566E-01
   1.369E-03   1.541E-01
   1.391E-03   1.567E-01
   1.413E-03   1.555E-01
   1.435E-03   1.561E-01
   1.457E-03   1.570E-01
   1.479E-03   1.583E-01
   1.501E-03   1.583E-01
   1.523E-03   1.580E-01
   1.545E-03   1.583E-01
   1.567E-03   1.587E-01
   1.589E-03   1.602E-01
   1.611E-03   1.610E-01
   1.633E-03   1.620E-01
   1.656E-03   1.634E-01
   1.678E-03   1.641E-01
   1.700E-03   1.651E-01
   1.722E-03   1.671E-01
   1.744E-03   1.676E-01
   1.766E-03   1.696E-01
   1.788E-03   1.691E-01
   1.810E-03   1.702E-01
   1.832E-03   1.703E-01
   1.854E-03   1.705E-01
   1.876E-03   1.744E-01
   1.898E-03   1.741E-01
   1.920E-03   1.733E-01
   1.942E-03   1.737E-01
   1.965E-03   1.779E-01
   1.987E-03   1.774E-01
   2.009E-03   1.779E-01
   2.031E-03   1.793E-01
   2.053E-03   1.828E-01
   2.075E-03   1.832E-01
   2.097E-03   1.839E-01
   2.119E-03   1.847E-01
   2.141E-03   1.867E-01
   2.163E-03   1.865E-01
   2.185E-03   1.878E-01
   2.207E-03   1.911E-01
   2.229E-03   1.915E-01
   2.252E-03   1.913E-01
   2.274E-03   1.941E-01
   2.296E-03   1.940E-01
   2.318E-03   1.958E-01
   2.340E-03   1.980E-01
   2.362E-03   1.973E-01
   2.384E-03   2.000E-01
   2.406E-03   2.002E-01
   2.428E-03   2.018E-01
   2.450E-03   2.033E-01
   2.472E-03   2.027E-01
   2.494E-03   2.034E-01
   2.516E-03   2.063E-01
   2.538E-03   2.087E-01
   2.561E-03   2.077E-01
   2.583E-03   2.097E-01
   2.605E-03   2.132E-01
   2.627E-03   2.126E-01
   2.649E-03   2.140E-01
   2.671E-03   2.167E-01
   2.693E-03   2.176E-01
   2.715E-03   2.183E-01
   2.737E-03   2.181E-01
   2.759E-03   2.221E-01
   2.781E-03   2.228E-01
   2.803E-03   2.248E-01
   2.825E-03   2.241E-01
   2.847E-03   2.273E-01
   2.870E-03   2.287E-01
   2.892E-03   2.305E-01
   2.914E-03   2.325E-01
   2.936E-03   2.342E-01
   2.958E-03   2.362E-01
   2.980E-03   2.350E-01
   3.002E-03   2.392E-01
   3.024E-03   2.419E-01
   3.046E-03   2.418E-01
   3.068E-03   2.426E-01
   3.090E-03   2.457E-01
   3.112E-03   2.478E-01
   3.134E-03   2.474E-01
   3.157E-03   2.494E-01
   3.179E-03   2.523E-01
   3.201E-03   2.528E-01
   3.223E-03   2.567E-01
   3.245E-03   2.553E-01
   3.267E-03   2.595E-01
   3.289E-03   2.604E-01
   3.311E-03   2.617E-01
   3.333E-03   2.645E-01
   3.355E-03   2.680E-01
   3.377E-03   2.634E-01
   3.399E-03   2.683E-01
   3.421E-03   2.711E-01
   3.443E-03   2.708E-01
   3.466E-03   2.717E-01
   3.488E-03   2.774E-01
   3.510E-03   2.810E-01
   3.532E-03   2.813E-01
   3.554E-03   2.815E-01
   3.576E-03   2.869E-01
   3.598E-03   2.855E-01
   3.620E-03   2.847E-01
   3.642E-03   2.863E-01
   3.664E-03   2.936E-01
   3.686E-03   2.929E-01
   3.708E-03   2.935E-01
   3.730E-03   2.943E-01
   3.753E-03   2.974E-01
   3.775E-03   3.001E-01
   3.797E-03   2.998E-01
   3.819E-03   3.029E-01
   3.841E-03   3.063E-01
   3.863E-03   3.106E-01
   3.885E-03   3.085E-01
   3.907E-03   3.080E-01
   3.929E-03   3.100E-01
   3.951E-03   3.108E-01
   3.973E-03   3.114E-01
   3.995E-03   3.134E-01
   4.017E-03   3.123E-01
   4.039E-03   3.168E-01
   4.062E-03   3.196E-01
   4.084E-03   3.206E-01
   4.106E-03   3.205E-01
   4.128E-03   3.257E-01
   4.150E-03   3.231E-01
   4.172E-03   3.220E-01
   4.194E-03   3.287E-01
   4.216E-03   3.275E-01
   4.238E-03   3.310E-01
   4.260E-03   3.323E-01
   4.282E-03   3.335E-01
   4.304E-03   3.391E-01
   4.326E-03   3.410E-01
   4.348E-03   3.408E-01
   4.371E-03   3.395E-01
   4.393E-03   3.443E-01
   4.415E-03   3.476E-01
   4.437E-03   3.510E-01
   4.459E-03   3.523E-01
   4.481E-03   3.517E-01
   4.503E-03   3.610E-01
   4.525E-03   3.629E-01
   4.547E-03   3.542E-01
   4.569E-03   3.666E-01
   4.591E-03   3.687E-01
   4.613E-03   3.706E-01
   4.635E-03   3.710E-01
   4.658E-03   3.758E-01
   4.680E-03   3.762E-01
   4.702E-03   3.793E-01
   4.724E-03   3.760E-01
   4.746E-03   3.769E-01
   4.768E-03   3.864E-01
   4.790E-03   3.861E-01
   4.812E-03   3.909E-01
   4.834E-03   3.880E-01
   4.856E-03   3.909E-01
   4.878E-03   3.942E-01
   4.900E-03   3.955E-01
   4.922E-03   4.082E-01
   4.944E-03   4.075E-01
   4.967E-03   4.088E-01
   4.989E-03   4.112E-01
   5.011E-03   4.133E-01
   5.033E-03   4.252E-01
   5.055E-03   4.162E-01
   5.077E-03   4.291E-01
   5.099E-03   4.177E-01
   5.121E-03   4.304E-01
   5.143E-03   4.331E-01
   5.165E-03   4.443E-01
   5.187E-03   4.446E-01
   5.209E-03   4.387E-01
   5.231E-03   4.398E-01
   5.254E-03   4.500E-01
   5.276E-03   4.713E-01
   5.298E-03   4.600E-01
   5.320E-03   4.771E-01
   5.342E-03   4.760E-01
   5.364E-03   4.769E-01
   5.386E-03   4.959E-01
   5.408E-03   4.875E-01
   5.430E-03   4.904E-01
   5.452E-03   4.931E-01
   5.474E-03   5.189E-01
   5.496E-03   5.090E-01
   5.518E-03   4.995E-01
   5.540E-03   5.179E-01
   5.563E-03   5.148E-01
   5.585E-03   5.336E-01
   5.607E-03   5.593E-01
   5.629E-03   5.253E-01
   5.651E-03   5.778E-01
   5.673E-03   5.862E-01
   5.695E-03   6.113E-01
   5.717E-03   5.728E-01
   5.739E-03   5.864E-01
   5.761E-03   5.864E-01
   5.783E-03   6.088E-01
   5.805E-03   5.853E-01
   5.827E-03   6.055E-01
   5.849E-03   6.056E-01
   5.872E-03   6.297E-01
   5.894E-03   6.949E-01
   5.916E-03   5.960E-01
   5.938E-03   6.070E-01
   5.960E-03   6.691E-01
   5.982E-03   6.829E-01
   6.004E-03   6.576E-01
   6.026E-03   6.570E-01
   6.048E-03   6.930E-01
   6.070E-03   7.134E-01
   6.092E-03   6.795E-01
   6.114E-03   7.274E-01
   6.136E-03   7.265E-01
   6.159E-03   7.957E-01
   6.181E-03   8.364E-01
   6.203E-03   8.655E-01
   6.225E-03   7.927E-01
   6.247E-03   8.595E-01
   6.269E-03   8.796E-01
   6.291E-03   1.082E+00
   6.313E-03   9.053E-01
   6.335E-03   9.312E-01
   6.357E-03   1.072E+00
   6.379E-03   8.946E-01
   6.401E-03   1.241E+00
   6.423E-03   1.239E+00
   6.445E-03   1.198E+00
   6.468E-03   1.059E+00
   6.490E-03   1.081E+00
   6.512E-03   1.659E+00
   6.534E-03   9.844E-01
   6.556E-03   2.141E+00
   6.578E-03   1.453E+00
   6.600E-03   1.479E+12
