   0.000E+00   8.537E+03
   2.058E-06   2.621E+03
   4.116E-06   1.089E+03
   6.175E-06   6.299E+02
   8.233E-06   4.249E+02
   1.029E-05   3.053E+02
   1.235E-05   2.420E+02
   1.441E-05   2.057E+02
   1.647E-05   1.948E+02
   1.852E-05   1.659E+02
   2.058E-05   1.358E+02
   2.264E-05   1.247E+02
   2.470E-05   1.216E+02
   2.676E-05   1.101E+02
   2.881E-05   9.866E+01
   3.087E-05   9.137E+01
   3.293E-05   8.365E+01
   3.499E-05   7.674E+01
   3.705E-05   7.244E+01
   3.911E-05   6.908E+01
   4.116E-05   6.510E+01
   4.322E-05   6.210E+01
   4.528E-05   5.973E+01
   4.734E-05   5.797E+01
   4.940E-05   5.668E+01
   5.145E-05   5.586E+01
   5.351E-05   5.503E+01
   5.557E-05   5.380E+01
   5.763E-05   5.228E+01
   5.969E-05   5.097E+01
   6.175E-05   4.992E+01
   6.380E-05   4.864E+01
   6.586E-05   4.742E+01
   6.792E-05   4.632E+01
   6.998E-05   4.553E+01
   7.204E-05   4.501E+01
   7.409E-05   4.442E+01
   7.615E-05   4.400E+01
   7.821E-05   4.369E+01
   8.027E-05   4.362E+01
   8.233E-05   4.342E+01
   8.439E-05   4.257E+01
   8.644E-05   4.173E+01
   8.850E-05   4.076E+01
   9.056E-05   4.025E+01
   9.262E-05   3.949E+01
   9.468E-05   3.895E+01
   9.674E-05   3.848E+01
   9.879E-05   3.783E+01
   1.009E-04   3.717E+01
   1.029E-04   3.646E+01
   1.050E-04   3.574E+01
   1.070E-04   3.511E+01
   1.091E-04   3.456E+01
   1.111E-04   3.438E+01
   1.132E-04   3.382E+01
   1.153E-04   3.356E+01
   1.173E-04   3.316E+01
   1.194E-04   3.289E+01
   1.214E-04   3.250E+01
   1.235E-04   3.223E+01
   1.255E-04   3.177E+01
   1.276E-04   3.120E+01
   1.297E-04   3.090E+01
   1.317E-04   3.052E+01
   1.338E-04   3.016E+01
   1.358E-04   2.994E+01
   1.379E-04   2.966E+01
   1.400E-04   2.932E+01
   1.420E-04   2.930E+01
   1.441E-04   2.928E+01
   1.461E-04   2.898E+01
   1.482E-04   2.868E+01
   1.502E-04   2.852E+01
   1.523E-04   2.797E+01
   1.544E-04   2.778E+01
   1.564E-04   2.760E+01
   1.585E-04   2.737E+01
   1.605E-04   2.707E+01
   1.626E-04   2.681E+01
   1.647E-04   2.670E+01
   1.667E-04   2.664E+01
   1.688E-04   2.649E+01
   1.708E-04   2.635E+01
   1.729E-04   2.631E+01
   1.749E-04   2.616E+01
   1.770E-04   2.596E+01
   1.791E-04   2.572E+01
   1.811E-04   2.569E+01
   1.832E-04   2.549E+01
   1.852E-04   2.538E+01
   1.873E-04   2.521E+01
   1.894E-04   2.516E+01
   1.914E-04   2.511E+01
   1.935E-04   2.504E+01
   1.955E-04   2.479E+01
   1.976E-04   2.466E+01
   1.996E-04   2.445E+01
   2.017E-04   2.431E+01
   2.038E-04   2.420E+01
   2.058E-04   2.389E+01
   2.079E-04   2.372E+01
   2.099E-04   2.357E+01
   2.120E-04   2.343E+01
   2.141E-04   2.313E+01
   2.161E-04   2.307E+01
   2.182E-04   2.306E+01
   2.202E-04   2.279E+01
   2.223E-04   2.275E+01
   2.243E-04   2.263E+01
   2.264E-04   2.246E+01
   2.285E-04   2.233E+01
   2.305E-04   2.219E+01
   2.326E-04   2.209E+01
   2.346E-04   2.187E+01
   2.367E-04   2.169E+01
   2.388E-04   2.160E+01
   2.408E-04   2.139E+01
   2.429E-04   2.130E+01
   2.449E-04   2.103E+01
   2.470E-04   2.090E+01
   2.490E-04   2.082E+01
   2.511E-04   2.057E+01
   2.532E-04   2.065E+01
   2.552E-04   2.043E+01
   2.573E-04   2.044E+01
   2.593E-04   2.023E+01
   2.614E-04   2.018E+01
   2.634E-04   2.002E+01
   2.655E-04   1.967E+01
   2.676E-04   1.976E+01
   2.696E-04   1.973E+01
   2.717E-04   1.939E+01
   2.737E-04   1.920E+01
   2.758E-04   1.922E+01
   2.779E-04   1.899E+01
   2.799E-04   1.901E+01
   2.820E-04   1.877E+01
   2.840E-04   1.875E+01
   2.861E-04   1.861E+01
   2.881E-04   1.869E+01
   2.902E-04   1.851E+01
   2.923E-04   1.849E+01
   2.943E-04   1.840E+01
   2.964E-04   1.827E+01
   2.984E-04   1.808E+01
   3.005E-04   1.797E+01
   3.026E-04   1.772E+01
   3.046E-04   1.777E+01
   3.067E-04   1.767E+01
   3.087E-04   1.760E+01
   3.108E-04   1.761E+01
   3.128E-04   1.743E+01
   3.149E-04   1.733E+01
   3.170E-04   1.734E+01
   3.190E-04   1.720E+01
   3.211E-04   1.699E+01
   3.231E-04   1.690E+01
   3.252E-04   1.692E+01
   3.273E-04   1.691E+01
   3.293E-04   1.651E+01
   3.314E-04   1.645E+01
   3.334E-04   1.650E+01
   3.355E-04   1.625E+01
   3.375E-04   1.623E+01
   3.396E-04   1.596E+01
   3.417E-04   1.597E+01
   3.437E-04   1.567E+01
   3.458E-04   1.572E+01
   3.478E-04   1.572E+01
   3.499E-04   1.542E+01
   3.520E-04   1.547E+01
   3.540E-04   1.532E+01
   3.561E-04   1.523E+01
   3.581E-04   1.512E+01
   3.602E-04   1.494E+01
   3.622E-04   1.519E+01
   3.643E-04   1.484E+01
   3.664E-04   1.473E+01
   3.684E-04   1.493E+01
   3.705E-04   1.473E+01
   3.725E-04   1.462E+01
   3.746E-04   1.468E+01
   3.766E-04   1.455E+01
   3.787E-04   1.432E+01
   3.808E-04   1.446E+01
   3.828E-04   1.433E+01
   3.849E-04   1.437E+01
   3.869E-04   1.410E+01
   3.890E-04   1.413E+01
   3.911E-04   1.411E+01
   3.931E-04   1.426E+01
   3.952E-04   1.395E+01
   3.972E-04   1.389E+01
   3.993E-04   1.391E+01
   4.013E-04   1.381E+01
   4.034E-04   1.371E+01
   4.055E-04   1.367E+01
   4.075E-04   1.362E+01
   4.096E-04   1.370E+01
   4.116E-04   1.347E+01
   4.137E-04   1.346E+01
   4.158E-04   1.339E+01
   4.178E-04   1.318E+01
   4.199E-04   1.319E+01
   4.219E-04   1.311E+01
   4.240E-04   1.317E+01
   4.260E-04   1.299E+01
   4.281E-04   1.295E+01
   4.302E-04   1.289E+01
   4.322E-04   1.279E+01
   4.343E-04   1.276E+01
   4.363E-04   1.256E+01
   4.384E-04   1.273E+01
   4.405E-04   1.273E+01
   4.425E-04   1.246E+01
   4.446E-04   1.238E+01
   4.466E-04   1.234E+01
   4.487E-04   1.237E+01
   4.507E-04   1.228E+01
   4.528E-04   1.220E+01
   4.549E-04   1.213E+01
   4.569E-04   1.204E+01
   4.590E-04   1.192E+01
   4.610E-04   1.200E+01
   4.631E-04   1.186E+01
   4.652E-04   1.185E+01
   4.672E-04   1.180E+01
   4.693E-04   1.178E+01
   4.713E-04   1.175E+01
   4.734E-04   1.169E+01
   4.754E-04   1.158E+01
   4.775E-04   1.152E+01
   4.796E-04   1.146E+01
   4.816E-04   1.125E+01
   4.837E-04   1.135E+01
   4.857E-04   1.135E+01
   4.878E-04   1.125E+01
   4.899E-04   1.125E+01
   4.919E-04   1.108E+01
   4.940E-04   1.112E+01
   4.960E-04   1.095E+01
   4.981E-04   1.098E+01
   5.001E-04   1.081E+01
   5.022E-04   1.101E+01
   5.043E-04   1.097E+01
   5.063E-04   1.074E+01
   5.084E-04   1.069E+01
   5.104E-04   1.086E+01
   5.125E-04   1.056E+01
   5.145E-04   1.049E+01
   5.166E-04   1.043E+01
   5.187E-04   1.059E+01
   5.207E-04   1.047E+01
   5.228E-04   1.038E+01
   5.248E-04   1.020E+01
   5.269E-04   1.032E+01
   5.290E-04   1.012E+01
   5.310E-04   1.021E+01
   5.331E-04   1.019E+01
   5.351E-04   1.006E+01
   5.372E-04   1.004E+01
   5.392E-04   9.961E+00
   5.413E-04   1.001E+01
   5.434E-04   9.973E+00
   5.454E-04   9.877E+00
   5.475E-04   9.789E+00
   5.495E-04   9.619E+00
   5.516E-04   9.746E+00
   5.537E-04   9.756E+00
   5.557E-04   9.659E+00
   5.578E-04   9.418E+00
   5.598E-04   9.565E+00
   5.619E-04   9.420E+00
   5.639E-04   9.449E+00
   5.660E-04   9.256E+00
   5.681E-04   9.317E+00
   5.701E-04   9.357E+00
   5.722E-04   9.314E+00
   5.742E-04   9.221E+00
   5.763E-04   9.079E+00
   5.784E-04   9.255E+00
   5.804E-04   9.141E+00
   5.825E-04   8.872E+00
   5.845E-04   8.983E+00
   5.866E-04   9.045E+00
   5.886E-04   8.861E+00
   5.907E-04   8.868E+00
   5.928E-04   8.831E+00
   5.948E-04   8.762E+00
   5.969E-04   8.821E+00
   5.989E-04   8.729E+00
   6.010E-04   8.626E+00
   6.031E-04   8.631E+00
   6.051E-04   8.535E+00
   6.072E-04   8.652E+00
   6.092E-04   8.486E+00
   6.113E-04   8.402E+00
   6.133E-04   8.403E+00
   6.154E-04   2.279E+11
