   0.000E+00   4.031E+02
   2.882E-05   4.185E+00
   5.764E-05   2.019E+00
   8.647E-05   1.402E+00
   1.153E-04   1.126E+00
   1.441E-04   9.732E-01
   1.729E-04   8.778E-01
   2.018E-04   8.081E-01
   2.306E-04   7.620E-01
   2.594E-04   7.290E-01
   2.882E-04   7.041E-01
   3.170E-04   6.845E-01
   3.459E-04   6.685E-01
   3.747E-04   6.555E-01
   4.035E-04   6.460E-01
   4.323E-04   6.391E-01
   4.612E-04   6.337E-01
   4.900E-04   6.292E-01
   5.188E-04   6.241E-01
   5.476E-04   6.188E-01
   5.764E-04   6.122E-01
   6.053E-04   6.021E-01
   6.341E-04   5.849E-01
   6.629E-04   5.583E-01
   6.917E-04   5.231E-01
   7.206E-04   4.847E-01
   7.494E-04   4.463E-01
   7.782E-04   4.095E-01
   8.070E-04   3.759E-01
   8.358E-04   3.449E-01
   8.647E-04   3.169E-01
   8.935E-04   2.925E-01
   9.223E-04   2.720E-01
   9.511E-04   2.553E-01
   9.799E-04   2.413E-01
   1.009E-03   2.301E-01
   1.038E-03   2.208E-01
   1.066E-03   2.127E-01
   1.095E-03   2.055E-01
   1.124E-03   1.998E-01
   1.153E-03   1.944E-01
   1.182E-03   1.903E-01
   1.211E-03   1.865E-01
   1.239E-03   1.832E-01
   1.268E-03   1.799E-01
   1.297E-03   1.772E-01
   1.326E-03   1.747E-01
   1.355E-03   1.720E-01
   1.383E-03   1.697E-01
   1.412E-03   1.679E-01
   1.441E-03   1.666E-01
   1.470E-03   1.657E-01
   1.499E-03   1.643E-01
   1.528E-03   1.629E-01
   1.556E-03   1.618E-01
   1.585E-03   1.612E-01
   1.614E-03   1.608E-01
   1.643E-03   1.605E-01
   1.672E-03   1.600E-01
   1.701E-03   1.600E-01
   1.729E-03   1.604E-01
   1.758E-03   1.607E-01
   1.787E-03   1.613E-01
   1.816E-03   1.617E-01
   1.845E-03   1.617E-01
   1.873E-03   1.629E-01
   1.902E-03   1.634E-01
   1.931E-03   1.640E-01
   1.960E-03   1.647E-01
   1.989E-03   1.651E-01
   2.018E-03   1.660E-01
   2.046E-03   1.678E-01
   2.075E-03   1.687E-01
   2.104E-03   1.704E-01
   2.133E-03   1.721E-01
   2.162E-03   1.726E-01
   2.190E-03   1.736E-01
   2.219E-03   1.767E-01
   2.248E-03   1.781E-01
   2.277E-03   1.795E-01
   2.306E-03   1.836E-01
   2.335E-03   1.859E-01
   2.363E-03   1.872E-01
   2.392E-03   1.916E-01
   2.421E-03   1.949E-01
   2.450E-03   1.927E-01
   2.479E-03   1.968E-01
   2.508E-03   1.984E-01
   2.536E-03   2.009E-01
   2.565E-03   2.052E-01
   2.594E-03   2.090E-01
   2.623E-03   2.108E-01
   2.652E-03   2.137E-01
   2.680E-03   2.179E-01
   2.709E-03   2.209E-01
   2.738E-03   2.256E-01
   2.767E-03   2.309E-01
   2.796E-03   2.363E-01
   2.825E-03   2.400E-01
   2.853E-03   2.457E-01
   2.882E-03   2.501E-01
   2.911E-03   2.540E-01
   2.940E-03   2.610E-01
   2.969E-03   2.646E-01
   2.997E-03   2.708E-01
   3.026E-03   2.765E-01
   3.055E-03   2.837E-01
   3.084E-03   2.889E-01
   3.113E-03   2.932E-01
   3.142E-03   3.042E-01
   3.170E-03   3.093E-01
   3.199E-03   3.156E-01
   3.228E-03   3.196E-01
   3.257E-03   3.335E-01
   3.286E-03   3.442E-01
   3.315E-03   3.459E-01
   3.343E-03   3.576E-01
   3.372E-03   3.647E-01
   3.401E-03   3.750E-01
   3.430E-03   3.865E-01
   3.459E-03   3.963E-01
   3.487E-03   4.094E-01
   3.516E-03   4.173E-01
   3.545E-03   4.263E-01
   3.574E-03   4.348E-01
   3.603E-03   4.537E-01
   3.632E-03   4.606E-01
   3.660E-03   4.792E-01
   3.689E-03   4.939E-01
   3.718E-03   5.041E-01
   3.747E-03   5.315E-01
   3.776E-03   5.369E-01
   3.805E-03   5.545E-01
   3.833E-03   5.640E-01
   3.862E-03   5.862E-01
   3.891E-03   6.088E-01
   3.920E-03   6.292E-01
   3.949E-03   6.479E-01
   3.977E-03   6.781E-01
   4.006E-03   7.006E-01
   4.035E-03   6.978E-01
   4.064E-03   7.254E-01
   4.093E-03   7.558E-01
   4.122E-03   7.551E-01
   4.150E-03   7.792E-01
   4.179E-03   8.196E-01
   4.208E-03   8.424E-01
   4.237E-03   8.680E-01
   4.266E-03   8.887E-01
   4.294E-03   9.352E-01
   4.323E-03   9.644E-01
   4.352E-03   1.022E+00
   4.381E-03   1.078E+00
   4.410E-03   1.097E+00
   4.439E-03   1.143E+00
   4.467E-03   1.162E+00
   4.496E-03   1.263E+00
   4.525E-03   1.297E+00
   4.554E-03   1.242E+00
   4.583E-03   1.288E+00
   4.612E-03   1.423E+00
   4.640E-03   1.483E+00
   4.669E-03   1.452E+00
   4.698E-03   1.580E+00
   4.727E-03   1.602E+00
   4.756E-03   1.725E+00
   4.784E-03   1.724E+00
   4.813E-03   1.693E+00
   4.842E-03   1.895E+00
   4.871E-03   1.986E+00
   4.900E-03   2.037E+00
   4.929E-03   2.147E+00
   4.957E-03   2.196E+00
   4.986E-03   2.241E+00
   5.015E-03   2.371E+00
   5.044E-03   2.512E+00
   5.073E-03   2.538E+00
   5.102E-03   2.642E+00
   5.130E-03   2.795E+00
   5.159E-03   2.879E+00
   5.188E-03   2.982E+00
   5.217E-03   3.085E+00
   5.246E-03   3.341E+00
   5.274E-03   3.461E+00
   5.303E-03   3.692E+00
   5.332E-03   3.957E+00
   5.361E-03   4.056E+00
   5.390E-03   4.294E+00
   5.419E-03   4.215E+00
   5.447E-03   4.450E+00
   5.476E-03   4.862E+00
   5.505E-03   4.713E+00
   5.534E-03   5.084E+00
   5.563E-03   5.764E+00
   5.591E-03   5.312E+00
   5.620E-03   5.694E+00
   5.649E-03   6.287E+00
   5.678E-03   6.198E+00
   5.707E-03   6.650E+00
   5.736E-03   6.779E+00
   5.764E-03   6.876E+00
   5.793E-03   6.985E+00
   5.822E-03   7.878E+00
   5.851E-03   7.765E+00
   5.880E-03   8.764E+00
   5.909E-03   8.659E+00
   5.937E-03   9.058E+00
   5.966E-03   9.347E+00
   5.995E-03   9.732E+00
   6.024E-03   1.032E+01
   6.053E-03   1.006E+01
   6.081E-03   1.090E+01
   6.110E-03   1.122E+01
   6.139E-03   1.119E+01
   6.168E-03   1.217E+01
   6.197E-03   1.247E+01
   6.226E-03   1.309E+01
   6.254E-03   1.356E+01
   6.283E-03   1.379E+01
   6.312E-03   1.423E+01
   6.341E-03   1.497E+01
   6.370E-03   1.576E+01
   6.398E-03   1.637E+01
   6.427E-03   1.777E+01
   6.456E-03   1.860E+01
   6.485E-03   1.874E+01
   6.514E-03   1.884E+01
   6.543E-03   2.007E+01
   6.571E-03   2.049E+01
   6.600E-03   2.261E+01
   6.629E-03   2.274E+01
   6.658E-03   2.302E+01
   6.687E-03   2.288E+01
   6.716E-03   2.487E+01
   6.744E-03   2.568E+01
   6.773E-03   2.646E+01
   6.802E-03   2.646E+01
   6.831E-03   2.886E+01
   6.860E-03   2.962E+01
   6.888E-03   3.165E+01
   6.917E-03   3.205E+01
   6.946E-03   3.223E+01
   6.975E-03   3.345E+01
   7.004E-03   3.509E+01
   7.033E-03   3.724E+01
   7.061E-03   3.715E+01
   7.090E-03   3.867E+01
   7.119E-03   4.147E+01
   7.148E-03   4.164E+01
   7.177E-03   4.258E+01
   7.206E-03   4.291E+01
   7.234E-03   4.779E+01
   7.263E-03   4.816E+01
   7.292E-03   4.951E+01
   7.321E-03   5.195E+01
   7.350E-03   5.307E+01
   7.378E-03   5.466E+01
   7.407E-03   5.570E+01
   7.436E-03   5.789E+01
   7.465E-03   6.117E+01
   7.494E-03   6.383E+01
   7.523E-03   6.536E+01
   7.551E-03   6.641E+01
   7.580E-03   6.963E+01
   7.609E-03   7.345E+01
   7.638E-03   7.644E+01
   7.667E-03   7.912E+01
   7.695E-03   8.258E+01
   7.724E-03   8.386E+01
   7.753E-03   8.660E+01
   7.782E-03   9.082E+01
   7.811E-03   9.398E+01
   7.840E-03   9.597E+01
   7.868E-03   9.916E+01
   7.897E-03   1.053E+02
   7.926E-03   1.078E+02
   7.955E-03   1.114E+02
   7.984E-03   1.172E+02
   8.013E-03   1.176E+02
   8.041E-03   1.225E+02
   8.070E-03   1.290E+02
   8.099E-03   1.314E+02
   8.128E-03   1.375E+02
   8.157E-03   1.421E+02
   8.185E-03   1.470E+02
   8.214E-03   1.513E+02
   8.243E-03   1.580E+02
   8.272E-03   1.626E+02
   8.301E-03   1.668E+02
   8.330E-03   1.731E+02
   8.358E-03   1.792E+02
   8.387E-03   1.864E+02
   8.416E-03   1.963E+02
   8.445E-03   2.018E+02
   8.474E-03   2.119E+02
   8.503E-03   2.175E+02
   8.531E-03   2.247E+02
   8.560E-03   2.325E+02
   8.589E-03   2.403E+02
   8.618E-03   2.498E+02
   8.647E-03   2.633E+02
   8.675E-03   2.734E+02
   8.704E-03   2.805E+02
   8.733E-03   2.947E+02
   8.762E-03   3.003E+02
   8.791E-03   3.185E+02
   8.820E-03   3.277E+02
   8.848E-03   3.387E+02
   8.877E-03   3.555E+02
   8.906E-03   3.676E+02
   8.935E-03   3.837E+02
   8.964E-03   3.975E+02
   8.992E-03   4.157E+02
   9.021E-03   4.324E+02
   9.050E-03   4.500E+02
   9.079E-03   4.702E+02
   9.108E-03   4.891E+02
   9.137E-03   5.057E+02
   9.165E-03   5.267E+02
   9.194E-03   5.471E+02
   9.223E-03   5.635E+02
   9.252E-03   6.016E+02
   9.281E-03   6.194E+02
   9.310E-03   6.388E+02
   9.338E-03   6.778E+02
   9.367E-03   6.976E+02
   9.396E-03   7.360E+02
   9.425E-03   7.598E+02
   9.454E-03   7.956E+02
   9.482E-03   8.219E+02
   9.511E-03   8.631E+02
   9.540E-03   8.959E+02
   9.569E-03   9.413E+02
   9.598E-03   9.818E+02
   9.627E-03   1.022E+03
   9.655E-03   1.058E+03
   9.684E-03   1.112E+03
   9.713E-03   1.157E+03
   9.742E-03   1.211E+03
   9.771E-03   1.263E+03
   9.799E-03   1.326E+03
   9.828E-03   1.371E+03
   9.857E-03   1.438E+03
   9.886E-03   1.497E+03
   9.915E-03   1.568E+03
   9.944E-03   1.628E+03
   9.972E-03   1.710E+03
   1.000E-02   1.785E+03
   1.003E-02   1.872E+03
   1.006E-02   1.955E+03
   1.009E-02   2.044E+03
   1.012E-02   2.126E+03
   1.015E-02   2.217E+03
   1.017E-02   2.328E+03
   1.020E-02   2.452E+03
   1.023E-02   2.551E+03
   1.026E-02   2.659E+03
   1.029E-02   2.785E+03
   1.032E-02   2.921E+03
   1.035E-02   3.044E+03
   1.038E-02   3.188E+03
   1.040E-02   3.325E+03
   1.043E-02   3.481E+03
   1.046E-02   3.628E+03
   1.049E-02   3.794E+03
   1.052E-02   3.965E+03
   1.055E-02   4.138E+03
   1.058E-02   4.313E+03
   1.061E-02   4.498E+03
   1.064E-02   4.691E+03
   1.066E-02   4.912E+03
   1.069E-02   5.123E+03
   1.072E-02   5.335E+03
   1.075E-02   5.565E+03
   1.078E-02   5.804E+03
   1.081E-02   6.043E+03
   1.084E-02   6.291E+03
   1.087E-02   6.566E+03
   1.089E-02   6.867E+03
   1.092E-02   7.193E+03
   1.095E-02   7.495E+03
   1.098E-02   7.856E+03
   1.101E-02   8.242E+03
   1.104E-02   8.651E+03
   1.107E-02   9.149E+03
   1.110E-02   9.682E+03
   1.113E-02   1.031E+04
   1.115E-02   1.105E+04
   1.118E-02   1.187E+04
   1.121E-02   1.290E+04
   1.124E-02   1.412E+04
   1.127E-02   1.560E+04
   1.130E-02   1.747E+04
   1.133E-02   1.986E+04
   1.136E-02   2.310E+04
   1.138E-02   2.743E+04
   1.141E-02   3.389E+04
   1.144E-02   4.374E+04
   1.147E-02   5.990E+04
   1.150E-02   1.561E+12
