   0.000E+00   2.463E-02
   2.882E-05   3.746E-01
   5.764E-05   7.340E-01
   8.647E-05   1.049E+00
   1.153E-04   1.309E+00
   1.441E-04   1.519E+00
   1.729E-04   1.683E+00
   2.018E-04   1.812E+00
   2.306E-04   1.905E+00
   2.594E-04   1.968E+00
   2.882E-04   2.008E+00
   3.170E-04   2.032E+00
   3.459E-04   2.045E+00
   3.747E-04   2.052E+00
   4.035E-04   2.057E+00
   4.323E-04   2.065E+00
   4.612E-04   2.080E+00
   4.900E-04   2.108E+00
   5.188E-04   2.153E+00
   5.476E-04   2.217E+00
   5.764E-04   2.304E+00
   6.053E-04   2.415E+00
   6.341E-04   2.552E+00
   6.629E-04   2.715E+00
   6.917E-04   2.900E+00
   7.206E-04   3.103E+00
   7.494E-04   3.321E+00
   7.782E-04   3.552E+00
   8.070E-04   3.783E+00
   8.358E-04   4.020E+00
   8.647E-04   4.256E+00
   8.935E-04   4.491E+00
   9.223E-04   4.724E+00
   9.511E-04   4.948E+00
   9.799E-04   5.173E+00
   1.009E-03   5.391E+00
   1.038E-03   5.602E+00
   1.066E-03   5.810E+00
   1.095E-03   6.014E+00
   1.124E-03   6.211E+00
   1.153E-03   6.405E+00
   1.182E-03   6.587E+00
   1.211E-03   6.771E+00
   1.239E-03   6.945E+00
   1.268E-03   7.122E+00
   1.297E-03   7.287E+00
   1.326E-03   7.447E+00
   1.355E-03   7.605E+00
   1.383E-03   7.755E+00
   1.412E-03   7.907E+00
   1.441E-03   8.048E+00
   1.470E-03   8.188E+00
   1.499E-03   8.320E+00
   1.528E-03   8.455E+00
   1.556E-03   8.584E+00
   1.585E-03   8.705E+00
   1.614E-03   8.822E+00
   1.643E-03   8.932E+00
   1.672E-03   9.045E+00
   1.701E-03   9.150E+00
   1.729E-03   9.253E+00
   1.758E-03   9.354E+00
   1.787E-03   9.445E+00
   1.816E-03   9.534E+00
   1.845E-03   9.627E+00
   1.873E-03   9.707E+00
   1.902E-03   9.790E+00
   1.931E-03   9.867E+00
   1.960E-03   9.936E+00
   1.989E-03   1.001E+01
   2.018E-03   1.008E+01
   2.046E-03   1.013E+01
   2.075E-03   1.020E+01
   2.104E-03   1.026E+01
   2.133E-03   1.032E+01
   2.162E-03   1.037E+01
   2.190E-03   1.042E+01
   2.219E-03   1.046E+01
   2.248E-03   1.051E+01
   2.277E-03   1.054E+01
   2.306E-03   1.058E+01
   2.335E-03   1.060E+01
   2.363E-03   1.064E+01
   2.392E-03   1.067E+01
   2.421E-03   1.068E+01
   2.450E-03   1.071E+01
   2.479E-03   1.074E+01
   2.508E-03   1.076E+01
   2.536E-03   1.077E+01
   2.565E-03   1.077E+01
   2.594E-03   1.079E+01
   2.623E-03   1.079E+01
   2.652E-03   1.080E+01
   2.680E-03   1.081E+01
   2.709E-03   1.081E+01
   2.738E-03   1.081E+01
   2.767E-03   1.080E+01
   2.796E-03   1.079E+01
   2.825E-03   1.079E+01
   2.853E-03   1.078E+01
   2.882E-03   1.076E+01
   2.911E-03   1.075E+01
   2.940E-03   1.073E+01
   2.969E-03   1.072E+01
   2.997E-03   1.070E+01
   3.026E-03   1.067E+01
   3.055E-03   1.064E+01
   3.084E-03   1.062E+01
   3.113E-03   1.060E+01
   3.142E-03   1.057E+01
   3.170E-03   1.053E+01
   3.199E-03   1.050E+01
   3.228E-03   1.047E+01
   3.257E-03   1.043E+01
   3.286E-03   1.040E+01
   3.315E-03   1.036E+01
   3.343E-03   1.032E+01
   3.372E-03   1.028E+01
   3.401E-03   1.023E+01
   3.430E-03   1.019E+01
   3.459E-03   1.015E+01
   3.487E-03   1.010E+01
   3.516E-03   1.005E+01
   3.545E-03   1.002E+01
   3.574E-03   9.943E+00
   3.603E-03   9.887E+00
   3.632E-03   9.836E+00
   3.660E-03   9.786E+00
   3.689E-03   9.731E+00
   3.718E-03   9.671E+00
   3.747E-03   9.620E+00
   3.776E-03   9.567E+00
   3.805E-03   9.499E+00
   3.833E-03   9.418E+00
   3.862E-03   9.370E+00
   3.891E-03   9.310E+00
   3.920E-03   9.238E+00
   3.949E-03   9.175E+00
   3.977E-03   9.102E+00
   4.006E-03   9.042E+00
   4.035E-03   8.967E+00
   4.064E-03   8.899E+00
   4.093E-03   8.838E+00
   4.122E-03   8.770E+00
   4.150E-03   8.695E+00
   4.179E-03   8.633E+00
   4.208E-03   8.553E+00
   4.237E-03   8.475E+00
   4.266E-03   8.410E+00
   4.294E-03   8.329E+00
   4.323E-03   8.269E+00
   4.352E-03   8.190E+00
   4.381E-03   8.110E+00
   4.410E-03   8.019E+00
   4.439E-03   7.945E+00
   4.467E-03   7.873E+00
   4.496E-03   7.804E+00
   4.525E-03   7.716E+00
   4.554E-03   7.647E+00
   4.583E-03   7.564E+00
   4.612E-03   7.480E+00
   4.640E-03   7.412E+00
   4.669E-03   7.332E+00
   4.698E-03   7.241E+00
   4.727E-03   7.175E+00
   4.756E-03   7.090E+00
   4.784E-03   7.021E+00
   4.813E-03   6.934E+00
   4.842E-03   6.844E+00
   4.871E-03   6.766E+00
   4.900E-03   6.693E+00
   4.929E-03   6.605E+00
   4.957E-03   6.518E+00
   4.986E-03   6.448E+00
   5.015E-03   6.369E+00
   5.044E-03   6.279E+00
   5.073E-03   6.202E+00
   5.102E-03   6.126E+00
   5.130E-03   6.044E+00
   5.159E-03   5.959E+00
   5.188E-03   5.890E+00
   5.217E-03   5.801E+00
   5.246E-03   5.722E+00
   5.274E-03   5.652E+00
   5.303E-03   5.558E+00
   5.332E-03   5.483E+00
   5.361E-03   5.415E+00
   5.390E-03   5.335E+00
   5.419E-03   5.249E+00
   5.447E-03   5.178E+00
   5.476E-03   5.094E+00
   5.505E-03   5.030E+00
   5.534E-03   4.950E+00
   5.563E-03   4.864E+00
   5.591E-03   4.798E+00
   5.620E-03   4.712E+00
   5.649E-03   4.641E+00
   5.678E-03   4.576E+00
   5.707E-03   4.496E+00
   5.736E-03   4.423E+00
   5.764E-03   4.349E+00
   5.793E-03   4.274E+00
   5.822E-03   4.200E+00
   5.851E-03   4.129E+00
   5.880E-03   4.062E+00
   5.909E-03   3.984E+00
   5.937E-03   3.918E+00
   5.966E-03   3.862E+00
   5.995E-03   3.780E+00
   6.024E-03   3.711E+00
   6.053E-03   3.648E+00
   6.081E-03   3.581E+00
   6.110E-03   3.514E+00
   6.139E-03   3.448E+00
   6.168E-03   3.393E+00
   6.197E-03   3.318E+00
   6.226E-03   3.255E+00
   6.254E-03   3.201E+00
   6.283E-03   3.135E+00
   6.312E-03   3.071E+00
   6.341E-03   3.008E+00
   6.370E-03   2.947E+00
   6.398E-03   2.885E+00
   6.427E-03   2.828E+00
   6.456E-03   2.773E+00
   6.485E-03   2.718E+00
   6.514E-03   2.659E+00
   6.543E-03   2.599E+00
   6.571E-03   2.545E+00
   6.600E-03   2.487E+00
   6.629E-03   2.430E+00
   6.658E-03   2.379E+00
   6.687E-03   2.329E+00
   6.716E-03   2.276E+00
   6.744E-03   2.223E+00
   6.773E-03   2.168E+00
   6.802E-03   2.124E+00
   6.831E-03   2.072E+00
   6.860E-03   2.026E+00
   6.888E-03   1.975E+00
   6.917E-03   1.929E+00
   6.946E-03   1.885E+00
   6.975E-03   1.837E+00
   7.004E-03   1.793E+00
   7.033E-03   1.749E+00
   7.061E-03   1.703E+00
   7.090E-03   1.663E+00
   7.119E-03   1.622E+00
   7.148E-03   1.584E+00
   7.177E-03   1.535E+00
   7.206E-03   1.500E+00
   7.234E-03   1.460E+00
   7.263E-03   1.418E+00
   7.292E-03   1.378E+00
   7.321E-03   1.346E+00
   7.350E-03   1.307E+00
   7.378E-03   1.274E+00
   7.407E-03   1.237E+00
   7.436E-03   1.202E+00
   7.465E-03   1.169E+00
   7.494E-03   1.137E+00
   7.523E-03   1.105E+00
   7.551E-03   1.071E+00
   7.580E-03   1.038E+00
   7.609E-03   1.012E+00
   7.638E-03   9.796E-01
   7.667E-03   9.480E-01
   7.695E-03   9.221E-01
   7.724E-03   8.937E-01
   7.753E-03   8.653E-01
   7.782E-03   8.408E-01
   7.811E-03   8.133E-01
   7.840E-03   7.859E-01
   7.868E-03   7.652E-01
   7.897E-03   7.391E-01
   7.926E-03   7.155E-01
   7.955E-03   6.911E-01
   7.984E-03   6.688E-01
   8.013E-03   6.466E-01
   8.041E-03   6.259E-01
   8.070E-03   6.034E-01
   8.099E-03   5.848E-01
   8.128E-03   5.639E-01
   8.157E-03   5.456E-01
   8.185E-03   5.242E-01
   8.214E-03   5.067E-01
   8.243E-03   4.877E-01
   8.272E-03   4.709E-01
   8.301E-03   4.542E-01
   8.330E-03   4.378E-01
   8.358E-03   4.212E-01
   8.387E-03   4.056E-01
   8.416E-03   3.918E-01
   8.445E-03   3.756E-01
   8.474E-03   3.605E-01
   8.503E-03   3.468E-01
   8.531E-03   3.333E-01
   8.560E-03   3.211E-01
   8.589E-03   3.069E-01
   8.618E-03   2.957E-01
   8.647E-03   2.833E-01
   8.675E-03   2.717E-01
   8.704E-03   2.601E-01
   8.733E-03   2.490E-01
   8.762E-03   2.393E-01
   8.791E-03   2.284E-01
   8.820E-03   2.185E-01
   8.848E-03   2.089E-01
   8.877E-03   1.999E-01
   8.906E-03   1.907E-01
   8.935E-03   1.825E-01
   8.964E-03   1.746E-01
   8.992E-03   1.661E-01
   9.021E-03   1.583E-01
   9.050E-03   1.507E-01
   9.079E-03   1.439E-01
   9.108E-03   1.367E-01
   9.137E-03   1.300E-01
   9.165E-03   1.238E-01
   9.194E-03   1.177E-01
   9.223E-03   1.116E-01
   9.252E-03   1.059E-01
   9.281E-03   1.012E-01
   9.310E-03   9.576E-02
   9.338E-03   9.022E-02
   9.367E-03   8.568E-02
   9.396E-03   8.096E-02
   9.425E-03   7.661E-02
   9.454E-03   7.269E-02
   9.482E-03   6.862E-02
   9.511E-03   6.476E-02
   9.540E-03   6.088E-02
   9.569E-03   5.756E-02
   9.598E-03   5.440E-02
   9.627E-03   5.101E-02
   9.655E-03   4.823E-02
   9.684E-03   4.532E-02
   9.713E-03   4.239E-02
   9.742E-03   3.980E-02
   9.771E-03   3.747E-02
   9.799E-03   3.488E-02
   9.828E-03   3.286E-02
   9.857E-03   3.072E-02
   9.886E-03   2.886E-02
   9.915E-03   2.685E-02
   9.944E-03   2.521E-02
   9.972E-03   2.349E-02
   1.000E-02   2.195E-02
   1.003E-02   2.045E-02
   1.006E-02   1.898E-02
   1.009E-02   1.779E-02
   1.012E-02   1.646E-02
   1.015E-02   1.531E-02
   1.017E-02   1.427E-02
   1.020E-02   1.326E-02
   1.023E-02   1.233E-02
   1.026E-02   1.143E-02
   1.029E-02   1.066E-02
   1.032E-02   9.915E-03
   1.035E-02   9.177E-03
   1.038E-02   8.471E-03
   1.040E-02   7.921E-03
   1.043E-02   7.318E-03
   1.046E-02   6.788E-03
   1.049E-02   6.316E-03
   1.052E-02   5.897E-03
   1.055E-02   5.459E-03
   1.058E-02   5.089E-03
   1.061E-02   4.723E-03
   1.064E-02   4.412E-03
   1.066E-02   4.101E-03
   1.069E-02   3.827E-03
   1.072E-02   3.556E-03
   1.075E-02   3.323E-03
   1.078E-02   3.105E-03
   1.081E-02   2.895E-03
   1.084E-02   2.708E-03
   1.087E-02   2.533E-03
   1.089E-02   2.360E-03
   1.092E-02   2.199E-03
   1.095E-02   2.049E-03
   1.098E-02   1.907E-03
   1.101E-02   1.771E-03
   1.104E-02   1.641E-03
   1.107E-02   1.513E-03
   1.110E-02   1.393E-03
   1.113E-02   1.274E-03
   1.115E-02   1.148E-03
   1.118E-02   1.032E-03
   1.121E-02   9.159E-04
   1.124E-02   8.033E-04
   1.127E-02   6.919E-04
   1.130E-02   5.851E-04
   1.133E-02   4.840E-04
   1.136E-02   3.852E-04
   1.138E-02   2.956E-04
   1.141E-02   2.129E-04
   1.144E-02   1.406E-04
   1.147E-02   8.241E-05
   1.150E-02   2.229E-06
