   2.980E+02   1.773E+04
   3.015E+02   1.252E+05
   3.050E+02   1.931E+05
   3.085E+02   2.545E+05
   3.121E+02   3.135E+05
   3.156E+02   3.704E+05
   3.191E+02   4.253E+05
   3.226E+02   4.785E+05
   3.261E+02   5.301E+05
   3.296E+02   5.808E+05
   3.331E+02   6.297E+05
   3.367E+02   6.771E+05
   3.402E+02   7.246E+05
   3.437E+02   7.706E+05
   3.472E+02   8.156E+05
   3.507E+02   8.594E+05
   3.542E+02   9.038E+05
   3.577E+02   9.468E+05
   3.612E+02   9.891E+05
   3.648E+02   1.032E+06
   3.683E+02   1.071E+06
   3.718E+02   1.112E+06
   3.753E+02   1.151E+06
   3.788E+02   1.190E+06
   3.823E+02   1.230E+06
   3.858E+02   1.268E+06
   3.894E+02   1.306E+06
   3.929E+02   1.344E+06
   3.964E+02   1.381E+06
   3.999E+02   1.416E+06
   4.034E+02   1.453E+06
   4.069E+02   1.486E+06
   4.104E+02   1.521E+06
   4.140E+02   1.556E+06
   4.175E+02   1.589E+06
   4.210E+02   1.623E+06
   4.245E+02   1.655E+06
   4.280E+02   1.688E+06
   4.315E+02   1.719E+06
   4.350E+02   1.751E+06
   4.386E+02   1.783E+06
   4.421E+02   1.811E+06
   4.456E+02   1.841E+06
   4.491E+02   1.870E+06
   4.526E+02   1.900E+06
   4.561E+02   1.927E+06
   4.596E+02   1.955E+06
   4.631E+02   1.984E+06
   4.667E+02   2.010E+06
   4.702E+02   2.037E+06
   4.737E+02   2.066E+06
   4.772E+02   2.090E+06
   4.807E+02   2.117E+06
   4.842E+02   2.142E+06
   4.877E+02   2.167E+06
   4.913E+02   2.194E+06
   4.948E+02   2.215E+06
   4.983E+02   2.239E+06
   5.018E+02   2.263E+06
   5.053E+02   2.283E+06
   5.088E+02   2.308E+06
   5.123E+02   2.330E+06
   5.159E+02   2.351E+06
   5.194E+02   2.373E+06
   5.229E+02   2.393E+06
   5.264E+02   2.413E+06
   5.299E+02   2.433E+06
   5.334E+02   2.455E+06
   5.369E+02   2.474E+06
   5.405E+02   2.492E+06
   5.440E+02   2.510E+06
   5.475E+02   2.528E+06
   5.510E+02   2.547E+06
   5.545E+02   2.567E+06
   5.580E+02   2.580E+06
   5.615E+02   2.595E+06
   5.650E+02   2.613E+06
   5.686E+02   2.633E+06
   5.721E+02   2.647E+06
   5.756E+02   2.659E+06
   5.791E+02   2.678E+06
   5.826E+02   2.692E+06
   5.861E+02   2.707E+06
   5.896E+02   2.718E+06
   5.932E+02   2.733E+06
   5.967E+02   2.743E+06
   6.002E+02   2.759E+06
   6.037E+02   2.771E+06
   6.072E+02   2.782E+06
   6.107E+02   2.795E+06
   6.142E+02   2.806E+06
   6.178E+02   2.816E+06
   6.213E+02   2.824E+06
   6.248E+02   2.832E+06
   6.283E+02   2.844E+06
   6.318E+02   2.854E+06
   6.353E+02   2.864E+06
   6.388E+02   2.874E+06
   6.424E+02   2.880E+06
   6.459E+02   2.887E+06
   6.494E+02   2.894E+06
   6.529E+02   2.903E+06
   6.564E+02   2.909E+06
   6.599E+02   2.916E+06
   6.634E+02   2.919E+06
   6.669E+02   2.926E+06
   6.705E+02   2.931E+06
   6.740E+02   2.936E+06
   6.775E+02   2.942E+06
   6.810E+02   2.946E+06
   6.845E+02   2.951E+06
   6.880E+02   2.951E+06
   6.915E+02   2.959E+06
   6.951E+02   2.960E+06
   6.986E+02   2.962E+06
   7.021E+02   2.966E+06
   7.056E+02   2.968E+06
   7.091E+02   2.969E+06
   7.126E+02   2.972E+06
   7.161E+02   2.972E+06
   7.197E+02   2.974E+06
   7.232E+02   2.976E+06
   7.267E+02   2.973E+06
   7.302E+02   2.974E+06
   7.337E+02   2.976E+06
   7.372E+02   2.976E+06
   7.407E+02   2.973E+06
   7.443E+02   2.973E+06
   7.478E+02   2.970E+06
   7.513E+02   2.970E+06
   7.548E+02   2.969E+06
   7.583E+02   2.967E+06
   7.618E+02   2.967E+06
   7.653E+02   2.964E+06
   7.688E+02   2.960E+06
   7.724E+02   2.957E+06
   7.759E+02   2.954E+06
   7.794E+02   2.951E+06
   7.829E+02   2.947E+06
   7.864E+02   2.943E+06
   7.899E+02   2.940E+06
   7.934E+02   2.937E+06
   7.970E+02   2.930E+06
   8.005E+02   2.926E+06
   8.040E+02   2.921E+06
   8.075E+02   2.915E+06
   8.110E+02   2.911E+06
   8.145E+02   2.906E+06
   8.180E+02   2.903E+06
   8.216E+02   2.896E+06
   8.251E+02   2.891E+06
   8.286E+02   2.885E+06
   8.321E+02   2.878E+06
   8.356E+02   2.873E+06
   8.391E+02   2.864E+06
   8.426E+02   2.857E+06
   8.462E+02   2.849E+06
   8.497E+02   2.844E+06
   8.532E+02   2.834E+06
   8.567E+02   2.832E+06
   8.602E+02   2.819E+06
   8.637E+02   2.812E+06
   8.672E+02   2.803E+06
   8.707E+02   2.798E+06
   8.743E+02   2.789E+06
   8.778E+02   2.780E+06
   8.813E+02   2.770E+06
   8.848E+02   2.761E+06
   8.883E+02   2.751E+06
   8.918E+02   2.742E+06
   8.953E+02   2.732E+06
   8.989E+02   2.723E+06
   9.024E+02   2.714E+06
   9.059E+02   2.704E+06
   9.094E+02   2.693E+06
   9.129E+02   2.683E+06
   9.164E+02   2.671E+06
   9.199E+02   2.663E+06
   9.235E+02   2.651E+06
   9.270E+02   2.642E+06
   9.305E+02   2.631E+06
   9.340E+02   2.618E+06
   9.375E+02   2.607E+06
   9.410E+02   2.595E+06
   9.445E+02   2.585E+06
   9.481E+02   2.574E+06
   9.516E+02   2.559E+06
   9.551E+02   2.549E+06
   9.586E+02   2.536E+06
   9.621E+02   2.527E+06
   9.656E+02   2.512E+06
   9.691E+02   2.501E+06
   9.726E+02   2.487E+06
   9.762E+02   2.474E+06
   9.797E+02   2.463E+06
   9.832E+02   2.448E+06
   9.867E+02   2.435E+06
   9.902E+02   2.424E+06
   9.937E+02   2.408E+06
   9.972E+02   2.393E+06
   1.001E+03   2.380E+06
   1.004E+03   2.369E+06
   1.008E+03   2.354E+06
   1.011E+03   2.338E+06
   1.015E+03   2.325E+06
   1.018E+03   2.310E+06
   1.022E+03   2.296E+06
   1.025E+03   2.280E+06
   1.029E+03   2.264E+06
   1.032E+03   2.249E+06
   1.036E+03   2.233E+06
   1.039E+03   2.218E+06
   1.043E+03   2.203E+06
   1.046E+03   2.186E+06
   1.050E+03   2.169E+06
   1.053E+03   2.156E+06
   1.057E+03   2.137E+06
   1.060E+03   2.123E+06
   1.064E+03   2.103E+06
   1.068E+03   2.087E+06
   1.071E+03   2.070E+06
   1.075E+03   2.053E+06
   1.078E+03   2.036E+06
   1.082E+03   2.019E+06
   1.085E+03   2.000E+06
   1.089E+03   1.983E+06
   1.092E+03   1.965E+06
   1.096E+03   1.947E+06
   1.099E+03   1.928E+06
   1.103E+03   1.908E+06
   1.106E+03   1.890E+06
   1.110E+03   1.871E+06
   1.113E+03   1.853E+06
   1.117E+03   1.832E+06
   1.120E+03   1.813E+06
   1.124E+03   1.793E+06
   1.127E+03   1.773E+06
   1.131E+03   1.752E+06
   1.134E+03   1.733E+06
   1.138E+03   1.710E+06
   1.141E+03   1.690E+06
   1.145E+03   1.668E+06
   1.148E+03   1.646E+06
   1.152E+03   1.625E+06
   1.155E+03   1.603E+06
   1.159E+03   1.580E+06
   1.162E+03   1.560E+06
   1.166E+03   1.536E+06
   1.169E+03   1.514E+06
   1.173E+03   1.489E+06
   1.176E+03   1.466E+06
   1.180E+03   1.442E+06
   1.183E+03   1.419E+06
   1.187E+03   1.395E+06
   1.191E+03   1.370E+06
   1.194E+03   1.345E+06
   1.198E+03   1.321E+06
   1.201E+03   1.295E+06
   1.205E+03   1.271E+06
   1.208E+03   1.245E+06
   1.212E+03   1.220E+06
   1.215E+03   1.195E+06
   1.219E+03   1.171E+06
   1.222E+03   1.145E+06
   1.226E+03   1.119E+06
   1.229E+03   1.093E+06
   1.233E+03   1.067E+06
   1.236E+03   1.040E+06
   1.240E+03   1.013E+06
   1.243E+03   9.880E+05
   1.247E+03   9.606E+05
   1.250E+03   9.328E+05
   1.254E+03   9.063E+05
   1.257E+03   8.796E+05
   1.261E+03   8.518E+05
   1.264E+03   8.246E+05
   1.268E+03   7.984E+05
   1.271E+03   7.712E+05
   1.275E+03   7.428E+05
   1.278E+03   7.156E+05
   1.282E+03   6.876E+05
   1.285E+03   6.606E+05
   1.289E+03   6.332E+05
   1.292E+03   6.072E+05
   1.296E+03   5.806E+05
   1.299E+03   5.545E+05
   1.303E+03   5.289E+05
   1.306E+03   5.032E+05
   1.310E+03   4.783E+05
   1.313E+03   4.539E+05
   1.317E+03   4.297E+05
   1.321E+03   4.054E+05
   1.324E+03   3.823E+05
   1.328E+03   3.605E+05
   1.331E+03   3.382E+05
   1.335E+03   3.167E+05
   1.338E+03   2.944E+05
   1.342E+03   2.727E+05
   1.345E+03   2.522E+05
   1.349E+03   2.329E+05
   1.352E+03   2.154E+05
   1.356E+03   1.983E+05
   1.359E+03   1.813E+05
   1.363E+03   1.636E+05
   1.366E+03   1.476E+05
   1.370E+03   1.333E+05
   1.373E+03   1.203E+05
   1.377E+03   1.088E+05
   1.380E+03   9.850E+04
   1.384E+03   8.924E+04
   1.387E+03   8.144E+04
   1.391E+03   7.464E+04
   1.394E+03   7.037E+04
   1.398E+03   6.781E+04
   1.401E+03   6.663E+04
   1.405E+03   6.742E+04
   1.408E+03   6.903E+04
   1.412E+03   7.303E+04
   1.415E+03   7.936E+04
   1.419E+03   8.632E+04
   1.422E+03   9.310E+04
   1.426E+03   1.004E+05
   1.429E+03   1.093E+05
   1.433E+03   1.189E+05
   1.436E+03   1.286E+05
   1.440E+03   1.381E+05
   1.443E+03   1.474E+05
   1.447E+03   1.569E+05
   1.451E+03   1.659E+05
   1.454E+03   1.740E+05
   1.458E+03   1.816E+05
   1.461E+03   1.894E+05
   1.465E+03   1.964E+05
   1.468E+03   2.031E+05
   1.472E+03   2.093E+05
   1.475E+03   2.154E+05
   1.479E+03   2.210E+05
   1.482E+03   2.259E+05
   1.486E+03   2.301E+05
   1.489E+03   2.336E+05
   1.493E+03   2.369E+05
   1.496E+03   2.402E+05
   1.500E+03   2.433E+05
   1.503E+03   2.463E+05
   1.507E+03   2.490E+05
   1.510E+03   2.518E+05
   1.514E+03   2.542E+05
   1.517E+03   2.562E+05
   1.521E+03   2.579E+05
   1.524E+03   2.587E+05
   1.528E+03   2.596E+05
   1.531E+03   2.603E+05
   1.535E+03   2.604E+05
   1.538E+03   2.606E+05
   1.542E+03   2.601E+05
   1.545E+03   2.600E+05
   1.549E+03   2.595E+05
   1.552E+03   2.586E+05
   1.556E+03   2.570E+05
   1.559E+03   2.557E+05
   1.563E+03   2.543E+05
   1.566E+03   2.529E+05
   1.570E+03   2.509E+05
   1.574E+03   2.489E+05
   1.577E+03   2.460E+05
   1.581E+03   2.432E+05
   1.584E+03   2.399E+05
   1.588E+03   2.369E+05
   1.591E+03   2.342E+05
   1.595E+03   2.315E+05
   1.598E+03   2.280E+05
   1.602E+03   2.255E+05
   1.605E+03   2.229E+05
   1.609E+03   2.206E+05
   1.612E+03   2.172E+05
   1.616E+03   2.142E+05
   1.619E+03   2.112E+05
   1.623E+03   2.082E+05
   1.626E+03   2.050E+05
   1.630E+03   2.016E+05
   1.633E+03   1.983E+05
   1.637E+03   1.940E+05
   1.640E+03   1.900E+05
   1.644E+03   1.867E+05
   1.647E+03   1.834E+05
   1.651E+03   1.787E+05
   1.654E+03   1.746E+05
   1.658E+03   1.698E+05
   1.661E+03   1.655E+05
   1.665E+03   1.621E+05
   1.668E+03   1.585E+05
   1.672E+03   1.543E+05
   1.675E+03   1.500E+05
   1.679E+03   1.479E+05
   1.682E+03   1.483E+05
   1.686E+03   1.440E+05
   1.689E+03   1.381E+05
   1.693E+03   1.332E+05
   1.696E+03   1.293E+05
   1.700E+03   1.118E+05
