   0.000E+00   3.262E-01
   2.882E-05   6.159E-02
   5.764E-05   4.777E-02
   8.647E-05   4.047E-02
   1.153E-04   3.597E-02
   1.441E-04   3.275E-02
   1.729E-04   3.053E-02
   2.018E-04   2.867E-02
   2.306E-04   2.718E-02
   2.594E-04   2.590E-02
   2.882E-04   2.478E-02
   3.170E-04   2.368E-02
   3.459E-04   2.240E-02
   3.747E-04   2.115E-02
   4.035E-04   1.991E-02
   4.323E-04   1.870E-02
   4.612E-04   1.758E-02
   4.900E-04   1.648E-02
   5.188E-04   1.545E-02
   5.476E-04   1.450E-02
   5.764E-04   1.362E-02
   6.053E-04   1.280E-02
   6.341E-04   1.207E-02
   6.629E-04   1.138E-02
   6.917E-04   1.073E-02
   7.206E-04   1.016E-02
   7.494E-04   9.642E-03
   7.782E-04   9.161E-03
   8.070E-04   8.754E-03
   8.358E-04   8.378E-03
   8.647E-04   8.043E-03
   8.935E-04   7.746E-03
   9.223E-04   7.473E-03
   9.511E-04   7.239E-03
   9.799E-04   7.017E-03
   1.009E-03   6.817E-03
   1.038E-03   6.641E-03
   1.066E-03   6.475E-03
   1.095E-03   6.322E-03
   1.124E-03   6.183E-03
   1.153E-03   6.049E-03
   1.182E-03   5.942E-03
   1.211E-03   5.832E-03
   1.239E-03   5.734E-03
   1.268E-03   5.637E-03
   1.297E-03   5.551E-03
   1.326E-03   5.466E-03
   1.355E-03   5.391E-03
   1.383E-03   5.319E-03
   1.412E-03   5.251E-03
   1.441E-03   5.190E-03
   1.470E-03   5.133E-03
   1.499E-03   5.077E-03
   1.528E-03   5.022E-03
   1.556E-03   4.966E-03
   1.585E-03   4.919E-03
   1.614E-03   4.875E-03
   1.643E-03   4.835E-03
   1.672E-03   4.792E-03
   1.701E-03   4.756E-03
   1.729E-03   4.719E-03
   1.758E-03   4.682E-03
   1.787E-03   4.653E-03
   1.816E-03   4.625E-03
   1.845E-03   4.590E-03
   1.873E-03   4.565E-03
   1.902E-03   4.539E-03
   1.931E-03   4.508E-03
   1.960E-03   4.487E-03
   1.989E-03   4.460E-03
   2.018E-03   4.439E-03
   2.046E-03   4.422E-03
   2.075E-03   4.393E-03
   2.104E-03   4.370E-03
   2.133E-03   4.357E-03
   2.162E-03   4.337E-03
   2.190E-03   4.319E-03
   2.219E-03   4.303E-03
   2.248E-03   4.283E-03
   2.277E-03   4.272E-03
   2.306E-03   4.257E-03
   2.335E-03   4.248E-03
   2.363E-03   4.230E-03
   2.392E-03   4.221E-03
   2.421E-03   4.217E-03
   2.450E-03   4.199E-03
   2.479E-03   4.192E-03
   2.508E-03   4.181E-03
   2.536E-03   4.171E-03
   2.565E-03   4.169E-03
   2.594E-03   4.158E-03
   2.623E-03   4.147E-03
   2.652E-03   4.142E-03
   2.680E-03   4.138E-03
   2.709E-03   4.128E-03
   2.738E-03   4.128E-03
   2.767E-03   4.130E-03
   2.796E-03   4.121E-03
   2.825E-03   4.118E-03
   2.853E-03   4.112E-03
   2.882E-03   4.103E-03
   2.911E-03   4.105E-03
   2.940E-03   4.099E-03
   2.969E-03   4.096E-03
   2.997E-03   4.089E-03
   3.026E-03   4.091E-03
   3.055E-03   4.094E-03
   3.084E-03   4.090E-03
   3.113E-03   4.083E-03
   3.142E-03   4.082E-03
   3.170E-03   4.085E-03
   3.199E-03   4.084E-03
   3.228E-03   4.084E-03
   3.257E-03   4.088E-03
   3.286E-03   4.086E-03
   3.315E-03   4.085E-03
   3.343E-03   4.081E-03
   3.372E-03   4.085E-03
   3.401E-03   4.085E-03
   3.430E-03   4.084E-03
   3.459E-03   4.084E-03
   3.487E-03   4.091E-03
   3.516E-03   4.093E-03
   3.545E-03   4.084E-03
   3.574E-03   4.100E-03
   3.603E-03   4.104E-03
   3.632E-03   4.106E-03
   3.660E-03   4.097E-03
   3.689E-03   4.108E-03
   3.718E-03   4.112E-03
   3.747E-03   4.117E-03
   3.776E-03   4.116E-03
   3.805E-03   4.119E-03
   3.833E-03   4.136E-03
   3.862E-03   4.134E-03
   3.891E-03   4.141E-03
   3.920E-03   4.150E-03
   3.949E-03   4.145E-03
   3.977E-03   4.164E-03
   4.006E-03   4.161E-03
   4.035E-03   4.172E-03
   4.064E-03   4.172E-03
   4.093E-03   4.184E-03
   4.122E-03   4.183E-03
   4.150E-03   4.196E-03
   4.179E-03   4.200E-03
   4.208E-03   4.212E-03
   4.237E-03   4.219E-03
   4.266E-03   4.223E-03
   4.294E-03   4.236E-03
   4.323E-03   4.238E-03
   4.352E-03   4.250E-03
   4.381E-03   4.261E-03
   4.410E-03   4.278E-03
   4.439E-03   4.287E-03
   4.467E-03   4.282E-03
   4.496E-03   4.295E-03
   4.525E-03   4.312E-03
   4.554E-03   4.309E-03
   4.583E-03   4.324E-03
   4.612E-03   4.338E-03
   4.640E-03   4.346E-03
   4.669E-03   4.352E-03
   4.698E-03   4.373E-03
   4.727E-03   4.371E-03
   4.756E-03   4.401E-03
   4.784E-03   4.404E-03
   4.813E-03   4.408E-03
   4.842E-03   4.428E-03
   4.871E-03   4.448E-03
   4.900E-03   4.454E-03
   4.929E-03   4.462E-03
   4.957E-03   4.488E-03
   4.986E-03   4.498E-03
   5.015E-03   4.511E-03
   5.044E-03   4.530E-03
   5.073E-03   4.539E-03
   5.102E-03   4.556E-03
   5.130E-03   4.567E-03
   5.159E-03   4.589E-03
   5.188E-03   4.602E-03
   5.217E-03   4.616E-03
   5.246E-03   4.641E-03
   5.274E-03   4.645E-03
   5.303E-03   4.675E-03
   5.332E-03   4.690E-03
   5.361E-03   4.698E-03
   5.390E-03   4.716E-03
   5.419E-03   4.741E-03
   5.447E-03   4.759E-03
   5.476E-03   4.785E-03
   5.505E-03   4.791E-03
   5.534E-03   4.811E-03
   5.563E-03   4.831E-03
   5.591E-03   4.840E-03
   5.620E-03   4.878E-03
   5.649E-03   4.887E-03
   5.678E-03   4.903E-03
   5.707E-03   4.937E-03
   5.736E-03   4.945E-03
   5.764E-03   4.984E-03
   5.793E-03   4.991E-03
   5.822E-03   5.023E-03
   5.851E-03   5.045E-03
   5.880E-03   5.070E-03
   5.909E-03   5.084E-03
   5.937E-03   5.115E-03
   5.966E-03   5.128E-03
   5.995E-03   5.153E-03
   6.024E-03   5.184E-03
   6.053E-03   5.203E-03
   6.081E-03   5.218E-03
   6.110E-03   5.254E-03
   6.139E-03   5.286E-03
   6.168E-03   5.291E-03
   6.197E-03   5.345E-03
   6.226E-03   5.365E-03
   6.254E-03   5.370E-03
   6.283E-03   5.398E-03
   6.312E-03   5.436E-03
   6.341E-03   5.459E-03
   6.370E-03   5.508E-03
   6.398E-03   5.527E-03
   6.427E-03   5.562E-03
   6.456E-03   5.589E-03
   6.485E-03   5.616E-03
   6.514E-03   5.657E-03
   6.543E-03   5.691E-03
   6.571E-03   5.730E-03
   6.600E-03   5.744E-03
   6.629E-03   5.793E-03
   6.658E-03   5.827E-03
   6.687E-03   5.867E-03
   6.716E-03   5.892E-03
   6.744E-03   5.955E-03
   6.773E-03   5.985E-03
   6.802E-03   6.009E-03
   6.831E-03   6.061E-03
   6.860E-03   6.095E-03
   6.888E-03   6.143E-03
   6.917E-03   6.178E-03
   6.946E-03   6.204E-03
   6.975E-03   6.241E-03
   7.004E-03   6.298E-03
   7.033E-03   6.337E-03
   7.061E-03   6.384E-03
   7.090E-03   6.435E-03
   7.119E-03   6.468E-03
   7.148E-03   6.522E-03
   7.177E-03   6.607E-03
   7.206E-03   6.609E-03
   7.234E-03   6.687E-03
   7.263E-03   6.735E-03
   7.292E-03   6.792E-03
   7.321E-03   6.832E-03
   7.350E-03   6.905E-03
   7.378E-03   6.952E-03
   7.407E-03   7.015E-03
   7.436E-03   7.078E-03
   7.465E-03   7.169E-03
   7.494E-03   7.192E-03
   7.523E-03   7.257E-03
   7.551E-03   7.319E-03
   7.580E-03   7.387E-03
   7.609E-03   7.442E-03
   7.638E-03   7.532E-03
   7.667E-03   7.595E-03
   7.695E-03   7.676E-03
   7.724E-03   7.717E-03
   7.753E-03   7.800E-03
   7.782E-03   7.887E-03
   7.811E-03   7.926E-03
   7.840E-03   8.015E-03
   7.868E-03   8.092E-03
   7.897E-03   8.186E-03
   7.926E-03   8.248E-03
   7.955E-03   8.325E-03
   7.984E-03   8.442E-03
   8.013E-03   8.498E-03
   8.041E-03   8.601E-03
   8.070E-03   8.707E-03
   8.099E-03   8.775E-03
   8.128E-03   8.879E-03
   8.157E-03   8.997E-03
   8.185E-03   9.088E-03
   8.214E-03   9.209E-03
   8.243E-03   9.329E-03
   8.272E-03   9.371E-03
   8.301E-03   9.529E-03
   8.330E-03   9.632E-03
   8.358E-03   9.760E-03
   8.387E-03   9.835E-03
   8.416E-03   9.976E-03
   8.445E-03   1.010E-02
   8.474E-03   1.023E-02
   8.503E-03   1.037E-02
   8.531E-03   1.050E-02
   8.560E-03   1.063E-02
   8.589E-03   1.079E-02
   8.618E-03   1.091E-02
   8.647E-03   1.106E-02
   8.675E-03   1.118E-02
   8.704E-03   1.135E-02
   8.733E-03   1.150E-02
   8.762E-03   1.166E-02
   8.791E-03   1.182E-02
   8.820E-03   1.204E-02
   8.848E-03   1.218E-02
   8.877E-03   1.234E-02
   8.906E-03   1.252E-02
   8.935E-03   1.275E-02
   8.964E-03   1.291E-02
   8.992E-03   1.315E-02
   9.021E-03   1.336E-02
   9.050E-03   1.358E-02
   9.079E-03   1.380E-02
   9.108E-03   1.402E-02
   9.137E-03   1.429E-02
   9.165E-03   1.452E-02
   9.194E-03   1.477E-02
   9.223E-03   1.502E-02
   9.252E-03   1.535E-02
   9.281E-03   1.559E-02
   9.310E-03   1.585E-02
   9.338E-03   1.622E-02
   9.367E-03   1.651E-02
   9.396E-03   1.682E-02
   9.425E-03   1.716E-02
   9.454E-03   1.753E-02
   9.482E-03   1.787E-02
   9.511E-03   1.824E-02
   9.540E-03   1.867E-02
   9.569E-03   1.908E-02
   9.598E-03   1.949E-02
   9.627E-03   1.997E-02
   9.655E-03   2.033E-02
   9.684E-03   2.086E-02
   9.713E-03   2.140E-02
   9.742E-03   2.189E-02
   9.771E-03   2.243E-02
   9.799E-03   2.296E-02
   9.828E-03   2.355E-02
   9.857E-03   2.421E-02
   9.886E-03   2.478E-02
   9.915E-03   2.544E-02
   9.944E-03   2.618E-02
   9.972E-03   2.689E-02
   1.000E-02   2.773E-02
   1.003E-02   2.864E-02
   1.006E-02   2.944E-02
   1.009E-02   3.037E-02
   1.012E-02   3.137E-02
   1.015E-02   3.239E-02
   1.017E-02   3.362E-02
   1.020E-02   3.476E-02
   1.023E-02   3.603E-02
   1.026E-02   3.721E-02
   1.029E-02   3.864E-02
   1.032E-02   4.015E-02
   1.035E-02   4.181E-02
   1.038E-02   4.355E-02
   1.040E-02   4.544E-02
   1.043E-02   4.728E-02
   1.046E-02   4.969E-02
   1.049E-02   5.200E-02
   1.052E-02   5.430E-02
   1.055E-02   5.685E-02
   1.058E-02   5.993E-02
   1.061E-02   6.359E-02
   1.064E-02   6.722E-02
   1.066E-02   7.110E-02
   1.069E-02   7.544E-02
   1.072E-02   8.075E-02
   1.075E-02   8.587E-02
   1.078E-02   9.213E-02
   1.081E-02   9.872E-02
   1.084E-02   1.062E-01
   1.087E-02   1.144E-01
   1.089E-02   1.239E-01
   1.092E-02   1.344E-01
   1.095E-02   1.459E-01
   1.098E-02   1.571E-01
   1.101E-02   1.713E-01
   1.104E-02   1.848E-01
   1.107E-02   1.998E-01
   1.110E-02   2.172E-01
   1.113E-02   2.352E-01
   1.115E-02   2.549E-01
   1.118E-02   2.750E-01
   1.121E-02   2.989E-01
   1.124E-02   3.273E-01
   1.127E-02   3.589E-01
   1.130E-02   3.996E-01
   1.133E-02   4.519E-01
   1.136E-02   5.202E-01
   1.138E-02   6.162E-01
   1.141E-02   7.586E-01
   1.144E-02   9.909E-01
   1.147E-02   1.433E+00
   1.150E-02   2.431E+06
