   2.980E+02   3.664E+01
   3.015E+02   1.242E+00
   3.050E+02   1.518E+00
   3.085E+02   1.833E+00
   3.121E+02   2.224E+00
   3.156E+02   2.670E+00
   3.191E+02   3.133E+00
   3.226E+02   3.597E+00
   3.261E+02   4.060E+00
   3.296E+02   4.522E+00
   3.331E+02   4.968E+00
   3.367E+02   5.403E+00
   3.402E+02   5.835E+00
   3.437E+02   6.254E+00
   3.472E+02   6.663E+00
   3.507E+02   7.057E+00
   3.542E+02   7.449E+00
   3.577E+02   7.831E+00
   3.612E+02   8.200E+00
   3.648E+02   8.561E+00
   3.683E+02   8.895E+00
   3.718E+02   9.234E+00
   3.753E+02   9.553E+00
   3.788E+02   9.864E+00
   3.823E+02   1.018E+01
   3.858E+02   1.048E+01
   3.894E+02   1.077E+01
   3.929E+02   1.105E+01
   3.964E+02   1.132E+01
   3.999E+02   1.157E+01
   4.034E+02   1.183E+01
   4.069E+02   1.206E+01
   4.104E+02   1.229E+01
   4.140E+02   1.252E+01
   4.175E+02   1.272E+01
   4.210E+02   1.294E+01
   4.245E+02   1.313E+01
   4.280E+02   1.331E+01
   4.315E+02   1.349E+01
   4.350E+02   1.367E+01
   4.386E+02   1.384E+01
   4.421E+02   1.398E+01
   4.456E+02   1.412E+01
   4.491E+02   1.426E+01
   4.526E+02   1.440E+01
   4.561E+02   1.452E+01
   4.596E+02   1.464E+01
   4.631E+02   1.477E+01
   4.667E+02   1.486E+01
   4.702E+02   1.494E+01
   4.737E+02   1.506E+01
   4.772E+02   1.513E+01
   4.807E+02   1.523E+01
   4.842E+02   1.530E+01
   4.877E+02   1.536E+01
   4.913E+02   1.544E+01
   4.948E+02   1.550E+01
   4.983E+02   1.553E+01
   5.018E+02   1.559E+01
   5.053E+02   1.562E+01
   5.088E+02   1.567E+01
   5.123E+02   1.570E+01
   5.159E+02   1.571E+01
   5.194E+02   1.575E+01
   5.229E+02   1.578E+01
   5.264E+02   1.577E+01
   5.299E+02   1.577E+01
   5.334E+02   1.578E+01
   5.369E+02   1.580E+01
   5.405E+02   1.576E+01
   5.440E+02   1.576E+01
   5.475E+02   1.573E+01
   5.510E+02   1.573E+01
   5.545E+02   1.572E+01
   5.580E+02   1.568E+01
   5.615E+02   1.565E+01
   5.650E+02   1.561E+01
   5.686E+02   1.562E+01
   5.721E+02   1.555E+01
   5.756E+02   1.549E+01
   5.791E+02   1.547E+01
   5.826E+02   1.543E+01
   5.861E+02   1.534E+01
   5.896E+02   1.531E+01
   5.932E+02   1.525E+01
   5.967E+02   1.517E+01
   6.002E+02   1.513E+01
   6.037E+02   1.505E+01
   6.072E+02   1.498E+01
   6.107E+02   1.491E+01
   6.142E+02   1.482E+01
   6.178E+02   1.477E+01
   6.213E+02   1.468E+01
   6.248E+02   1.457E+01
   6.283E+02   1.451E+01
   6.318E+02   1.443E+01
   6.353E+02   1.435E+01
   6.388E+02   1.427E+01
   6.424E+02   1.416E+01
   6.459E+02   1.407E+01
   6.494E+02   1.397E+01
   6.529E+02   1.386E+01
   6.564E+02   1.379E+01
   6.599E+02   1.369E+01
   6.634E+02   1.357E+01
   6.669E+02   1.347E+01
   6.705E+02   1.337E+01
   6.740E+02   1.326E+01
   6.775E+02   1.316E+01
   6.810E+02   1.306E+01
   6.845E+02   1.295E+01
   6.880E+02   1.284E+01
   6.915E+02   1.275E+01
   6.951E+02   1.265E+01
   6.986E+02   1.253E+01
   7.021E+02   1.243E+01
   7.056E+02   1.231E+01
   7.091E+02   1.221E+01
   7.126E+02   1.212E+01
   7.161E+02   1.200E+01
   7.197E+02   1.191E+01
   7.232E+02   1.180E+01
   7.267E+02   1.169E+01
   7.302E+02   1.158E+01
   7.337E+02   1.148E+01
   7.372E+02   1.138E+01
   7.407E+02   1.129E+01
   7.443E+02   1.118E+01
   7.478E+02   1.109E+01
   7.513E+02   1.101E+01
   7.548E+02   1.091E+01
   7.583E+02   1.082E+01
   7.618E+02   1.073E+01
   7.653E+02   1.064E+01
   7.688E+02   1.056E+01
   7.724E+02   1.048E+01
   7.759E+02   1.040E+01
   7.794E+02   1.033E+01
   7.829E+02   1.026E+01
   7.864E+02   1.018E+01
   7.899E+02   1.012E+01
   7.934E+02   1.007E+01
   7.970E+02   1.001E+01
   8.005E+02   9.951E+00
   8.040E+02   9.906E+00
   8.075E+02   9.866E+00
   8.110E+02   9.825E+00
   8.145E+02   9.792E+00
   8.180E+02   9.767E+00
   8.216E+02   9.744E+00
   8.251E+02   9.729E+00
   8.286E+02   9.701E+00
   8.321E+02   9.698E+00
   8.356E+02   9.697E+00
   8.391E+02   9.707E+00
   8.426E+02   9.715E+00
   8.462E+02   9.723E+00
   8.497E+02   9.749E+00
   8.532E+02   9.787E+00
   8.567E+02   9.809E+00
   8.602E+02   9.836E+00
   8.637E+02   9.888E+00
   8.672E+02   9.934E+00
   8.707E+02   1.001E+01
   8.743E+02   1.005E+01
   8.778E+02   1.013E+01
   8.813E+02   1.019E+01
   8.848E+02   1.029E+01
   8.883E+02   1.036E+01
   8.918E+02   1.044E+01
   8.953E+02   1.055E+01
   8.989E+02   1.067E+01
   9.024E+02   1.078E+01
   9.059E+02   1.090E+01
   9.094E+02   1.101E+01
   9.129E+02   1.113E+01
   9.164E+02   1.126E+01
   9.199E+02   1.138E+01
   9.235E+02   1.152E+01
   9.270E+02   1.167E+01
   9.305E+02   1.181E+01
   9.340E+02   1.195E+01
   9.375E+02   1.211E+01
   9.410E+02   1.227E+01
   9.445E+02   1.242E+01
   9.481E+02   1.258E+01
   9.516E+02   1.274E+01
   9.551E+02   1.290E+01
   9.586E+02   1.307E+01
   9.621E+02   1.325E+01
   9.656E+02   1.341E+01
   9.691E+02   1.359E+01
   9.726E+02   1.376E+01
   9.762E+02   1.393E+01
   9.797E+02   1.412E+01
   9.832E+02   1.429E+01
   9.867E+02   1.445E+01
   9.902E+02   1.466E+01
   9.937E+02   1.483E+01
   9.972E+02   1.499E+01
   1.001E+03   1.518E+01
   1.004E+03   1.539E+01
   1.008E+03   1.555E+01
   1.011E+03   1.573E+01
   1.015E+03   1.592E+01
   1.018E+03   1.609E+01
   1.022E+03   1.625E+01
   1.025E+03   1.644E+01
   1.029E+03   1.659E+01
   1.032E+03   1.678E+01
   1.036E+03   1.693E+01
   1.039E+03   1.711E+01
   1.043E+03   1.728E+01
   1.046E+03   1.745E+01
   1.050E+03   1.760E+01
   1.053E+03   1.778E+01
   1.057E+03   1.791E+01
   1.060E+03   1.808E+01
   1.064E+03   1.821E+01
   1.068E+03   1.835E+01
   1.071E+03   1.849E+01
   1.075E+03   1.862E+01
   1.078E+03   1.876E+01
   1.082E+03   1.891E+01
   1.085E+03   1.900E+01
   1.089E+03   1.914E+01
   1.092E+03   1.924E+01
   1.096E+03   1.936E+01
   1.099E+03   1.946E+01
   1.103E+03   1.954E+01
   1.106E+03   1.964E+01
   1.110E+03   1.971E+01
   1.113E+03   1.981E+01
   1.117E+03   1.987E+01
   1.120E+03   1.994E+01
   1.124E+03   2.000E+01
   1.127E+03   2.004E+01
   1.131E+03   2.010E+01
   1.134E+03   2.013E+01
   1.138E+03   2.014E+01
   1.141E+03   2.017E+01
   1.145E+03   2.018E+01
   1.148E+03   2.017E+01
   1.152E+03   2.018E+01
   1.155E+03   2.016E+01
   1.159E+03   2.013E+01
   1.162E+03   2.011E+01
   1.166E+03   2.006E+01
   1.169E+03   2.001E+01
   1.173E+03   1.993E+01
   1.176E+03   1.987E+01
   1.180E+03   1.978E+01
   1.183E+03   1.970E+01
   1.187E+03   1.961E+01
   1.191E+03   1.948E+01
   1.194E+03   1.935E+01
   1.198E+03   1.923E+01
   1.201E+03   1.907E+01
   1.205E+03   1.893E+01
   1.208E+03   1.877E+01
   1.212E+03   1.858E+01
   1.215E+03   1.842E+01
   1.219E+03   1.824E+01
   1.222E+03   1.803E+01
   1.226E+03   1.782E+01
   1.229E+03   1.759E+01
   1.233E+03   1.735E+01
   1.236E+03   1.711E+01
   1.240E+03   1.683E+01
   1.243E+03   1.660E+01
   1.247E+03   1.631E+01
   1.250E+03   1.601E+01
   1.254E+03   1.572E+01
   1.257E+03   1.541E+01
   1.261E+03   1.509E+01
   1.264E+03   1.476E+01
   1.268E+03   1.444E+01
   1.271E+03   1.409E+01
   1.275E+03   1.372E+01
   1.278E+03   1.336E+01
   1.282E+03   1.298E+01
   1.285E+03   1.261E+01
   1.289E+03   1.221E+01
   1.292E+03   1.184E+01
   1.296E+03   1.145E+01
   1.299E+03   1.106E+01
   1.303E+03   1.067E+01
   1.306E+03   1.027E+01
   1.310E+03   9.882E+00
   1.313E+03   9.491E+00
   1.317E+03   9.098E+00
   1.321E+03   8.705E+00
   1.324E+03   8.319E+00
   1.328E+03   7.953E+00
   1.331E+03   7.571E+00
   1.335E+03   7.194E+00
   1.338E+03   6.796E+00
   1.342E+03   6.400E+00
   1.345E+03   6.018E+00
   1.349E+03   5.654E+00
   1.352E+03   5.321E+00
   1.356E+03   4.994E+00
   1.359E+03   4.662E+00
   1.363E+03   4.302E+00
   1.366E+03   3.970E+00
   1.370E+03   3.665E+00
   1.373E+03   3.382E+00
   1.377E+03   3.132E+00
   1.380E+03   2.899E+00
   1.384E+03   2.689E+00
   1.387E+03   2.511E+00
   1.391E+03   2.355E+00
   1.394E+03   2.260E+00
   1.398E+03   2.207E+00
   1.401E+03   2.187E+00
   1.405E+03   2.209E+00
   1.408E+03   2.253E+00
   1.412E+03   2.348E+00
   1.415E+03   2.501E+00
   1.419E+03   2.672E+00
   1.422E+03   2.834E+00
   1.426E+03   3.012E+00
   1.429E+03   3.227E+00
   1.433E+03   3.456E+00
   1.436E+03   3.689E+00
   1.440E+03   3.913E+00
   1.443E+03   4.133E+00
   1.447E+03   4.357E+00
   1.451E+03   4.570E+00
   1.454E+03   4.760E+00
   1.458E+03   4.937E+00
   1.461E+03   5.113E+00
   1.465E+03   5.270E+00
   1.468E+03   5.419E+00
   1.472E+03   5.562E+00
   1.475E+03   5.704E+00
   1.479E+03   5.831E+00
   1.482E+03   5.948E+00
   1.486E+03   6.056E+00
   1.489E+03   6.142E+00
   1.493E+03   6.224E+00
   1.496E+03   6.314E+00
   1.500E+03   6.390E+00
   1.503E+03   6.470E+00
   1.507E+03   6.547E+00
   1.510E+03   6.626E+00
   1.514E+03   6.690E+00
   1.517E+03   6.740E+00
   1.521E+03   6.786E+00
   1.524E+03   6.817E+00
   1.528E+03   6.855E+00
   1.531E+03   6.873E+00
   1.535E+03   6.880E+00
   1.538E+03   6.901E+00
   1.542E+03   6.901E+00
   1.545E+03   6.909E+00
   1.549E+03   6.910E+00
   1.552E+03   6.901E+00
   1.556E+03   6.882E+00
   1.559E+03   6.856E+00
   1.563E+03   6.828E+00
   1.566E+03   6.793E+00
   1.570E+03   6.749E+00
   1.574E+03   6.695E+00
   1.577E+03   6.644E+00
   1.581E+03   6.581E+00
   1.584E+03   6.524E+00
   1.588E+03   6.469E+00
   1.591E+03   6.424E+00
   1.595E+03   6.363E+00
   1.598E+03   6.297E+00
   1.602E+03   6.219E+00
   1.605E+03   6.160E+00
   1.609E+03   6.112E+00
   1.612E+03   6.021E+00
   1.616E+03   5.948E+00
   1.619E+03   5.864E+00
   1.623E+03   5.779E+00
   1.626E+03   5.703E+00
   1.630E+03   5.617E+00
   1.633E+03   5.517E+00
   1.637E+03   5.426E+00
   1.640E+03   5.331E+00
   1.644E+03   5.234E+00
   1.647E+03   5.137E+00
   1.651E+03   5.037E+00
   1.654E+03   4.951E+00
   1.658E+03   4.841E+00
   1.661E+03   4.721E+00
   1.665E+03   4.640E+00
   1.668E+03   4.563E+00
   1.672E+03   4.441E+00
   1.675E+03   4.343E+00
   1.679E+03   4.272E+00
   1.682E+03   4.207E+00
   1.686E+03   4.086E+00
   1.689E+03   3.948E+00
   1.693E+03   3.769E+00
   1.696E+03   3.633E+00
   1.700E+03   3.357E+00
