   2.980E+02   1.121E+01
   3.015E+02   6.252E+00
   3.050E+02   1.029E+01
   3.085E+02   1.415E+01
   3.121E+02   1.795E+01
   3.156E+02   2.173E+01
   3.191E+02   2.543E+01
   3.226E+02   2.909E+01
   3.261E+02   3.270E+01
   3.296E+02   3.629E+01
   3.331E+02   3.979E+01
   3.367E+02   4.322E+01
   3.402E+02   4.669E+01
   3.437E+02   5.008E+01
   3.472E+02   5.342E+01
   3.507E+02   5.671E+01
   3.542E+02   6.003E+01
   3.577E+02   6.330E+01
   3.612E+02   6.653E+01
   3.648E+02   6.981E+01
   3.683E+02   7.288E+01
   3.718E+02   7.603E+01
   3.753E+02   7.909E+01
   3.788E+02   8.215E+01
   3.823E+02   8.532E+01
   3.858E+02   8.829E+01
   3.894E+02   9.134E+01
   3.929E+02   9.433E+01
   3.964E+02   9.732E+01
   3.999E+02   1.002E+02
   4.034E+02   1.032E+02
   4.069E+02   1.059E+02
   4.104E+02   1.087E+02
   4.140E+02   1.116E+02
   4.175E+02   1.143E+02
   4.210E+02   1.172E+02
   4.245E+02   1.199E+02
   4.280E+02   1.226E+02
   4.315E+02   1.252E+02
   4.350E+02   1.279E+02
   4.386E+02   1.306E+02
   4.421E+02   1.331E+02
   4.456E+02   1.356E+02
   4.491E+02   1.381E+02
   4.526E+02   1.407E+02
   4.561E+02   1.432E+02
   4.596E+02   1.456E+02
   4.631E+02   1.481E+02
   4.667E+02   1.504E+02
   4.702E+02   1.528E+02
   4.737E+02   1.554E+02
   4.772E+02   1.576E+02
   4.807E+02   1.601E+02
   4.842E+02   1.624E+02
   4.877E+02   1.646E+02
   4.913E+02   1.670E+02
   4.948E+02   1.690E+02
   4.983E+02   1.713E+02
   5.018E+02   1.735E+02
   5.053E+02   1.755E+02
   5.088E+02   1.778E+02
   5.123E+02   1.800E+02
   5.159E+02   1.820E+02
   5.194E+02   1.841E+02
   5.229E+02   1.861E+02
   5.264E+02   1.881E+02
   5.299E+02   1.901E+02
   5.334E+02   1.923E+02
   5.369E+02   1.942E+02
   5.405E+02   1.962E+02
   5.440E+02   1.980E+02
   5.475E+02   1.999E+02
   5.510E+02   2.019E+02
   5.545E+02   2.040E+02
   5.580E+02   2.054E+02
   5.615E+02   2.071E+02
   5.650E+02   2.091E+02
   5.686E+02   2.111E+02
   5.721E+02   2.128E+02
   5.756E+02   2.143E+02
   5.791E+02   2.164E+02
   5.826E+02   2.180E+02
   5.861E+02   2.198E+02
   5.896E+02   2.212E+02
   5.932E+02   2.230E+02
   5.967E+02   2.244E+02
   6.002E+02   2.262E+02
   6.037E+02   2.278E+02
   6.072E+02   2.292E+02
   6.107E+02   2.309E+02
   6.142E+02   2.325E+02
   6.178E+02   2.339E+02
   6.213E+02   2.352E+02
   6.248E+02   2.364E+02
   6.283E+02   2.381E+02
   6.318E+02   2.396E+02
   6.353E+02   2.410E+02
   6.388E+02   2.425E+02
   6.424E+02   2.437E+02
   6.459E+02   2.450E+02
   6.494E+02   2.463E+02
   6.529E+02   2.477E+02
   6.564E+02   2.489E+02
   6.599E+02   2.501E+02
   6.634E+02   2.511E+02
   6.669E+02   2.524E+02
   6.705E+02   2.536E+02
   6.740E+02   2.548E+02
   6.775E+02   2.561E+02
   6.810E+02   2.571E+02
   6.845E+02   2.584E+02
   6.880E+02   2.591E+02
   6.915E+02   2.606E+02
   6.951E+02   2.615E+02
   6.986E+02   2.625E+02
   7.021E+02   2.637E+02
   7.056E+02   2.646E+02
   7.091E+02   2.655E+02
   7.126E+02   2.666E+02
   7.161E+02   2.674E+02
   7.197E+02   2.685E+02
   7.232E+02   2.695E+02
   7.267E+02   2.701E+02
   7.302E+02   2.711E+02
   7.337E+02   2.721E+02
   7.372E+02   2.731E+02
   7.407E+02   2.737E+02
   7.443E+02   2.746E+02
   7.478E+02   2.752E+02
   7.513E+02   2.761E+02
   7.548E+02   2.770E+02
   7.583E+02   2.777E+02
   7.618E+02   2.787E+02
   7.653E+02   2.793E+02
   7.688E+02   2.800E+02
   7.724E+02   2.807E+02
   7.759E+02   2.813E+02
   7.794E+02   2.820E+02
   7.829E+02   2.827E+02
   7.864E+02   2.833E+02
   7.899E+02   2.841E+02
   7.934E+02   2.847E+02
   7.970E+02   2.852E+02
   8.005E+02   2.857E+02
   8.040E+02   2.864E+02
   8.075E+02   2.867E+02
   8.110E+02   2.875E+02
   8.145E+02   2.880E+02
   8.180E+02   2.888E+02
   8.216E+02   2.892E+02
   8.251E+02   2.898E+02
   8.286E+02   2.902E+02
   8.321E+02   2.907E+02
   8.356E+02   2.913E+02
   8.391E+02   2.915E+02
   8.426E+02   2.919E+02
   8.462E+02   2.922E+02
   8.497E+02   2.928E+02
   8.532E+02   2.930E+02
   8.567E+02   2.939E+02
   8.602E+02   2.937E+02
   8.637E+02   2.942E+02
   8.672E+02   2.943E+02
   8.707E+02   2.950E+02
   8.743E+02   2.951E+02
   8.778E+02   2.954E+02
   8.813E+02   2.956E+02
   8.848E+02   2.959E+02
   8.883E+02   2.959E+02
   8.918E+02   2.961E+02
   8.953E+02   2.962E+02
   8.989E+02   2.965E+02
   9.024E+02   2.967E+02
   9.059E+02   2.967E+02
   9.094E+02   2.967E+02
   9.129E+02   2.968E+02
   9.164E+02   2.968E+02
   9.199E+02   2.970E+02
   9.235E+02   2.970E+02
   9.270E+02   2.972E+02
   9.305E+02   2.972E+02
   9.340E+02   2.969E+02
   9.375E+02   2.969E+02
   9.410E+02   2.967E+02
   9.445E+02   2.968E+02
   9.481E+02   2.968E+02
   9.516E+02   2.961E+02
   9.551E+02   2.962E+02
   9.586E+02   2.959E+02
   9.621E+02   2.961E+02
   9.656E+02   2.955E+02
   9.691E+02   2.954E+02
   9.726E+02   2.950E+02
   9.762E+02   2.946E+02
   9.797E+02   2.945E+02
   9.832E+02   2.938E+02
   9.867E+02   2.934E+02
   9.902E+02   2.933E+02
   9.937E+02   2.925E+02
   9.972E+02   2.917E+02
   1.001E+03   2.913E+02
   1.004E+03   2.911E+02
   1.008E+03   2.904E+02
   1.011E+03   2.895E+02
   1.015E+03   2.890E+02
   1.018E+03   2.883E+02
   1.022E+03   2.875E+02
   1.025E+03   2.866E+02
   1.029E+03   2.857E+02
   1.032E+03   2.848E+02
   1.036E+03   2.838E+02
   1.039E+03   2.830E+02
   1.043E+03   2.821E+02
   1.046E+03   2.810E+02
   1.050E+03   2.798E+02
   1.053E+03   2.790E+02
   1.057E+03   2.775E+02
   1.060E+03   2.767E+02
   1.064E+03   2.749E+02
   1.068E+03   2.737E+02
   1.071E+03   2.724E+02
   1.075E+03   2.709E+02
   1.078E+03   2.697E+02
   1.082E+03   2.683E+02
   1.085E+03   2.664E+02
   1.089E+03   2.650E+02
   1.092E+03   2.633E+02
   1.096E+03   2.617E+02
   1.099E+03   2.599E+02
   1.103E+03   2.578E+02
   1.106E+03   2.561E+02
   1.110E+03   2.542E+02
   1.113E+03   2.525E+02
   1.117E+03   2.502E+02
   1.120E+03   2.482E+02
   1.124E+03   2.461E+02
   1.127E+03   2.438E+02
   1.131E+03   2.416E+02
   1.134E+03   2.394E+02
   1.138E+03   2.366E+02
   1.141E+03   2.344E+02
   1.145E+03   2.317E+02
   1.148E+03   2.290E+02
   1.152E+03   2.265E+02
   1.155E+03   2.239E+02
   1.159E+03   2.210E+02
   1.162E+03   2.184E+02
   1.166E+03   2.154E+02
   1.169E+03   2.125E+02
   1.173E+03   2.093E+02
   1.176E+03   2.063E+02
   1.180E+03   2.031E+02
   1.183E+03   2.000E+02
   1.187E+03   1.968E+02
   1.191E+03   1.933E+02
   1.194E+03   1.899E+02
   1.198E+03   1.865E+02
   1.201E+03   1.829E+02
   1.205E+03   1.795E+02
   1.208E+03   1.759E+02
   1.212E+03   1.723E+02
   1.215E+03   1.688E+02
   1.219E+03   1.653E+02
   1.222E+03   1.616E+02
   1.226E+03   1.578E+02
   1.229E+03   1.540E+02
   1.233E+03   1.502E+02
   1.236E+03   1.463E+02
   1.240E+03   1.422E+02
   1.243E+03   1.386E+02
   1.247E+03   1.346E+02
   1.250E+03   1.305E+02
   1.254E+03   1.266E+02
   1.257E+03   1.226E+02
   1.261E+03   1.185E+02
   1.264E+03   1.145E+02
   1.268E+03   1.106E+02
   1.271E+03   1.066E+02
   1.275E+03   1.024E+02
   1.278E+03   9.844E+01
   1.282E+03   9.433E+01
   1.285E+03   9.040E+01
   1.289E+03   8.638E+01
   1.292E+03   8.260E+01
   1.296E+03   7.874E+01
   1.299E+03   7.497E+01
   1.303E+03   7.127E+01
   1.306E+03   6.757E+01
   1.310E+03   6.402E+01
   1.313E+03   6.055E+01
   1.317E+03   5.712E+01
   1.321E+03   5.371E+01
   1.324E+03   5.046E+01
   1.328E+03   4.743E+01
   1.331E+03   4.434E+01
   1.335E+03   4.137E+01
   1.338E+03   3.833E+01
   1.342E+03   3.538E+01
   1.345E+03   3.262E+01
   1.349E+03   3.002E+01
   1.352E+03   2.767E+01
   1.356E+03   2.541E+01
   1.359E+03   2.316E+01
   1.363E+03   2.084E+01
   1.366E+03   1.876E+01
   1.370E+03   1.691E+01
   1.373E+03   1.522E+01
   1.377E+03   1.376E+01
   1.380E+03   1.244E+01
   1.384E+03   1.125E+01
   1.387E+03   1.026E+01
   1.391E+03   9.399E+00
   1.394E+03   8.861E+00
   1.398E+03   8.536E+00
   1.401E+03   8.384E+00
   1.405E+03   8.479E+00
   1.408E+03   8.676E+00
   1.412E+03   9.170E+00
   1.415E+03   9.950E+00
   1.419E+03   1.080E+01
   1.422E+03   1.163E+01
   1.426E+03   1.252E+01
   1.429E+03   1.360E+01
   1.433E+03   1.477E+01
   1.436E+03   1.595E+01
   1.440E+03   1.709E+01
   1.443E+03   1.819E+01
   1.447E+03   1.931E+01
   1.451E+03   2.038E+01
   1.454E+03   2.132E+01
   1.458E+03   2.219E+01
   1.461E+03   2.307E+01
   1.465E+03   2.386E+01
   1.468E+03   2.460E+01
   1.472E+03   2.528E+01
   1.475E+03   2.595E+01
   1.479E+03   2.654E+01
   1.482E+03   2.705E+01
   1.486E+03   2.749E+01
   1.489E+03   2.783E+01
   1.493E+03   2.815E+01
   1.496E+03   2.848E+01
   1.500E+03   2.877E+01
   1.503E+03   2.907E+01
   1.507E+03   2.933E+01
   1.510E+03   2.960E+01
   1.514E+03   2.981E+01
   1.517E+03   2.997E+01
   1.521E+03   3.011E+01
   1.524E+03   3.014E+01
   1.528E+03   3.020E+01
   1.531E+03   3.022E+01
   1.535E+03   3.019E+01
   1.538E+03   3.019E+01
   1.542E+03   3.012E+01
   1.545E+03   3.008E+01
   1.549E+03   3.001E+01
   1.552E+03   2.987E+01
   1.556E+03   2.969E+01
   1.559E+03   2.950E+01
   1.563E+03   2.931E+01
   1.566E+03   2.910E+01
   1.570E+03   2.884E+01
   1.574E+03   2.855E+01
   1.577E+03   2.821E+01
   1.581E+03   2.787E+01
   1.584E+03   2.755E+01
   1.588E+03   2.723E+01
   1.591E+03   2.697E+01
   1.595E+03   2.662E+01
   1.598E+03   2.626E+01
   1.602E+03   2.594E+01
   1.605E+03   2.567E+01
   1.609E+03   2.545E+01
   1.612E+03   2.507E+01
   1.616E+03   2.477E+01
   1.619E+03   2.439E+01
   1.623E+03   2.400E+01
   1.626E+03   2.367E+01
   1.630E+03   2.332E+01
   1.633E+03   2.291E+01
   1.637E+03   2.249E+01
   1.640E+03   2.207E+01
   1.644E+03   2.169E+01
   1.647E+03   2.125E+01
   1.651E+03   2.083E+01
   1.654E+03   2.040E+01
   1.658E+03   1.986E+01
   1.661E+03   1.931E+01
   1.665E+03   1.901E+01
   1.668E+03   1.868E+01
   1.672E+03   1.818E+01
   1.675E+03   1.783E+01
   1.679E+03   1.766E+01
   1.682E+03   1.747E+01
   1.686E+03   1.701E+01
   1.689E+03   1.648E+01
   1.693E+03   1.585E+01
   1.696E+03   1.533E+01
   1.700E+03   1.360E+01
