   0.000E+00   2.370E-03
   2.882E-05   2.338E-02
   5.764E-05   3.551E-02
   8.647E-05   4.474E-02
   1.153E-04   5.268E-02
   1.441E-04   5.996E-02
   1.729E-04   6.681E-02
   2.018E-04   7.374E-02
   2.306E-04   8.064E-02
   2.594E-04   8.748E-02
   2.882E-04   9.436E-02
   3.170E-04   1.013E-01
   3.459E-04   1.086E-01
   3.747E-04   1.160E-01
   4.035E-04   1.237E-01
   4.323E-04   1.316E-01
   4.612E-04   1.398E-01
   4.900E-04   1.482E-01
   5.188E-04   1.567E-01
   5.476E-04   1.655E-01
   5.764E-04   1.743E-01
   6.053E-04   1.832E-01
   6.341E-04   1.922E-01
   6.629E-04   2.014E-01
   6.917E-04   2.106E-01
   7.206E-04   2.198E-01
   7.494E-04   2.290E-01
   7.782E-04   2.384E-01
   8.070E-04   2.475E-01
   8.358E-04   2.569E-01
   8.647E-04   2.659E-01
   8.935E-04   2.753E-01
   9.223E-04   2.846E-01
   9.511E-04   2.936E-01
   9.799E-04   3.028E-01
   1.009E-03   3.120E-01
   1.038E-03   3.212E-01
   1.066E-03   3.302E-01
   1.095E-03   3.396E-01
   1.124E-03   3.489E-01
   1.153E-03   3.580E-01
   1.182E-03   3.671E-01
   1.211E-03   3.763E-01
   1.239E-03   3.855E-01
   1.268E-03   3.950E-01
   1.297E-03   4.040E-01
   1.326E-03   4.133E-01
   1.355E-03   4.226E-01
   1.383E-03   4.319E-01
   1.412E-03   4.412E-01
   1.441E-03   4.504E-01
   1.470E-03   4.600E-01
   1.499E-03   4.690E-01
   1.528E-03   4.786E-01
   1.556E-03   4.880E-01
   1.585E-03   4.971E-01
   1.614E-03   5.069E-01
   1.643E-03   5.166E-01
   1.672E-03   5.260E-01
   1.701E-03   5.354E-01
   1.729E-03   5.451E-01
   1.758E-03   5.548E-01
   1.787E-03   5.643E-01
   1.816E-03   5.741E-01
   1.845E-03   5.841E-01
   1.873E-03   5.936E-01
   1.902E-03   6.027E-01
   1.931E-03   6.129E-01
   1.960E-03   6.226E-01
   1.989E-03   6.324E-01
   2.018E-03   6.426E-01
   2.046E-03   6.524E-01
   2.075E-03   6.624E-01
   2.104E-03   6.726E-01
   2.133E-03   6.828E-01
   2.162E-03   6.923E-01
   2.190E-03   7.028E-01
   2.219E-03   7.126E-01
   2.248E-03   7.227E-01
   2.277E-03   7.327E-01
   2.306E-03   7.428E-01
   2.335E-03   7.535E-01
   2.363E-03   7.632E-01
   2.392E-03   7.736E-01
   2.421E-03   7.839E-01
   2.450E-03   7.942E-01
   2.479E-03   8.049E-01
   2.508E-03   8.152E-01
   2.536E-03   8.252E-01
   2.565E-03   8.358E-01
   2.594E-03   8.465E-01
   2.623E-03   8.565E-01
   2.652E-03   8.666E-01
   2.680E-03   8.772E-01
   2.709E-03   8.878E-01
   2.738E-03   8.974E-01
   2.767E-03   9.080E-01
   2.796E-03   9.187E-01
   2.825E-03   9.294E-01
   2.853E-03   9.398E-01
   2.882E-03   9.507E-01
   2.911E-03   9.610E-01
   2.940E-03   9.714E-01
   2.969E-03   9.827E-01
   2.997E-03   9.934E-01
   3.026E-03   1.004E+00
   3.055E-03   1.014E+00
   3.084E-03   1.024E+00
   3.113E-03   1.035E+00
   3.142E-03   1.047E+00
   3.170E-03   1.057E+00
   3.199E-03   1.068E+00
   3.228E-03   1.078E+00
   3.257E-03   1.088E+00
   3.286E-03   1.100E+00
   3.315E-03   1.110E+00
   3.343E-03   1.121E+00
   3.372E-03   1.131E+00
   3.401E-03   1.142E+00
   3.430E-03   1.152E+00
   3.459E-03   1.164E+00
   3.487E-03   1.174E+00
   3.516E-03   1.184E+00
   3.545E-03   1.194E+00
   3.574E-03   1.205E+00
   3.603E-03   1.215E+00
   3.632E-03   1.225E+00
   3.660E-03   1.237E+00
   3.689E-03   1.247E+00
   3.718E-03   1.256E+00
   3.747E-03   1.268E+00
   3.776E-03   1.278E+00
   3.805E-03   1.289E+00
   3.833E-03   1.297E+00
   3.862E-03   1.307E+00
   3.891E-03   1.318E+00
   3.920E-03   1.327E+00
   3.949E-03   1.338E+00
   3.977E-03   1.347E+00
   4.006E-03   1.358E+00
   4.035E-03   1.367E+00
   4.064E-03   1.378E+00
   4.093E-03   1.387E+00
   4.122E-03   1.397E+00
   4.150E-03   1.405E+00
   4.179E-03   1.417E+00
   4.208E-03   1.425E+00
   4.237E-03   1.432E+00
   4.266E-03   1.443E+00
   4.294E-03   1.452E+00
   4.323E-03   1.462E+00
   4.352E-03   1.469E+00
   4.381E-03   1.479E+00
   4.410E-03   1.486E+00
   4.439E-03   1.494E+00
   4.467E-03   1.503E+00
   4.496E-03   1.513E+00
   4.525E-03   1.520E+00
   4.554E-03   1.529E+00
   4.583E-03   1.536E+00
   4.612E-03   1.544E+00
   4.640E-03   1.553E+00
   4.669E-03   1.561E+00
   4.698E-03   1.566E+00
   4.727E-03   1.576E+00
   4.756E-03   1.581E+00
   4.784E-03   1.589E+00
   4.813E-03   1.596E+00
   4.842E-03   1.601E+00
   4.871E-03   1.608E+00
   4.900E-03   1.616E+00
   4.929E-03   1.622E+00
   4.957E-03   1.627E+00
   4.986E-03   1.634E+00
   5.015E-03   1.640E+00
   5.044E-03   1.645E+00
   5.073E-03   1.649E+00
   5.102E-03   1.654E+00
   5.130E-03   1.659E+00
   5.159E-03   1.664E+00
   5.188E-03   1.670E+00
   5.217E-03   1.674E+00
   5.246E-03   1.677E+00
   5.274E-03   1.683E+00
   5.303E-03   1.684E+00
   5.332E-03   1.687E+00
   5.361E-03   1.693E+00
   5.390E-03   1.696E+00
   5.419E-03   1.698E+00
   5.447E-03   1.703E+00
   5.476E-03   1.702E+00
   5.505E-03   1.707E+00
   5.534E-03   1.707E+00
   5.563E-03   1.709E+00
   5.591E-03   1.711E+00
   5.620E-03   1.711E+00
   5.649E-03   1.712E+00
   5.678E-03   1.714E+00
   5.707E-03   1.714E+00
   5.736E-03   1.714E+00
   5.764E-03   1.715E+00
   5.793E-03   1.715E+00
   5.822E-03   1.714E+00
   5.851E-03   1.712E+00
   5.880E-03   1.713E+00
   5.909E-03   1.711E+00
   5.937E-03   1.709E+00
   5.966E-03   1.710E+00
   5.995E-03   1.706E+00
   6.024E-03   1.706E+00
   6.053E-03   1.702E+00
   6.081E-03   1.700E+00
   6.110E-03   1.698E+00
   6.139E-03   1.695E+00
   6.168E-03   1.693E+00
   6.197E-03   1.688E+00
   6.226E-03   1.685E+00
   6.254E-03   1.684E+00
   6.283E-03   1.678E+00
   6.312E-03   1.675E+00
   6.341E-03   1.669E+00
   6.370E-03   1.665E+00
   6.398E-03   1.660E+00
   6.427E-03   1.657E+00
   6.456E-03   1.653E+00
   6.485E-03   1.649E+00
   6.514E-03   1.644E+00
   6.543E-03   1.639E+00
   6.571E-03   1.634E+00
   6.600E-03   1.629E+00
   6.629E-03   1.625E+00
   6.658E-03   1.622E+00
   6.687E-03   1.619E+00
   6.716E-03   1.613E+00
   6.744E-03   1.607E+00
   6.773E-03   1.603E+00
   6.802E-03   1.599E+00
   6.831E-03   1.595E+00
   6.860E-03   1.593E+00
   6.888E-03   1.588E+00
   6.917E-03   1.587E+00
   6.946E-03   1.581E+00
   6.975E-03   1.578E+00
   7.004E-03   1.578E+00
   7.033E-03   1.575E+00
   7.061E-03   1.574E+00
   7.090E-03   1.574E+00
   7.119E-03   1.575E+00
   7.148E-03   1.575E+00
   7.177E-03   1.570E+00
   7.206E-03   1.576E+00
   7.234E-03   1.577E+00
   7.263E-03   1.578E+00
   7.292E-03   1.581E+00
   7.321E-03   1.585E+00
   7.350E-03   1.587E+00
   7.378E-03   1.592E+00
   7.407E-03   1.597E+00
   7.436E-03   1.602E+00
   7.465E-03   1.607E+00
   7.494E-03   1.615E+00
   7.523E-03   1.623E+00
   7.551E-03   1.631E+00
   7.580E-03   1.640E+00
   7.609E-03   1.651E+00
   7.638E-03   1.661E+00
   7.667E-03   1.669E+00
   7.695E-03   1.683E+00
   7.724E-03   1.697E+00
   7.753E-03   1.708E+00
   7.782E-03   1.725E+00
   7.811E-03   1.741E+00
   7.840E-03   1.760E+00
   7.868E-03   1.775E+00
   7.897E-03   1.792E+00
   7.926E-03   1.809E+00
   7.955E-03   1.829E+00
   7.984E-03   1.846E+00
   8.013E-03   1.867E+00
   8.041E-03   1.888E+00
   8.070E-03   1.909E+00
   8.099E-03   1.927E+00
   8.128E-03   1.953E+00
   8.157E-03   1.972E+00
   8.185E-03   2.000E+00
   8.214E-03   2.022E+00
   8.243E-03   2.046E+00
   8.272E-03   2.074E+00
   8.301E-03   2.097E+00
   8.330E-03   2.121E+00
   8.358E-03   2.146E+00
   8.387E-03   2.172E+00
   8.416E-03   2.194E+00
   8.445E-03   2.222E+00
   8.474E-03   2.246E+00
   8.503E-03   2.271E+00
   8.531E-03   2.296E+00
   8.560E-03   2.321E+00
   8.589E-03   2.346E+00
   8.618E-03   2.369E+00
   8.647E-03   2.393E+00
   8.675E-03   2.415E+00
   8.704E-03   2.438E+00
   8.733E-03   2.460E+00
   8.762E-03   2.479E+00
   8.791E-03   2.500E+00
   8.820E-03   2.516E+00
   8.848E-03   2.534E+00
   8.877E-03   2.549E+00
   8.906E-03   2.567E+00
   8.935E-03   2.582E+00
   8.964E-03   2.598E+00
   8.992E-03   2.601E+00
   9.021E-03   2.617E+00
   9.050E-03   2.626E+00
   9.079E-03   2.631E+00
   9.108E-03   2.636E+00
   9.137E-03   2.641E+00
   9.165E-03   2.643E+00
   9.194E-03   2.645E+00
   9.223E-03   2.647E+00
   9.252E-03   2.643E+00
   9.281E-03   2.639E+00
   9.310E-03   2.639E+00
   9.338E-03   2.628E+00
   9.367E-03   2.617E+00
   9.396E-03   2.608E+00
   9.425E-03   2.595E+00
   9.454E-03   2.584E+00
   9.482E-03   2.566E+00
   9.511E-03   2.547E+00
   9.540E-03   2.527E+00
   9.569E-03   2.506E+00
   9.598E-03   2.484E+00
   9.627E-03   2.461E+00
   9.655E-03   2.439E+00
   9.684E-03   2.408E+00
   9.713E-03   2.378E+00
   9.742E-03   2.347E+00
   9.771E-03   2.315E+00
   9.799E-03   2.279E+00
   9.828E-03   2.248E+00
   9.857E-03   2.214E+00
   9.886E-03   2.176E+00
   9.915E-03   2.135E+00
   9.944E-03   2.100E+00
   9.972E-03   2.057E+00
   1.000E-02   2.017E+00
   1.003E-02   1.971E+00
   1.006E-02   1.926E+00
   1.009E-02   1.884E+00
   1.012E-02   1.839E+00
   1.015E-02   1.792E+00
   1.017E-02   1.745E+00
   1.020E-02   1.698E+00
   1.023E-02   1.651E+00
   1.026E-02   1.604E+00
   1.029E-02   1.557E+00
   1.032E-02   1.508E+00
   1.035E-02   1.458E+00
   1.038E-02   1.408E+00
   1.040E-02   1.360E+00
   1.043E-02   1.309E+00
   1.046E-02   1.261E+00
   1.049E-02   1.213E+00
   1.052E-02   1.164E+00
   1.055E-02   1.114E+00
   1.058E-02   1.068E+00
   1.061E-02   1.019E+00
   1.064E-02   9.719E-01
   1.066E-02   9.230E-01
   1.069E-02   8.772E-01
   1.072E-02   8.300E-01
   1.075E-02   7.859E-01
   1.078E-02   7.415E-01
   1.081E-02   6.989E-01
   1.084E-02   6.545E-01
   1.087E-02   6.135E-01
   1.089E-02   5.719E-01
   1.092E-02   5.310E-01
   1.095E-02   4.919E-01
   1.098E-02   4.543E-01
   1.101E-02   4.167E-01
   1.104E-02   3.811E-01
   1.107E-02   3.462E-01
   1.110E-02   3.129E-01
   1.113E-02   2.810E-01
   1.115E-02   2.496E-01
   1.118E-02   2.207E-01
   1.121E-02   1.928E-01
   1.124E-02   1.667E-01
   1.127E-02   1.428E-01
   1.130E-02   1.202E-01
   1.133E-02   9.987E-02
   1.136E-02   8.094E-02
   1.138E-02   6.403E-02
   1.141E-02   4.870E-02
   1.144E-02   3.522E-02
   1.147E-02   2.322E-02
   1.150E-02   4.738E-04
