   0.000E+00   4.895E+03
   2.882E-05   3.125E+01
   5.764E-05   1.218E+01
   8.647E-05   6.984E+00
   1.153E-04   4.755E+00
   1.441E-04   3.524E+00
   1.729E-04   2.771E+00
   2.018E-04   2.203E+00
   2.306E-04   1.820E+00
   2.594E-04   1.549E+00
   2.882E-04   1.342E+00
   3.170E-04   1.171E+00
   3.459E-04   1.025E+00
   3.747E-04   9.013E-01
   4.035E-04   7.974E-01
   4.323E-04   7.052E-01
   4.612E-04   6.270E-01
   4.900E-04   5.622E-01
   5.188E-04   5.062E-01
   5.476E-04   4.563E-01
   5.764E-04   4.154E-01
   6.053E-04   3.790E-01
   6.341E-04   3.471E-01
   6.629E-04   3.199E-01
   6.917E-04   2.963E-01
   7.206E-04   2.764E-01
   7.494E-04   2.582E-01
   7.782E-04   2.425E-01
   8.070E-04   2.290E-01
   8.358E-04   2.173E-01
   8.647E-04   2.066E-01
   8.935E-04   1.973E-01
   9.223E-04   1.890E-01
   9.511E-04   1.816E-01
   9.799E-04   1.747E-01
   1.009E-03   1.684E-01
   1.038E-03   1.629E-01
   1.066E-03   1.576E-01
   1.095E-03   1.526E-01
   1.124E-03   1.481E-01
   1.153E-03   1.440E-01
   1.182E-03   1.403E-01
   1.211E-03   1.368E-01
   1.239E-03   1.335E-01
   1.268E-03   1.302E-01
   1.297E-03   1.273E-01
   1.326E-03   1.245E-01
   1.355E-03   1.217E-01
   1.383E-03   1.193E-01
   1.412E-03   1.169E-01
   1.441E-03   1.147E-01
   1.470E-03   1.128E-01
   1.499E-03   1.107E-01
   1.528E-03   1.087E-01
   1.556E-03   1.068E-01
   1.585E-03   1.050E-01
   1.614E-03   1.034E-01
   1.643E-03   1.018E-01
   1.672E-03   1.002E-01
   1.701E-03   9.880E-02
   1.729E-03   9.740E-02
   1.758E-03   9.604E-02
   1.787E-03   9.488E-02
   1.816E-03   9.364E-02
   1.845E-03   9.234E-02
   1.873E-03   9.129E-02
   1.902E-03   9.012E-02
   1.931E-03   8.902E-02
   1.960E-03   8.799E-02
   1.989E-03   8.692E-02
   2.018E-03   8.601E-02
   2.046E-03   8.519E-02
   2.075E-03   8.415E-02
   2.104E-03   8.321E-02
   2.133E-03   8.247E-02
   2.162E-03   8.153E-02
   2.190E-03   8.066E-02
   2.219E-03   7.991E-02
   2.248E-03   7.910E-02
   2.277E-03   7.842E-02
   2.306E-03   7.774E-02
   2.335E-03   7.710E-02
   2.363E-03   7.640E-02
   2.392E-03   7.581E-02
   2.421E-03   7.527E-02
   2.450E-03   7.461E-02
   2.479E-03   7.408E-02
   2.508E-03   7.349E-02
   2.536E-03   7.298E-02
   2.565E-03   7.243E-02
   2.594E-03   7.192E-02
   2.623E-03   7.140E-02
   2.652E-03   7.085E-02
   2.680E-03   7.052E-02
   2.709E-03   7.001E-02
   2.738E-03   6.958E-02
   2.767E-03   6.930E-02
   2.796E-03   6.883E-02
   2.825E-03   6.843E-02
   2.853E-03   6.791E-02
   2.882E-03   6.750E-02
   2.911E-03   6.709E-02
   2.940E-03   6.670E-02
   2.969E-03   6.636E-02
   2.997E-03   6.598E-02
   3.026E-03   6.557E-02
   3.055E-03   6.532E-02
   3.084E-03   6.499E-02
   3.113E-03   6.456E-02
   3.142E-03   6.420E-02
   3.170E-03   6.397E-02
   3.199E-03   6.363E-02
   3.228E-03   6.327E-02
   3.257E-03   6.306E-02
   3.286E-03   6.276E-02
   3.315E-03   6.243E-02
   3.343E-03   6.206E-02
   3.372E-03   6.187E-02
   3.401E-03   6.157E-02
   3.430E-03   6.129E-02
   3.459E-03   6.101E-02
   3.487E-03   6.082E-02
   3.516E-03   6.058E-02
   3.545E-03   6.021E-02
   3.574E-03   6.012E-02
   3.603E-03   5.986E-02
   3.632E-03   5.968E-02
   3.660E-03   5.938E-02
   3.689E-03   5.920E-02
   3.718E-03   5.896E-02
   3.747E-03   5.878E-02
   3.776E-03   5.850E-02
   3.805E-03   5.831E-02
   3.833E-03   5.827E-02
   3.862E-03   5.800E-02
   3.891E-03   5.780E-02
   3.920E-03   5.762E-02
   3.949E-03   5.736E-02
   3.977E-03   5.730E-02
   4.006E-03   5.708E-02
   4.035E-03   5.698E-02
   4.064E-03   5.672E-02
   4.093E-03   5.656E-02
   4.122E-03   5.639E-02
   4.150E-03   5.623E-02
   4.179E-03   5.608E-02
   4.208E-03   5.597E-02
   4.237E-03   5.588E-02
   4.266E-03   5.568E-02
   4.294E-03   5.556E-02
   4.323E-03   5.543E-02
   4.352E-03   5.532E-02
   4.381E-03   5.515E-02
   4.410E-03   5.515E-02
   4.439E-03   5.510E-02
   4.467E-03   5.484E-02
   4.496E-03   5.470E-02
   4.525E-03   5.468E-02
   4.554E-03   5.442E-02
   4.583E-03   5.436E-02
   4.612E-03   5.425E-02
   4.640E-03   5.421E-02
   4.669E-03   5.401E-02
   4.698E-03   5.402E-02
   4.727E-03   5.380E-02
   4.756E-03   5.385E-02
   4.784E-03   5.374E-02
   4.813E-03   5.360E-02
   4.842E-03   5.355E-02
   4.871E-03   5.350E-02
   4.900E-03   5.349E-02
   4.929E-03   5.342E-02
   4.957E-03   5.336E-02
   4.986E-03   5.334E-02
   5.015E-03   5.328E-02
   5.044E-03   5.318E-02
   5.073E-03   5.306E-02
   5.102E-03   5.305E-02
   5.130E-03   5.303E-02
   5.159E-03   5.303E-02
   5.188E-03   5.300E-02
   5.217E-03   5.290E-02
   5.246E-03   5.291E-02
   5.274E-03   5.278E-02
   5.303E-03   5.283E-02
   5.332E-03   5.278E-02
   5.361E-03   5.267E-02
   5.390E-03   5.266E-02
   5.419E-03   5.267E-02
   5.447E-03   5.260E-02
   5.476E-03   5.261E-02
   5.505E-03   5.251E-02
   5.534E-03   5.257E-02
   5.563E-03   5.262E-02
   5.591E-03   5.251E-02
   5.620E-03   5.248E-02
   5.649E-03   5.252E-02
   5.678E-03   5.243E-02
   5.707E-03   5.258E-02
   5.736E-03   5.248E-02
   5.764E-03   5.266E-02
   5.793E-03   5.261E-02
   5.822E-03   5.261E-02
   5.851E-03   5.261E-02
   5.880E-03   5.257E-02
   5.909E-03   5.258E-02
   5.937E-03   5.258E-02
   5.966E-03   5.248E-02
   5.995E-03   5.261E-02
   6.024E-03   5.265E-02
   6.053E-03   5.257E-02
   6.081E-03   5.261E-02
   6.110E-03   5.259E-02
   6.139E-03   5.262E-02
   6.168E-03   5.256E-02
   6.197E-03   5.273E-02
   6.226E-03   5.268E-02
   6.254E-03   5.265E-02
   6.283E-03   5.274E-02
   6.312E-03   5.277E-02
   6.341E-03   5.282E-02
   6.370E-03   5.291E-02
   6.398E-03   5.293E-02
   6.427E-03   5.307E-02
   6.456E-03   5.307E-02
   6.485E-03   5.303E-02
   6.514E-03   5.308E-02
   6.543E-03   5.320E-02
   6.571E-03   5.331E-02
   6.600E-03   5.329E-02
   6.629E-03   5.346E-02
   6.658E-03   5.349E-02
   6.687E-03   5.358E-02
   6.716E-03   5.371E-02
   6.744E-03   5.381E-02
   6.773E-03   5.405E-02
   6.802E-03   5.398E-02
   6.831E-03   5.413E-02
   6.860E-03   5.425E-02
   6.888E-03   5.431E-02
   6.917E-03   5.437E-02
   6.946E-03   5.445E-02
   6.975E-03   5.457E-02
   7.004E-03   5.476E-02
   7.033E-03   5.484E-02
   7.061E-03   5.493E-02
   7.090E-03   5.499E-02
   7.119E-03   5.505E-02
   7.148E-03   5.519E-02
   7.177E-03   5.550E-02
   7.206E-03   5.545E-02
   7.234E-03   5.566E-02
   7.263E-03   5.585E-02
   7.292E-03   5.598E-02
   7.321E-03   5.608E-02
   7.350E-03   5.630E-02
   7.378E-03   5.639E-02
   7.407E-03   5.667E-02
   7.436E-03   5.683E-02
   7.465E-03   5.717E-02
   7.494E-03   5.717E-02
   7.523E-03   5.733E-02
   7.551E-03   5.759E-02
   7.580E-03   5.781E-02
   7.609E-03   5.797E-02
   7.638E-03   5.823E-02
   7.667E-03   5.859E-02
   7.695E-03   5.888E-02
   7.724E-03   5.900E-02
   7.753E-03   5.948E-02
   7.782E-03   5.960E-02
   7.811E-03   5.975E-02
   7.840E-03   5.988E-02
   7.868E-03   6.023E-02
   7.897E-03   6.038E-02
   7.926E-03   6.057E-02
   7.955E-03   6.085E-02
   7.984E-03   6.133E-02
   8.013E-03   6.149E-02
   8.041E-03   6.176E-02
   8.070E-03   6.206E-02
   8.099E-03   6.227E-02
   8.128E-03   6.247E-02
   8.157E-03   6.287E-02
   8.185E-03   6.299E-02
   8.214E-03   6.323E-02
   8.243E-03   6.361E-02
   8.272E-03   6.386E-02
   8.301E-03   6.420E-02
   8.330E-03   6.454E-02
   8.358E-03   6.496E-02
   8.387E-03   6.518E-02
   8.416E-03   6.567E-02
   8.445E-03   6.607E-02
   8.474E-03   6.655E-02
   8.503E-03   6.691E-02
   8.531E-03   6.730E-02
   8.560E-03   6.770E-02
   8.589E-03   6.812E-02
   8.618E-03   6.852E-02
   8.647E-03   6.895E-02
   8.675E-03   6.963E-02
   8.704E-03   7.012E-02
   8.733E-03   7.044E-02
   8.762E-03   7.086E-02
   8.791E-03   7.156E-02
   8.820E-03   7.211E-02
   8.848E-03   7.250E-02
   8.877E-03   7.314E-02
   8.906E-03   7.368E-02
   8.935E-03   7.429E-02
   8.964E-03   7.488E-02
   8.992E-03   7.560E-02
   9.021E-03   7.619E-02
   9.050E-03   7.675E-02
   9.079E-03   7.746E-02
   9.108E-03   7.823E-02
   9.137E-03   7.885E-02
   9.165E-03   7.962E-02
   9.194E-03   8.044E-02
   9.223E-03   8.113E-02
   9.252E-03   8.201E-02
   9.281E-03   8.283E-02
   9.310E-03   8.334E-02
   9.338E-03   8.439E-02
   9.367E-03   8.522E-02
   9.396E-03   8.598E-02
   9.425E-03   8.695E-02
   9.454E-03   8.764E-02
   9.482E-03   8.877E-02
   9.511E-03   8.977E-02
   9.540E-03   9.071E-02
   9.569E-03   9.177E-02
   9.598E-03   9.260E-02
   9.627E-03   9.363E-02
   9.655E-03   9.473E-02
   9.684E-03   9.611E-02
   9.713E-03   9.711E-02
   9.742E-03   9.844E-02
   9.771E-03   9.940E-02
   9.799E-03   1.009E-01
   9.828E-03   1.020E-01
   9.857E-03   1.034E-01
   9.886E-03   1.049E-01
   9.915E-03   1.063E-01
   9.944E-03   1.078E-01
   9.972E-03   1.095E-01
   1.000E-02   1.114E-01
   1.003E-02   1.134E-01
   1.006E-02   1.155E-01
   1.009E-02   1.172E-01
   1.012E-02   1.192E-01
   1.015E-02   1.216E-01
   1.017E-02   1.242E-01
   1.020E-02   1.266E-01
   1.023E-02   1.287E-01
   1.026E-02   1.311E-01
   1.029E-02   1.332E-01
   1.032E-02   1.359E-01
   1.035E-02   1.388E-01
   1.038E-02   1.417E-01
   1.040E-02   1.449E-01
   1.043E-02   1.482E-01
   1.046E-02   1.518E-01
   1.049E-02   1.549E-01
   1.052E-02   1.593E-01
   1.055E-02   1.631E-01
   1.058E-02   1.670E-01
   1.061E-02   1.713E-01
   1.064E-02   1.763E-01
   1.066E-02   1.811E-01
   1.069E-02   1.869E-01
   1.072E-02   1.929E-01
   1.075E-02   1.983E-01
   1.078E-02   2.046E-01
   1.081E-02   2.108E-01
   1.084E-02   2.188E-01
   1.087E-02   2.269E-01
   1.089E-02   2.375E-01
   1.092E-02   2.499E-01
   1.095E-02   2.567E-01
   1.098E-02   2.675E-01
   1.101E-02   2.796E-01
   1.104E-02   2.930E-01
   1.107E-02   3.099E-01
   1.110E-02   3.266E-01
   1.113E-02   3.463E-01
   1.115E-02   3.703E-01
   1.118E-02   3.990E-01
   1.121E-02   4.312E-01
   1.124E-02   4.713E-01
   1.127E-02   5.167E-01
   1.130E-02   5.761E-01
   1.133E-02   6.425E-01
   1.136E-02   7.309E-01
   1.138E-02   8.473E-01
   1.141E-02   1.027E+00
   1.144E-02   1.301E+00
   1.147E-02   1.795E+00
   1.150E-02   4.290E+07
