   2.980E+02   1.621E-04
   3.015E+02   5.686E-03
   3.050E+02   1.101E-02
   3.085E+02   1.764E-02
   3.121E+02   2.582E-02
   3.156E+02   3.544E-02
   3.191E+02   4.675E-02
   3.226E+02   5.953E-02
   3.261E+02   7.406E-02
   3.296E+02   8.990E-02
   3.331E+02   1.077E-01
   3.367E+02   1.269E-01
   3.402E+02   1.476E-01
   3.437E+02   1.704E-01
   3.472E+02   1.936E-01
   3.507E+02   2.190E-01
   3.542E+02   2.460E-01
   3.577E+02   2.754E-01
   3.612E+02   3.049E-01
   3.648E+02   3.376E-01
   3.683E+02   3.691E-01
   3.718E+02   4.041E-01
   3.753E+02   4.392E-01
   3.788E+02   4.758E-01
   3.823E+02   5.151E-01
   3.858E+02   5.540E-01
   3.894E+02   5.951E-01
   3.929E+02   6.374E-01
   3.964E+02   6.798E-01
   3.999E+02   7.225E-01
   4.034E+02   7.680E-01
   4.069E+02   8.130E-01
   4.104E+02   8.597E-01
   4.140E+02   9.081E-01
   4.175E+02   9.552E-01
   4.210E+02   1.006E+00
   4.245E+02   1.053E+00
   4.280E+02   1.103E+00
   4.315E+02   1.152E+00
   4.350E+02   1.204E+00
   4.386E+02   1.257E+00
   4.421E+02   1.307E+00
   4.456E+02   1.356E+00
   4.491E+02   1.410E+00
   4.526E+02   1.462E+00
   4.561E+02   1.513E+00
   4.596E+02   1.566E+00
   4.631E+02   1.620E+00
   4.667E+02   1.669E+00
   4.702E+02   1.719E+00
   4.737E+02   1.774E+00
   4.772E+02   1.823E+00
   4.807E+02   1.876E+00
   4.842E+02   1.927E+00
   4.877E+02   1.975E+00
   4.913E+02   2.028E+00
   4.948E+02   2.072E+00
   4.983E+02   2.122E+00
   5.018E+02   2.169E+00
   5.053E+02   2.213E+00
   5.088E+02   2.260E+00
   5.123E+02   2.308E+00
   5.159E+02   2.347E+00
   5.194E+02   2.395E+00
   5.229E+02   2.437E+00
   5.264E+02   2.475E+00
   5.299E+02   2.516E+00
   5.334E+02   2.556E+00
   5.369E+02   2.595E+00
   5.405E+02   2.630E+00
   5.440E+02   2.663E+00
   5.475E+02   2.697E+00
   5.510E+02   2.733E+00
   5.545E+02   2.766E+00
   5.580E+02   2.791E+00
   5.615E+02   2.818E+00
   5.650E+02   2.847E+00
   5.686E+02   2.881E+00
   5.721E+02   2.901E+00
   5.756E+02   2.918E+00
   5.791E+02   2.946E+00
   5.826E+02   2.969E+00
   5.861E+02   2.984E+00
   5.896E+02   3.002E+00
   5.932E+02   3.019E+00
   5.967E+02   3.029E+00
   6.002E+02   3.046E+00
   6.037E+02   3.058E+00
   6.072E+02   3.064E+00
   6.107E+02   3.076E+00
   6.142E+02   3.084E+00
   6.178E+02   3.090E+00
   6.213E+02   3.092E+00
   6.248E+02   3.089E+00
   6.283E+02   3.096E+00
   6.318E+02   3.099E+00
   6.353E+02   3.098E+00
   6.388E+02   3.099E+00
   6.424E+02   3.089E+00
   6.459E+02   3.088E+00
   6.494E+02   3.082E+00
   6.529E+02   3.075E+00
   6.564E+02   3.069E+00
   6.599E+02   3.061E+00
   6.634E+02   3.048E+00
   6.669E+02   3.037E+00
   6.705E+02   3.026E+00
   6.740E+02   3.015E+00
   6.775E+02   3.003E+00
   6.810E+02   2.989E+00
   6.845E+02   2.976E+00
   6.880E+02   2.959E+00
   6.915E+02   2.948E+00
   6.951E+02   2.932E+00
   6.986E+02   2.914E+00
   7.021E+02   2.900E+00
   7.056E+02   2.882E+00
   7.091E+02   2.865E+00
   7.126E+02   2.850E+00
   7.161E+02   2.832E+00
   7.197E+02   2.816E+00
   7.232E+02   2.800E+00
   7.267E+02   2.782E+00
   7.302E+02   2.764E+00
   7.337E+02   2.749E+00
   7.372E+02   2.734E+00
   7.407E+02   2.715E+00
   7.443E+02   2.700E+00
   7.478E+02   2.683E+00
   7.513E+02   2.670E+00
   7.548E+02   2.658E+00
   7.583E+02   2.643E+00
   7.618E+02   2.633E+00
   7.653E+02   2.619E+00
   7.688E+02   2.607E+00
   7.724E+02   2.595E+00
   7.759E+02   2.585E+00
   7.794E+02   2.576E+00
   7.829E+02   2.567E+00
   7.864E+02   2.559E+00
   7.899E+02   2.554E+00
   7.934E+02   2.549E+00
   7.970E+02   2.542E+00
   8.005E+02   2.540E+00
   8.040E+02   2.538E+00
   8.075E+02   2.535E+00
   8.110E+02   2.537E+00
   8.145E+02   2.538E+00
   8.180E+02   2.543E+00
   8.216E+02   2.545E+00
   8.251E+02   2.551E+00
   8.286E+02   2.557E+00
   8.321E+02   2.566E+00
   8.356E+02   2.576E+00
   8.391E+02   2.584E+00
   8.426E+02   2.595E+00
   8.462E+02   2.609E+00
   8.497E+02   2.623E+00
   8.532E+02   2.639E+00
   8.567E+02   2.658E+00
   8.602E+02   2.674E+00
   8.637E+02   2.697E+00
   8.672E+02   2.719E+00
   8.707E+02   2.744E+00
   8.743E+02   2.769E+00
   8.778E+02   2.794E+00
   8.813E+02   2.822E+00
   8.848E+02   2.851E+00
   8.883E+02   2.881E+00
   8.918E+02   2.913E+00
   8.953E+02   2.947E+00
   8.989E+02   2.983E+00
   9.024E+02   3.020E+00
   9.059E+02   3.058E+00
   9.094E+02   3.098E+00
   9.129E+02   3.139E+00
   9.164E+02   3.180E+00
   9.199E+02   3.226E+00
   9.235E+02   3.272E+00
   9.270E+02   3.320E+00
   9.305E+02   3.370E+00
   9.340E+02   3.418E+00
   9.375E+02   3.469E+00
   9.410E+02   3.520E+00
   9.445E+02   3.575E+00
   9.481E+02   3.631E+00
   9.516E+02   3.682E+00
   9.551E+02   3.742E+00
   9.586E+02   3.801E+00
   9.621E+02   3.864E+00
   9.656E+02   3.920E+00
   9.691E+02   3.983E+00
   9.726E+02   4.044E+00
   9.762E+02   4.108E+00
   9.797E+02   4.176E+00
   9.832E+02   4.236E+00
   9.867E+02   4.303E+00
   9.902E+02   4.374E+00
   9.937E+02   4.439E+00
   9.972E+02   4.504E+00
   1.001E+03   4.574E+00
   1.004E+03   4.648E+00
   1.008E+03   4.715E+00
   1.011E+03   4.782E+00
   1.015E+03   4.855E+00
   1.018E+03   4.926E+00
   1.022E+03   4.999E+00
   1.025E+03   5.066E+00
   1.029E+03   5.138E+00
   1.032E+03   5.207E+00
   1.036E+03   5.277E+00
   1.039E+03   5.351E+00
   1.043E+03   5.422E+00
   1.046E+03   5.490E+00
   1.050E+03   5.558E+00
   1.053E+03   5.635E+00
   1.057E+03   5.698E+00
   1.060E+03   5.771E+00
   1.064E+03   5.830E+00
   1.068E+03   5.898E+00
   1.071E+03   5.965E+00
   1.075E+03   6.026E+00
   1.078E+03   6.095E+00
   1.082E+03   6.157E+00
   1.085E+03   6.212E+00
   1.089E+03   6.274E+00
   1.092E+03   6.331E+00
   1.096E+03   6.390E+00
   1.099E+03   6.442E+00
   1.103E+03   6.488E+00
   1.106E+03   6.541E+00
   1.110E+03   6.588E+00
   1.113E+03   6.641E+00
   1.117E+03   6.678E+00
   1.120E+03   6.718E+00
   1.124E+03   6.757E+00
   1.127E+03   6.790E+00
   1.131E+03   6.823E+00
   1.134E+03   6.856E+00
   1.138E+03   6.871E+00
   1.141E+03   6.897E+00
   1.145E+03   6.912E+00
   1.148E+03   6.924E+00
   1.152E+03   6.937E+00
   1.155E+03   6.946E+00
   1.159E+03   6.947E+00
   1.162E+03   6.950E+00
   1.166E+03   6.944E+00
   1.169E+03   6.935E+00
   1.173E+03   6.915E+00
   1.176E+03   6.895E+00
   1.180E+03   6.871E+00
   1.183E+03   6.845E+00
   1.187E+03   6.810E+00
   1.191E+03   6.767E+00
   1.194E+03   6.720E+00
   1.198E+03   6.672E+00
   1.201E+03   6.616E+00
   1.205E+03   6.560E+00
   1.208E+03   6.494E+00
   1.212E+03   6.424E+00
   1.215E+03   6.355E+00
   1.219E+03   6.282E+00
   1.222E+03   6.200E+00
   1.226E+03   6.108E+00
   1.229E+03   6.014E+00
   1.233E+03   5.914E+00
   1.236E+03   5.808E+00
   1.240E+03   5.691E+00
   1.243E+03   5.590E+00
   1.247E+03   5.468E+00
   1.250E+03   5.336E+00
   1.254E+03   5.210E+00
   1.257E+03   5.081E+00
   1.261E+03   4.939E+00
   1.264E+03   4.797E+00
   1.268E+03   4.661E+00
   1.271E+03   4.515E+00
   1.275E+03   4.355E+00
   1.278E+03   4.203E+00
   1.282E+03   4.041E+00
   1.285E+03   3.883E+00
   1.289E+03   3.720E+00
   1.292E+03   3.563E+00
   1.296E+03   3.401E+00
   1.299E+03   3.239E+00
   1.303E+03   3.080E+00
   1.306E+03   2.918E+00
   1.310E+03   2.761E+00
   1.313E+03   2.606E+00
   1.317E+03   2.451E+00
   1.321E+03   2.295E+00
   1.324E+03   2.146E+00
   1.328E+03   2.006E+00
   1.331E+03   1.862E+00
   1.335E+03   1.724E+00
   1.338E+03   1.583E+00
   1.342E+03   1.446E+00
   1.345E+03   1.317E+00
   1.349E+03   1.196E+00
   1.352E+03   1.086E+00
   1.356E+03   9.813E-01
   1.359E+03   8.781E-01
   1.363E+03   7.740E-01
   1.366E+03   6.816E-01
   1.370E+03   6.000E-01
   1.373E+03   5.264E-01
   1.377E+03   4.639E-01
   1.380E+03   4.087E-01
   1.384E+03   3.606E-01
   1.387E+03   3.215E-01
   1.391E+03   2.887E-01
   1.394E+03   2.686E-01
   1.398E+03   2.575E-01
   1.401E+03   2.543E-01
   1.405E+03   2.610E-01
   1.408E+03   2.730E-01
   1.412E+03   2.975E-01
   1.415E+03   3.347E-01
   1.419E+03   3.780E-01
   1.422E+03   4.232E-01
   1.426E+03   4.742E-01
   1.429E+03   5.365E-01
   1.433E+03   6.060E-01
   1.436E+03   6.792E-01
   1.440E+03   7.534E-01
   1.443E+03   8.292E-01
   1.447E+03   9.086E-01
   1.451E+03   9.873E-01
   1.454E+03   1.062E+00
   1.458E+03   1.135E+00
   1.461E+03   1.210E+00
   1.465E+03   1.282E+00
   1.468E+03   1.353E+00
   1.472E+03   1.422E+00
   1.475E+03   1.491E+00
   1.479E+03   1.555E+00
   1.482E+03   1.615E+00
   1.486E+03   1.670E+00
   1.489E+03   1.721E+00
   1.493E+03   1.770E+00
   1.496E+03   1.820E+00
   1.500E+03   1.865E+00
   1.503E+03   1.913E+00
   1.507E+03   1.958E+00
   1.510E+03   2.004E+00
   1.514E+03   2.043E+00
   1.517E+03   2.079E+00
   1.521E+03   2.113E+00
   1.524E+03   2.140E+00
   1.528E+03   2.169E+00
   1.531E+03   2.194E+00
   1.535E+03   2.214E+00
   1.538E+03   2.236E+00
   1.542E+03   2.253E+00
   1.545E+03   2.269E+00
   1.549E+03   2.280E+00
   1.552E+03   2.285E+00
   1.556E+03   2.286E+00
   1.559E+03   2.286E+00
   1.563E+03   2.282E+00
   1.566E+03   2.282E+00
   1.570E+03   2.276E+00
   1.574E+03   2.268E+00
   1.577E+03   2.255E+00
   1.581E+03   2.242E+00
   1.584E+03   2.233E+00
   1.588E+03   2.220E+00
   1.591E+03   2.213E+00
   1.595E+03   2.199E+00
   1.598E+03   2.186E+00
   1.602E+03   2.174E+00
   1.605E+03   2.161E+00
   1.609E+03   2.157E+00
   1.612E+03   2.138E+00
   1.616E+03   2.121E+00
   1.619E+03   2.104E+00
   1.623E+03   2.086E+00
   1.626E+03   2.071E+00
   1.630E+03   2.052E+00
   1.633E+03   2.030E+00
   1.637E+03   2.005E+00
   1.640E+03   1.981E+00
   1.644E+03   1.961E+00
   1.647E+03   1.934E+00
   1.651E+03   1.912E+00
   1.654E+03   1.887E+00
   1.658E+03   1.864E+00
   1.661E+03   1.834E+00
   1.665E+03   1.823E+00
   1.668E+03   1.806E+00
   1.672E+03   1.790E+00
   1.675E+03   1.784E+00
   1.679E+03   1.790E+00
   1.682E+03   1.785E+00
   1.686E+03   1.752E+00
   1.689E+03   1.724E+00
   1.693E+03   1.689E+00
   1.696E+03   1.659E+00
   1.700E+03   1.550E+00
