   2.980E+02   2.952E-06
   3.015E+02   8.025E-05
   3.050E+02   1.571E-04
   3.085E+02   2.596E-04
   3.121E+02   3.943E-04
   3.156E+02   5.621E-04
   3.191E+02   7.683E-04
   3.226E+02   1.013E-03
   3.261E+02   1.306E-03
   3.296E+02   1.638E-03
   3.331E+02   2.027E-03
   3.367E+02   2.470E-03
   3.402E+02   2.958E-03
   3.437E+02   3.525E-03
   3.472E+02   4.124E-03
   3.507E+02   4.805E-03
   3.542E+02   5.547E-03
   3.577E+02   6.398E-03
   3.612E+02   7.273E-03
   3.648E+02   8.284E-03
   3.683E+02   9.282E-03
   3.718E+02   1.043E-02
   3.753E+02   1.162E-02
   3.788E+02   1.292E-02
   3.823E+02   1.435E-02
   3.858E+02   1.579E-02
   3.894E+02   1.735E-02
   3.929E+02   1.905E-02
   3.964E+02   2.079E-02
   3.999E+02   2.260E-02
   4.034E+02   2.459E-02
   4.069E+02   2.661E-02
   4.104E+02   2.877E-02
   4.140E+02   3.105E-02
   4.175E+02   3.338E-02
   4.210E+02   3.598E-02
   4.245E+02   3.842E-02
   4.280E+02   4.111E-02
   4.315E+02   4.386E-02
   4.350E+02   4.676E-02
   4.386E+02   4.989E-02
   4.421E+02   5.296E-02
   4.456E+02   5.598E-02
   4.491E+02   5.945E-02
   4.526E+02   6.293E-02
   4.561E+02   6.639E-02
   4.596E+02   7.010E-02
   4.631E+02   7.402E-02
   4.667E+02   7.773E-02
   4.702E+02   8.161E-02
   4.737E+02   8.591E-02
   4.772E+02   8.998E-02
   4.807E+02   9.447E-02
   4.842E+02   9.885E-02
   4.877E+02   1.033E-01
   4.913E+02   1.082E-01
   4.948E+02   1.125E-01
   4.983E+02   1.176E-01
   5.018E+02   1.225E-01
   5.053E+02   1.273E-01
   5.088E+02   1.325E-01
   5.123E+02   1.381E-01
   5.159E+02   1.430E-01
   5.194E+02   1.487E-01
   5.229E+02   1.543E-01
   5.264E+02   1.597E-01
   5.299E+02   1.654E-01
   5.334E+02   1.715E-01
   5.369E+02   1.774E-01
   5.405E+02   1.834E-01
   5.440E+02   1.891E-01
   5.475E+02   1.952E-01
   5.510E+02   2.017E-01
   5.545E+02   2.084E-01
   5.580E+02   2.140E-01
   5.615E+02   2.205E-01
   5.650E+02   2.271E-01
   5.686E+02   2.345E-01
   5.721E+02   2.408E-01
   5.756E+02   2.470E-01
   5.791E+02   2.545E-01
   5.826E+02   2.615E-01
   5.861E+02   2.682E-01
   5.896E+02   2.751E-01
   5.932E+02   2.825E-01
   5.967E+02   2.890E-01
   6.002E+02   2.965E-01
   6.037E+02   3.038E-01
   6.072E+02   3.104E-01
   6.107E+02   3.183E-01
   6.142E+02   3.256E-01
   6.178E+02   3.330E-01
   6.213E+02   3.398E-01
   6.248E+02   3.466E-01
   6.283E+02   3.547E-01
   6.318E+02   3.625E-01
   6.353E+02   3.697E-01
   6.388E+02   3.777E-01
   6.424E+02   3.842E-01
   6.459E+02   3.922E-01
   6.494E+02   3.996E-01
   6.529E+02   4.072E-01
   6.564E+02   4.147E-01
   6.599E+02   4.222E-01
   6.634E+02   4.290E-01
   6.669E+02   4.366E-01
   6.705E+02   4.441E-01
   6.740E+02   4.517E-01
   6.775E+02   4.593E-01
   6.810E+02   4.665E-01
   6.845E+02   4.743E-01
   6.880E+02   4.807E-01
   6.915E+02   4.892E-01
   6.951E+02   4.961E-01
   6.986E+02   5.031E-01
   7.021E+02   5.109E-01
   7.056E+02   5.179E-01
   7.091E+02   5.247E-01
   7.126E+02   5.325E-01
   7.161E+02   5.390E-01
   7.197E+02   5.465E-01
   7.232E+02   5.536E-01
   7.267E+02   5.598E-01
   7.302E+02   5.669E-01
   7.337E+02   5.745E-01
   7.372E+02   5.814E-01
   7.407E+02   5.872E-01
   7.443E+02   5.940E-01
   7.478E+02   6.004E-01
   7.513E+02   6.069E-01
   7.548E+02   6.143E-01
   7.583E+02   6.206E-01
   7.618E+02   6.276E-01
   7.653E+02   6.336E-01
   7.688E+02   6.399E-01
   7.724E+02   6.456E-01
   7.759E+02   6.516E-01
   7.794E+02   6.578E-01
   7.829E+02   6.635E-01
   7.864E+02   6.697E-01
   7.899E+02   6.760E-01
   7.934E+02   6.812E-01
   7.970E+02   6.867E-01
   8.005E+02   6.921E-01
   8.040E+02   6.978E-01
   8.075E+02   7.022E-01
   8.110E+02   7.083E-01
   8.145E+02   7.134E-01
   8.180E+02   7.197E-01
   8.216E+02   7.243E-01
   8.251E+02   7.295E-01
   8.286E+02   7.341E-01
   8.321E+02   7.388E-01
   8.356E+02   7.437E-01
   8.391E+02   7.479E-01
   8.426E+02   7.521E-01
   8.462E+02   7.564E-01
   8.497E+02   7.614E-01
   8.532E+02   7.641E-01
   8.567E+02   7.702E-01
   8.602E+02   7.723E-01
   8.637E+02   7.770E-01
   8.672E+02   7.801E-01
   8.707E+02   7.847E-01
   8.743E+02   7.878E-01
   8.778E+02   7.910E-01
   8.813E+02   7.942E-01
   8.848E+02   7.972E-01
   8.883E+02   7.995E-01
   8.918E+02   8.026E-01
   8.953E+02   8.048E-01
   8.989E+02   8.080E-01
   9.024E+02   8.106E-01
   9.059E+02   8.124E-01
   9.094E+02   8.143E-01
   9.129E+02   8.165E-01
   9.164E+02   8.180E-01
   9.199E+02   8.200E-01
   9.235E+02   8.216E-01
   9.270E+02   8.239E-01
   9.305E+02   8.256E-01
   9.340E+02   8.259E-01
   9.375E+02   8.271E-01
   9.410E+02   8.271E-01
   9.445E+02   8.292E-01
   9.481E+02   8.295E-01
   9.516E+02   8.282E-01
   9.551E+02   8.294E-01
   9.586E+02   8.291E-01
   9.621E+02   8.307E-01
   9.656E+02   8.289E-01
   9.691E+02   8.290E-01
   9.726E+02   8.279E-01
   9.762E+02   8.267E-01
   9.797E+02   8.276E-01
   9.832E+02   8.247E-01
   9.867E+02   8.237E-01
   9.902E+02   8.233E-01
   9.937E+02   8.209E-01
   9.972E+02   8.182E-01
   1.001E+03   8.164E-01
   1.004E+03   8.149E-01
   1.008E+03   8.121E-01
   1.011E+03   8.085E-01
   1.015E+03   8.064E-01
   1.018E+03   8.032E-01
   1.022E+03   8.003E-01
   1.025E+03   7.960E-01
   1.029E+03   7.920E-01
   1.032E+03   7.883E-01
   1.036E+03   7.837E-01
   1.039E+03   7.799E-01
   1.043E+03   7.760E-01
   1.046E+03   7.704E-01
   1.050E+03   7.650E-01
   1.053E+03   7.614E-01
   1.057E+03   7.543E-01
   1.060E+03   7.500E-01
   1.064E+03   7.424E-01
   1.068E+03   7.364E-01
   1.071E+03   7.305E-01
   1.075E+03   7.235E-01
   1.078E+03   7.182E-01
   1.082E+03   7.108E-01
   1.085E+03   7.030E-01
   1.089E+03   6.958E-01
   1.092E+03   6.878E-01
   1.096E+03   6.803E-01
   1.099E+03   6.721E-01
   1.103E+03   6.633E-01
   1.106E+03   6.550E-01
   1.110E+03   6.460E-01
   1.113E+03   6.382E-01
   1.117E+03   6.286E-01
   1.120E+03   6.192E-01
   1.124E+03   6.099E-01
   1.127E+03   6.002E-01
   1.131E+03   5.908E-01
   1.134E+03   5.808E-01
   1.138E+03   5.693E-01
   1.141E+03   5.596E-01
   1.145E+03   5.485E-01
   1.148E+03   5.375E-01
   1.152E+03   5.270E-01
   1.155E+03   5.162E-01
   1.159E+03   5.047E-01
   1.162E+03   4.938E-01
   1.166E+03   4.827E-01
   1.169E+03   4.713E-01
   1.173E+03   4.593E-01
   1.176E+03   4.475E-01
   1.180E+03   4.360E-01
   1.183E+03   4.248E-01
   1.187E+03   4.128E-01
   1.191E+03   4.007E-01
   1.194E+03   3.886E-01
   1.198E+03   3.771E-01
   1.201E+03   3.652E-01
   1.205E+03   3.537E-01
   1.208E+03   3.419E-01
   1.212E+03   3.305E-01
   1.215E+03   3.192E-01
   1.219E+03   3.081E-01
   1.222E+03   2.969E-01
   1.226E+03   2.856E-01
   1.229E+03   2.748E-01
   1.233E+03   2.639E-01
   1.236E+03   2.529E-01
   1.240E+03   2.419E-01
   1.243E+03   2.324E-01
   1.247E+03   2.221E-01
   1.250E+03   2.114E-01
   1.254E+03   2.018E-01
   1.257E+03   1.923E-01
   1.261E+03   1.826E-01
   1.264E+03   1.732E-01
   1.268E+03   1.646E-01
   1.271E+03   1.561E-01
   1.275E+03   1.471E-01
   1.278E+03   1.389E-01
   1.282E+03   1.306E-01
   1.285E+03   1.230E-01
   1.289E+03   1.153E-01
   1.292E+03   1.082E-01
   1.296E+03   1.012E-01
   1.299E+03   9.454E-02
   1.303E+03   8.819E-02
   1.306E+03   8.189E-02
   1.310E+03   7.623E-02
   1.313E+03   7.066E-02
   1.317E+03   6.535E-02
   1.321E+03   6.022E-02
   1.324E+03   5.547E-02
   1.328E+03   5.114E-02
   1.331E+03   4.680E-02
   1.335E+03   4.274E-02
   1.338E+03   3.877E-02
   1.342E+03   3.502E-02
   1.345E+03   3.152E-02
   1.349E+03   2.836E-02
   1.352E+03   2.551E-02
   1.356E+03   2.284E-02
   1.359E+03   2.028E-02
   1.363E+03   1.774E-02
   1.366E+03   1.550E-02
   1.370E+03   1.357E-02
   1.373E+03   1.183E-02
   1.377E+03   1.038E-02
   1.380E+03   9.098E-03
   1.384E+03   8.002E-03
   1.387E+03   7.116E-03
   1.391E+03   6.391E-03
   1.394E+03   5.957E-03
   1.398E+03   5.752E-03
   1.401E+03   5.748E-03
   1.405E+03   5.999E-03
   1.408E+03   6.417E-03
   1.412E+03   7.176E-03
   1.415E+03   8.315E-03
   1.419E+03   9.690E-03
   1.422E+03   1.120E-02
   1.426E+03   1.296E-02
   1.429E+03   1.513E-02
   1.433E+03   1.765E-02
   1.436E+03   2.042E-02
   1.440E+03   2.335E-02
   1.443E+03   2.652E-02
   1.447E+03   2.996E-02
   1.451E+03   3.355E-02
   1.454E+03   3.718E-02
   1.458E+03   4.090E-02
   1.461E+03   4.489E-02
   1.465E+03   4.891E-02
   1.468E+03   5.311E-02
   1.472E+03   5.734E-02
   1.475E+03   6.177E-02
   1.479E+03   6.620E-02
   1.482E+03   7.055E-02
   1.486E+03   7.488E-02
   1.489E+03   7.904E-02
   1.493E+03   8.329E-02
   1.496E+03   8.774E-02
   1.500E+03   9.210E-02
   1.503E+03   9.669E-02
   1.507E+03   1.012E-01
   1.510E+03   1.059E-01
   1.514E+03   1.104E-01
   1.517E+03   1.147E-01
   1.521E+03   1.191E-01
   1.524E+03   1.231E-01
   1.528E+03   1.274E-01
   1.531E+03   1.315E-01
   1.535E+03   1.352E-01
   1.538E+03   1.389E-01
   1.542E+03   1.424E-01
   1.545E+03   1.458E-01
   1.549E+03   1.491E-01
   1.552E+03   1.520E-01
   1.556E+03   1.543E-01
   1.559E+03   1.565E-01
   1.563E+03   1.586E-01
   1.566E+03   1.605E-01
   1.570E+03   1.621E-01
   1.574E+03   1.633E-01
   1.577E+03   1.644E-01
   1.581E+03   1.653E-01
   1.584E+03   1.660E-01
   1.588E+03   1.670E-01
   1.591E+03   1.677E-01
   1.595E+03   1.685E-01
   1.598E+03   1.685E-01
   1.602E+03   1.689E-01
   1.605E+03   1.695E-01
   1.609E+03   1.702E-01
   1.612E+03   1.700E-01
   1.616E+03   1.695E-01
   1.619E+03   1.689E-01
   1.623E+03   1.683E-01
   1.626E+03   1.678E-01
   1.630E+03   1.669E-01
   1.633E+03   1.658E-01
   1.637E+03   1.638E-01
   1.640E+03   1.621E-01
   1.644E+03   1.601E-01
   1.647E+03   1.583E-01
   1.651E+03   1.553E-01
   1.654E+03   1.528E-01
   1.658E+03   1.496E-01
   1.661E+03   1.460E-01
   1.665E+03   1.448E-01
   1.668E+03   1.434E-01
   1.672E+03   1.404E-01
   1.675E+03   1.373E-01
   1.679E+03   1.362E-01
   1.682E+03   1.358E-01
   1.686E+03   1.308E-01
   1.689E+03   1.269E-01
   1.693E+03   1.217E-01
   1.696E+03   1.167E-01
   1.700E+03   1.024E-01
