   0.000E+00   7.295E+00
   2.882E-05   2.517E+01
   5.764E-05   3.239E+01
   8.647E-05   3.807E+01
   1.153E-04   4.294E+01
   1.441E-04   4.738E+01
   1.729E-04   5.134E+01
   2.018E-04   5.515E+01
   2.306E-04   5.884E+01
   2.594E-04   6.240E+01
   2.882E-04   6.592E+01
   3.170E-04   6.951E+01
   3.459E-04   7.329E+01
   3.747E-04   7.718E+01
   4.035E-04   8.124E+01
   4.323E-04   8.552E+01
   4.612E-04   8.993E+01
   4.900E-04   9.448E+01
   5.188E-04   9.920E+01
   5.476E-04   1.040E+02
   5.764E-04   1.089E+02
   6.053E-04   1.138E+02
   6.341E-04   1.188E+02
   6.629E-04   1.238E+02
   6.917E-04   1.289E+02
   7.206E-04   1.338E+02
   7.494E-04   1.388E+02
   7.782E-04   1.438E+02
   8.070E-04   1.486E+02
   8.358E-04   1.534E+02
   8.647E-04   1.580E+02
   8.935E-04   1.626E+02
   9.223E-04   1.672E+02
   9.511E-04   1.715E+02
   9.799E-04   1.759E+02
   1.009E-03   1.801E+02
   1.038E-03   1.842E+02
   1.066E-03   1.882E+02
   1.095E-03   1.923E+02
   1.124E-03   1.961E+02
   1.153E-03   2.000E+02
   1.182E-03   2.036E+02
   1.211E-03   2.072E+02
   1.239E-03   2.107E+02
   1.268E-03   2.144E+02
   1.297E-03   2.176E+02
   1.326E-03   2.209E+02
   1.355E-03   2.241E+02
   1.383E-03   2.272E+02
   1.412E-03   2.303E+02
   1.441E-03   2.333E+02
   1.470E-03   2.363E+02
   1.499E-03   2.390E+02
   1.528E-03   2.420E+02
   1.556E-03   2.447E+02
   1.585E-03   2.474E+02
   1.614E-03   2.500E+02
   1.643E-03   2.525E+02
   1.672E-03   2.550E+02
   1.701E-03   2.574E+02
   1.729E-03   2.598E+02
   1.758E-03   2.622E+02
   1.787E-03   2.644E+02
   1.816E-03   2.665E+02
   1.845E-03   2.688E+02
   1.873E-03   2.708E+02
   1.902E-03   2.728E+02
   1.931E-03   2.749E+02
   1.960E-03   2.767E+02
   1.989E-03   2.787E+02
   2.018E-03   2.806E+02
   2.046E-03   2.822E+02
   2.075E-03   2.841E+02
   2.104E-03   2.859E+02
   2.133E-03   2.876E+02
   2.162E-03   2.892E+02
   2.190E-03   2.908E+02
   2.219E-03   2.923E+02
   2.248E-03   2.938E+02
   2.277E-03   2.952E+02
   2.306E-03   2.966E+02
   2.335E-03   2.978E+02
   2.363E-03   2.992E+02
   2.392E-03   3.006E+02
   2.421E-03   3.016E+02
   2.450E-03   3.029E+02
   2.479E-03   3.042E+02
   2.508E-03   3.054E+02
   2.536E-03   3.063E+02
   2.565E-03   3.073E+02
   2.594E-03   3.085E+02
   2.623E-03   3.093E+02
   2.652E-03   3.104E+02
   2.680E-03   3.113E+02
   2.709E-03   3.124E+02
   2.738E-03   3.130E+02
   2.767E-03   3.138E+02
   2.796E-03   3.146E+02
   2.825E-03   3.154E+02
   2.853E-03   3.162E+02
   2.882E-03   3.170E+02
   2.911E-03   3.175E+02
   2.940E-03   3.182E+02
   2.969E-03   3.190E+02
   2.997E-03   3.196E+02
   3.026E-03   3.201E+02
   3.055E-03   3.204E+02
   3.084E-03   3.211E+02
   3.113E-03   3.216E+02
   3.142E-03   3.222E+02
   3.170E-03   3.225E+02
   3.199E-03   3.229E+02
   3.228E-03   3.234E+02
   3.257E-03   3.235E+02
   3.286E-03   3.242E+02
   3.315E-03   3.245E+02
   3.343E-03   3.249E+02
   3.372E-03   3.251E+02
   3.401E-03   3.252E+02
   3.430E-03   3.256E+02
   3.459E-03   3.260E+02
   3.487E-03   3.261E+02
   3.516E-03   3.262E+02
   3.545E-03   3.267E+02
   3.574E-03   3.264E+02
   3.603E-03   3.264E+02
   3.632E-03   3.266E+02
   3.660E-03   3.269E+02
   3.689E-03   3.269E+02
   3.718E-03   3.268E+02
   3.747E-03   3.271E+02
   3.776E-03   3.272E+02
   3.805E-03   3.271E+02
   3.833E-03   3.265E+02
   3.862E-03   3.268E+02
   3.891E-03   3.268E+02
   3.920E-03   3.265E+02
   3.949E-03   3.265E+02
   3.977E-03   3.262E+02
   4.006E-03   3.264E+02
   4.035E-03   3.259E+02
   4.064E-03   3.259E+02
   4.093E-03   3.258E+02
   4.122E-03   3.257E+02
   4.150E-03   3.254E+02
   4.179E-03   3.255E+02
   4.208E-03   3.250E+02
   4.237E-03   3.245E+02
   4.266E-03   3.245E+02
   4.294E-03   3.240E+02
   4.323E-03   3.241E+02
   4.352E-03   3.235E+02
   4.381E-03   3.233E+02
   4.410E-03   3.225E+02
   4.439E-03   3.222E+02
   4.467E-03   3.219E+02
   4.496E-03   3.218E+02
   4.525E-03   3.212E+02
   4.554E-03   3.210E+02
   4.583E-03   3.204E+02
   4.612E-03   3.199E+02
   4.640E-03   3.197E+02
   4.669E-03   3.192E+02
   4.698E-03   3.183E+02
   4.727E-03   3.183E+02
   4.756E-03   3.176E+02
   4.784E-03   3.173E+02
   4.813E-03   3.167E+02
   4.842E-03   3.158E+02
   4.871E-03   3.154E+02
   4.900E-03   3.150E+02
   4.929E-03   3.144E+02
   4.957E-03   3.135E+02
   4.986E-03   3.132E+02
   5.015E-03   3.126E+02
   5.044E-03   3.118E+02
   5.073E-03   3.113E+02
   5.102E-03   3.105E+02
   5.130E-03   3.099E+02
   5.159E-03   3.091E+02
   5.188E-03   3.087E+02
   5.217E-03   3.079E+02
   5.246E-03   3.070E+02
   5.274E-03   3.067E+02
   5.303E-03   3.055E+02
   5.332E-03   3.049E+02
   5.361E-03   3.045E+02
   5.390E-03   3.037E+02
   5.419E-03   3.027E+02
   5.447E-03   3.022E+02
   5.476E-03   3.011E+02
   5.505E-03   3.007E+02
   5.534E-03   2.998E+02
   5.563E-03   2.988E+02
   5.591E-03   2.982E+02
   5.620E-03   2.969E+02
   5.649E-03   2.962E+02
   5.678E-03   2.958E+02
   5.707E-03   2.946E+02
   5.736E-03   2.938E+02
   5.764E-03   2.929E+02
   5.793E-03   2.921E+02
   5.822E-03   2.911E+02
   5.851E-03   2.901E+02
   5.880E-03   2.894E+02
   5.909E-03   2.883E+02
   5.937E-03   2.873E+02
   5.966E-03   2.870E+02
   5.995E-03   2.856E+02
   6.024E-03   2.846E+02
   6.053E-03   2.838E+02
   6.081E-03   2.829E+02
   6.110E-03   2.818E+02
   6.139E-03   2.808E+02
   6.168E-03   2.801E+02
   6.197E-03   2.785E+02
   6.226E-03   2.777E+02
   6.254E-03   2.771E+02
   6.283E-03   2.758E+02
   6.312E-03   2.748E+02
   6.341E-03   2.735E+02
   6.370E-03   2.724E+02
   6.398E-03   2.713E+02
   6.427E-03   2.701E+02
   6.456E-03   2.693E+02
   6.485E-03   2.683E+02
   6.514E-03   2.671E+02
   6.543E-03   2.658E+02
   6.571E-03   2.645E+02
   6.600E-03   2.634E+02
   6.629E-03   2.621E+02
   6.658E-03   2.611E+02
   6.687E-03   2.600E+02
   6.716E-03   2.586E+02
   6.744E-03   2.573E+02
   6.773E-03   2.558E+02
   6.802E-03   2.550E+02
   6.831E-03   2.536E+02
   6.860E-03   2.525E+02
   6.888E-03   2.509E+02
   6.917E-03   2.499E+02
   6.946E-03   2.487E+02
   6.975E-03   2.473E+02
   7.004E-03   2.460E+02
   7.033E-03   2.447E+02
   7.061E-03   2.432E+02
   7.090E-03   2.420E+02
   7.119E-03   2.408E+02
   7.148E-03   2.395E+02
   7.177E-03   2.377E+02
   7.206E-03   2.367E+02
   7.234E-03   2.351E+02
   7.263E-03   2.335E+02
   7.292E-03   2.319E+02
   7.321E-03   2.309E+02
   7.350E-03   2.292E+02
   7.378E-03   2.280E+02
   7.407E-03   2.264E+02
   7.436E-03   2.249E+02
   7.465E-03   2.234E+02
   7.494E-03   2.221E+02
   7.523E-03   2.205E+02
   7.551E-03   2.189E+02
   7.580E-03   2.172E+02
   7.609E-03   2.160E+02
   7.638E-03   2.143E+02
   7.667E-03   2.126E+02
   7.695E-03   2.112E+02
   7.724E-03   2.097E+02
   7.753E-03   2.080E+02
   7.782E-03   2.066E+02
   7.811E-03   2.049E+02
   7.840E-03   2.032E+02
   7.868E-03   2.019E+02
   7.897E-03   2.001E+02
   7.926E-03   1.986E+02
   7.955E-03   1.969E+02
   7.984E-03   1.952E+02
   8.013E-03   1.937E+02
   8.041E-03   1.920E+02
   8.070E-03   1.902E+02
   8.099E-03   1.889E+02
   8.128E-03   1.871E+02
   8.157E-03   1.854E+02
   8.185E-03   1.835E+02
   8.214E-03   1.820E+02
   8.243E-03   1.800E+02
   8.272E-03   1.786E+02
   8.301E-03   1.768E+02
   8.330E-03   1.751E+02
   8.358E-03   1.733E+02
   8.387E-03   1.717E+02
   8.416E-03   1.701E+02
   8.445E-03   1.680E+02
   8.474E-03   1.663E+02
   8.503E-03   1.646E+02
   8.531E-03   1.628E+02
   8.560E-03   1.612E+02
   8.589E-03   1.591E+02
   8.618E-03   1.576E+02
   8.647E-03   1.559E+02
   8.675E-03   1.540E+02
   8.704E-03   1.521E+02
   8.733E-03   1.503E+02
   8.762E-03   1.487E+02
   8.791E-03   1.468E+02
   8.820E-03   1.449E+02
   8.848E-03   1.431E+02
   8.877E-03   1.414E+02
   8.906E-03   1.397E+02
   8.935E-03   1.377E+02
   8.964E-03   1.361E+02
   8.992E-03   1.341E+02
   9.021E-03   1.323E+02
   9.050E-03   1.305E+02
   9.079E-03   1.287E+02
   9.108E-03   1.269E+02
   9.137E-03   1.251E+02
   9.165E-03   1.233E+02
   9.194E-03   1.214E+02
   9.223E-03   1.196E+02
   9.252E-03   1.177E+02
   9.281E-03   1.162E+02
   9.310E-03   1.143E+02
   9.338E-03   1.122E+02
   9.367E-03   1.105E+02
   9.396E-03   1.087E+02
   9.425E-03   1.070E+02
   9.454E-03   1.052E+02
   9.482E-03   1.035E+02
   9.511E-03   1.017E+02
   9.540E-03   9.979E+01
   9.569E-03   9.797E+01
   9.598E-03   9.620E+01
   9.627E-03   9.440E+01
   9.655E-03   9.293E+01
   9.684E-03   9.103E+01
   9.713E-03   8.919E+01
   9.742E-03   8.742E+01
   9.771E-03   8.576E+01
   9.799E-03   8.393E+01
   9.828E-03   8.225E+01
   9.857E-03   8.047E+01
   9.886E-03   7.892E+01
   9.915E-03   7.712E+01
   9.944E-03   7.549E+01
   9.972E-03   7.372E+01
   1.000E-02   7.206E+01
   1.003E-02   7.036E+01
   1.006E-02   6.871E+01
   1.009E-02   6.704E+01
   1.012E-02   6.539E+01
   1.015E-02   6.374E+01
   1.017E-02   6.212E+01
   1.020E-02   6.053E+01
   1.023E-02   5.885E+01
   1.026E-02   5.731E+01
   1.029E-02   5.575E+01
   1.032E-02   5.418E+01
   1.035E-02   5.266E+01
   1.038E-02   5.109E+01
   1.040E-02   4.957E+01
   1.043E-02   4.805E+01
   1.046E-02   4.654E+01
   1.049E-02   4.512E+01
   1.052E-02   4.361E+01
   1.055E-02   4.211E+01
   1.058E-02   4.066E+01
   1.061E-02   3.924E+01
   1.064E-02   3.776E+01
   1.066E-02   3.637E+01
   1.069E-02   3.500E+01
   1.072E-02   3.362E+01
   1.075E-02   3.228E+01
   1.078E-02   3.093E+01
   1.081E-02   2.966E+01
   1.084E-02   2.832E+01
   1.087E-02   2.705E+01
   1.089E-02   2.578E+01
   1.092E-02   2.454E+01
   1.095E-02   2.324E+01
   1.098E-02   2.206E+01
   1.101E-02   2.080E+01
   1.104E-02   1.961E+01
   1.107E-02   1.843E+01
   1.110E-02   1.724E+01
   1.113E-02   1.610E+01
   1.115E-02   1.495E+01
   1.118E-02   1.382E+01
   1.121E-02   1.269E+01
   1.124E-02   1.157E+01
   1.127E-02   1.048E+01
   1.130E-02   9.383E+00
   1.133E-02   8.308E+00
   1.136E-02   7.209E+00
   1.138E-02   6.126E+00
   1.141E-02   5.028E+00
   1.144E-02   3.928E+00
   1.147E-02   2.804E+00
   1.150E-02   1.153E+01
