   2.980E+02   7.838E+02
   3.015E+02   1.984E-05
   3.050E+02   1.182E-05
   3.085E+02   8.593E-06
   3.121E+02   6.791E-06
   3.156E+02   5.571E-06
   3.191E+02   4.777E-06
   3.226E+02   4.170E-06
   3.261E+02   3.696E-06
   3.296E+02   3.301E-06
   3.331E+02   3.009E-06
   3.367E+02   2.772E-06
   3.402E+02   2.551E-06
   3.437E+02   2.384E-06
   3.472E+02   2.228E-06
   3.507E+02   2.105E-06
   3.542E+02   1.988E-06
   3.577E+02   1.886E-06
   3.612E+02   1.785E-06
   3.648E+02   1.699E-06
   3.683E+02   1.629E-06
   3.718E+02   1.560E-06
   3.753E+02   1.505E-06
   3.788E+02   1.445E-06
   3.823E+02   1.385E-06
   3.858E+02   1.334E-06
   3.894E+02   1.286E-06
   3.929E+02   1.240E-06
   3.964E+02   1.194E-06
   3.999E+02   1.159E-06
   4.034E+02   1.125E-06
   4.069E+02   1.094E-06
   4.104E+02   1.065E-06
   4.140E+02   1.038E-06
   4.175E+02   1.012E-06
   4.210E+02   9.840E-07
   4.245E+02   9.588E-07
   4.280E+02   9.354E-07
   4.315E+02   9.115E-07
   4.350E+02   8.924E-07
   4.386E+02   8.714E-07
   4.421E+02   8.555E-07
   4.456E+02   8.382E-07
   4.491E+02   8.237E-07
   4.526E+02   8.099E-07
   4.561E+02   7.947E-07
   4.596E+02   7.819E-07
   4.631E+02   7.671E-07
   4.667E+02   7.533E-07
   4.702E+02   7.411E-07
   4.737E+02   7.261E-07
   4.772E+02   7.153E-07
   4.807E+02   7.022E-07
   4.842E+02   6.915E-07
   4.877E+02   6.813E-07
   4.913E+02   6.719E-07
   4.948E+02   6.623E-07
   4.983E+02   6.542E-07
   5.018E+02   6.446E-07
   5.053E+02   6.365E-07
   5.088E+02   6.279E-07
   5.123E+02   6.208E-07
   5.159E+02   6.129E-07
   5.194E+02   6.052E-07
   5.229E+02   5.983E-07
   5.264E+02   5.919E-07
   5.299E+02   5.842E-07
   5.334E+02   5.774E-07
   5.369E+02   5.715E-07
   5.405E+02   5.656E-07
   5.440E+02   5.588E-07
   5.475E+02   5.536E-07
   5.510E+02   5.477E-07
   5.545E+02   5.414E-07
   5.580E+02   5.371E-07
   5.615E+02   5.336E-07
   5.650E+02   5.274E-07
   5.686E+02   5.227E-07
   5.721E+02   5.184E-07
   5.756E+02   5.148E-07
   5.791E+02   5.100E-07
   5.826E+02   5.056E-07
   5.861E+02   5.017E-07
   5.896E+02   4.984E-07
   5.932E+02   4.957E-07
   5.967E+02   4.922E-07
   6.002E+02   4.881E-07
   6.037E+02   4.849E-07
   6.072E+02   4.813E-07
   6.107E+02   4.787E-07
   6.142E+02   4.750E-07
   6.178E+02   4.735E-07
   6.213E+02   4.707E-07
   6.248E+02   4.681E-07
   6.283E+02   4.653E-07
   6.318E+02   4.631E-07
   6.353E+02   4.610E-07
   6.388E+02   4.587E-07
   6.424E+02   4.567E-07
   6.459E+02   4.556E-07
   6.494E+02   4.538E-07
   6.529E+02   4.514E-07
   6.564E+02   4.500E-07
   6.599E+02   4.483E-07
   6.634E+02   4.474E-07
   6.669E+02   4.465E-07
   6.705E+02   4.452E-07
   6.740E+02   4.432E-07
   6.775E+02   4.416E-07
   6.810E+02   4.400E-07
   6.845E+02   4.383E-07
   6.880E+02   4.379E-07
   6.915E+02   4.360E-07
   6.951E+02   4.355E-07
   6.986E+02   4.355E-07
   7.021E+02   4.340E-07
   7.056E+02   4.334E-07
   7.091E+02   4.332E-07
   7.126E+02   4.321E-07
   7.161E+02   4.319E-07
   7.197E+02   4.317E-07
   7.232E+02   4.316E-07
   7.267E+02   4.309E-07
   7.302E+02   4.307E-07
   7.337E+02   4.302E-07
   7.372E+02   4.296E-07
   7.407E+02   4.301E-07
   7.443E+02   4.294E-07
   7.478E+02   4.305E-07
   7.513E+02   4.300E-07
   7.548E+02   4.298E-07
   7.583E+02   4.300E-07
   7.618E+02   4.294E-07
   7.653E+02   4.297E-07
   7.688E+02   4.304E-07
   7.724E+02   4.310E-07
   7.759E+02   4.308E-07
   7.794E+02   4.310E-07
   7.829E+02   4.315E-07
   7.864E+02   4.318E-07
   7.899E+02   4.328E-07
   7.934E+02   4.331E-07
   7.970E+02   4.343E-07
   8.005E+02   4.349E-07
   8.040E+02   4.350E-07
   8.075E+02   4.357E-07
   8.110E+02   4.365E-07
   8.145E+02   4.373E-07
   8.180E+02   4.373E-07
   8.216E+02   4.390E-07
   8.251E+02   4.395E-07
   8.286E+02   4.400E-07
   8.321E+02   4.413E-07
   8.356E+02   4.422E-07
   8.391E+02   4.438E-07
   8.426E+02   4.445E-07
   8.462E+02   4.457E-07
   8.497E+02   4.464E-07
   8.532E+02   4.481E-07
   8.567E+02   4.486E-07
   8.602E+02   4.513E-07
   8.637E+02   4.529E-07
   8.672E+02   4.548E-07
   8.707E+02   4.559E-07
   8.743E+02   4.574E-07
   8.778E+02   4.596E-07
   8.813E+02   4.608E-07
   8.848E+02   4.635E-07
   8.883E+02   4.645E-07
   8.918E+02   4.664E-07
   8.953E+02   4.686E-07
   8.989E+02   4.705E-07
   9.024E+02   4.726E-07
   9.059E+02   4.747E-07
   9.094E+02   4.778E-07
   9.129E+02   4.800E-07
   9.164E+02   4.824E-07
   9.199E+02   4.844E-07
   9.235E+02   4.873E-07
   9.270E+02   4.894E-07
   9.305E+02   4.923E-07
   9.340E+02   4.948E-07
   9.375E+02   4.985E-07
   9.410E+02   5.005E-07
   9.445E+02   5.029E-07
   9.481E+02   5.056E-07
   9.516E+02   5.091E-07
   9.551E+02   5.119E-07
   9.586E+02   5.150E-07
   9.621E+02   5.173E-07
   9.656E+02   5.219E-07
   9.691E+02   5.253E-07
   9.726E+02   5.286E-07
   9.762E+02   5.327E-07
   9.797E+02   5.357E-07
   9.832E+02   5.409E-07
   9.867E+02   5.450E-07
   9.902E+02   5.487E-07
   9.937E+02   5.537E-07
   9.972E+02   5.579E-07
   1.001E+03   5.616E-07
   1.004E+03   5.658E-07
   1.008E+03   5.711E-07
   1.011E+03   5.760E-07
   1.015E+03   5.800E-07
   1.018E+03   5.855E-07
   1.022E+03   5.907E-07
   1.025E+03   5.963E-07
   1.029E+03   6.006E-07
   1.032E+03   6.090E-07
   1.036E+03   6.157E-07
   1.039E+03   6.212E-07
   1.043E+03   6.273E-07
   1.046E+03   6.334E-07
   1.050E+03   6.417E-07
   1.053E+03   6.476E-07
   1.057E+03   6.543E-07
   1.060E+03   6.609E-07
   1.064E+03   6.707E-07
   1.068E+03   6.787E-07
   1.071E+03   6.871E-07
   1.075E+03   6.979E-07
   1.078E+03   7.057E-07
   1.082E+03   7.151E-07
   1.085E+03   7.233E-07
   1.089E+03   7.327E-07
   1.092E+03   7.438E-07
   1.096E+03   7.529E-07
   1.099E+03   7.650E-07
   1.103E+03   7.772E-07
   1.106E+03   7.878E-07
   1.110E+03   8.001E-07
   1.113E+03   8.127E-07
   1.117E+03   8.280E-07
   1.120E+03   8.400E-07
   1.124E+03   8.562E-07
   1.127E+03   8.739E-07
   1.131E+03   8.892E-07
   1.134E+03   9.075E-07
   1.138E+03   9.279E-07
   1.141E+03   9.451E-07
   1.145E+03   9.670E-07
   1.148E+03   9.881E-07
   1.152E+03   1.008E-06
   1.155E+03   1.029E-06
   1.159E+03   1.051E-06
   1.162E+03   1.075E-06
   1.166E+03   1.102E-06
   1.169E+03   1.129E-06
   1.173E+03   1.163E-06
   1.176E+03   1.194E-06
   1.180E+03   1.231E-06
   1.183E+03   1.266E-06
   1.187E+03   1.303E-06
   1.191E+03   1.346E-06
   1.194E+03   1.386E-06
   1.198E+03   1.430E-06
   1.201E+03   1.476E-06
   1.205E+03   1.519E-06
   1.208E+03   1.584E-06
   1.212E+03   1.637E-06
   1.215E+03   1.679E-06
   1.219E+03   1.723E-06
   1.222E+03   1.787E-06
   1.226E+03   1.863E-06
   1.229E+03   1.946E-06
   1.233E+03   2.028E-06
   1.236E+03   2.107E-06
   1.240E+03   2.208E-06
   1.243E+03   2.286E-06
   1.247E+03   2.397E-06
   1.250E+03   2.503E-06
   1.254E+03   2.625E-06
   1.257E+03   2.754E-06
   1.261E+03   2.900E-06
   1.264E+03   3.054E-06
   1.268E+03   3.206E-06
   1.271E+03   3.401E-06
   1.275E+03   3.615E-06
   1.278E+03   3.830E-06
   1.282E+03   4.051E-06
   1.285E+03   4.311E-06
   1.289E+03   4.589E-06
   1.292E+03   4.809E-06
   1.296E+03   5.100E-06
   1.299E+03   5.385E-06
   1.303E+03   5.768E-06
   1.306E+03   6.104E-06
   1.310E+03   6.497E-06
   1.313E+03   6.932E-06
   1.317E+03   7.386E-06
   1.321E+03   8.014E-06
   1.324E+03   8.531E-06
   1.328E+03   9.072E-06
   1.331E+03   9.812E-06
   1.335E+03   1.054E-05
   1.338E+03   1.164E-05
   1.342E+03   1.287E-05
   1.345E+03   1.407E-05
   1.349E+03   1.528E-05
   1.352E+03   1.633E-05
   1.356E+03   1.769E-05
   1.359E+03   1.955E-05
   1.363E+03   2.233E-05
   1.366E+03   2.479E-05
   1.370E+03   2.722E-05
   1.373E+03   3.009E-05
   1.377E+03   3.285E-05
   1.380E+03   3.599E-05
   1.384E+03   3.994E-05
   1.387E+03   4.354E-05
   1.391E+03   4.815E-05
   1.394E+03   4.981E-05
   1.398E+03   5.039E-05
   1.401E+03   5.187E-05
   1.405E+03   5.087E-05
   1.408E+03   5.121E-05
   1.412E+03   4.930E-05
   1.415E+03   4.365E-05
   1.419E+03   3.930E-05
   1.422E+03   3.648E-05
   1.426E+03   3.446E-05
   1.429E+03   3.155E-05
   1.433E+03   2.846E-05
   1.436E+03   2.543E-05
   1.440E+03   2.293E-05
   1.443E+03   2.100E-05
   1.447E+03   1.933E-05
   1.451E+03   1.774E-05
   1.454E+03   1.641E-05
   1.458E+03   1.563E-05
   1.461E+03   1.460E-05
   1.465E+03   1.381E-05
   1.468E+03   1.319E-05
   1.472E+03   1.253E-05
   1.475E+03   1.186E-05
   1.479E+03   1.132E-05
   1.482E+03   1.089E-05
   1.486E+03   1.051E-05
   1.489E+03   1.030E-05
   1.493E+03   1.011E-05
   1.496E+03   9.860E-06
   1.500E+03   9.642E-06
   1.503E+03   9.374E-06
   1.507E+03   9.154E-06
   1.510E+03   8.794E-06
   1.514E+03   8.518E-06
   1.517E+03   8.293E-06
   1.521E+03   7.974E-06
   1.524E+03   7.881E-06
   1.528E+03   7.734E-06
   1.531E+03   7.588E-06
   1.535E+03   7.534E-06
   1.538E+03   7.401E-06
   1.542E+03   7.324E-06
   1.545E+03   7.312E-06
   1.549E+03   7.126E-06
   1.552E+03   7.025E-06
   1.556E+03   6.993E-06
   1.559E+03   6.972E-06
   1.563E+03   6.952E-06
   1.566E+03   6.882E-06
   1.570E+03   6.862E-06
   1.574E+03   6.831E-06
   1.577E+03   6.872E-06
   1.581E+03   6.916E-06
   1.584E+03   6.999E-06
   1.588E+03   7.010E-06
   1.591E+03   6.994E-06
   1.595E+03   7.005E-06
   1.598E+03   7.134E-06
   1.602E+03   7.215E-06
   1.605E+03   7.318E-06
   1.609E+03   7.196E-06
   1.612E+03   7.257E-06
   1.616E+03   7.324E-06
   1.619E+03   7.335E-06
   1.623E+03   7.410E-06
   1.626E+03   7.458E-06
   1.630E+03   7.483E-06
   1.633E+03   7.461E-06
   1.637E+03   7.603E-06
   1.640E+03   7.753E-06
   1.644E+03   7.903E-06
   1.647E+03   7.859E-06
   1.651E+03   8.038E-06
   1.654E+03   8.202E-06
   1.658E+03   8.536E-06
   1.661E+03   8.882E-06
   1.665E+03   8.925E-06
   1.668E+03   8.908E-06
   1.672E+03   9.135E-06
   1.675E+03   9.618E-06
   1.679E+03   9.921E-06
   1.682E+03   9.460E-06
   1.686E+03   9.536E-06
   1.689E+03   9.893E-06
   1.693E+03   1.059E-05
   1.696E+03   1.055E-05
   1.700E+03   1.264E-05
