   2.980E+02   5.380E-05
   3.015E+02   1.240E-03
   3.050E+02   1.765E-03
   3.085E+02   2.268E-03
   3.121E+02   2.838E-03
   3.156E+02   3.486E-03
   3.191E+02   4.248E-03
   3.226E+02   5.108E-03
   3.261E+02   6.119E-03
   3.296E+02   7.241E-03
   3.331E+02   8.546E-03
   3.367E+02   9.983E-03
   3.402E+02   1.156E-02
   3.437E+02   1.338E-02
   3.472E+02   1.527E-02
   3.507E+02   1.739E-02
   3.542E+02   1.970E-02
   3.577E+02   2.235E-02
   3.612E+02   2.502E-02
   3.648E+02   2.810E-02
   3.683E+02   3.113E-02
   3.718E+02   3.460E-02
   3.753E+02   3.815E-02
   3.788E+02   4.200E-02
   3.823E+02   4.628E-02
   3.858E+02   5.053E-02
   3.894E+02   5.519E-02
   3.929E+02   6.017E-02
   3.964E+02   6.530E-02
   3.999E+02   7.065E-02
   4.034E+02   7.645E-02
   4.069E+02   8.242E-02
   4.104E+02   8.877E-02
   4.140E+02   9.548E-02
   4.175E+02   1.023E-01
   4.210E+02   1.100E-01
   4.245E+02   1.171E-01
   4.280E+02   1.251E-01
   4.315E+02   1.333E-01
   4.350E+02   1.419E-01
   4.386E+02   1.512E-01
   4.421E+02   1.604E-01
   4.456E+02   1.695E-01
   4.491E+02   1.799E-01
   4.526E+02   1.905E-01
   4.561E+02   2.010E-01
   4.596E+02   2.125E-01
   4.631E+02   2.246E-01
   4.667E+02   2.359E-01
   4.702E+02   2.481E-01
   4.737E+02   2.616E-01
   4.772E+02   2.745E-01
   4.807E+02   2.888E-01
   4.842E+02   3.028E-01
   4.877E+02   3.173E-01
   4.913E+02   3.333E-01
   4.948E+02   3.474E-01
   4.983E+02   3.643E-01
   5.018E+02   3.807E-01
   5.053E+02   3.967E-01
   5.088E+02   4.147E-01
   5.123E+02   4.335E-01
   5.159E+02   4.508E-01
   5.194E+02   4.706E-01
   5.229E+02   4.906E-01
   5.264E+02   5.096E-01
   5.299E+02   5.301E-01
   5.334E+02   5.527E-01
   5.369E+02   5.742E-01
   5.405E+02   5.969E-01
   5.440E+02   6.185E-01
   5.475E+02   6.419E-01
   5.510E+02   6.669E-01
   5.545E+02   6.927E-01
   5.580E+02   7.155E-01
   5.615E+02   7.412E-01
   5.650E+02   7.686E-01
   5.686E+02   7.985E-01
   5.721E+02   8.244E-01
   5.756E+02   8.517E-01
   5.791E+02   8.835E-01
   5.826E+02   9.139E-01
   5.861E+02   9.436E-01
   5.896E+02   9.752E-01
   5.932E+02   1.008E+00
   5.967E+02   1.039E+00
   6.002E+02   1.074E+00
   6.037E+02   1.109E+00
   6.072E+02   1.141E+00
   6.107E+02   1.180E+00
   6.142E+02   1.216E+00
   6.178E+02   1.254E+00
   6.213E+02   1.290E+00
   6.248E+02   1.326E+00
   6.283E+02   1.369E+00
   6.318E+02   1.411E+00
   6.353E+02   1.452E+00
   6.388E+02   1.497E+00
   6.424E+02   1.535E+00
   6.459E+02   1.581E+00
   6.494E+02   1.625E+00
   6.529E+02   1.671E+00
   6.564E+02   1.718E+00
   6.599E+02   1.766E+00
   6.634E+02   1.811E+00
   6.669E+02   1.860E+00
   6.705E+02   1.911E+00
   6.740E+02   1.962E+00
   6.775E+02   2.015E+00
   6.810E+02   2.067E+00
   6.845E+02   2.122E+00
   6.880E+02   2.173E+00
   6.915E+02   2.233E+00
   6.951E+02   2.288E+00
   6.986E+02   2.344E+00
   7.021E+02   2.405E+00
   7.056E+02   2.462E+00
   7.091E+02   2.522E+00
   7.126E+02   2.586E+00
   7.161E+02   2.645E+00
   7.197E+02   2.710E+00
   7.232E+02   2.776E+00
   7.267E+02   2.837E+00
   7.302E+02   2.903E+00
   7.337E+02   2.973E+00
   7.372E+02   3.042E+00
   7.407E+02   3.107E+00
   7.443E+02   3.177E+00
   7.478E+02   3.245E+00
   7.513E+02   3.318E+00
   7.548E+02   3.395E+00
   7.583E+02   3.467E+00
   7.618E+02   3.546E+00
   7.653E+02   3.620E+00
   7.688E+02   3.694E+00
   7.724E+02   3.771E+00
   7.759E+02   3.847E+00
   7.794E+02   3.927E+00
   7.829E+02   4.007E+00
   7.864E+02   4.088E+00
   7.899E+02   4.172E+00
   7.934E+02   4.254E+00
   7.970E+02   4.334E+00
   8.005E+02   4.417E+00
   8.040E+02   4.503E+00
   8.075E+02   4.583E+00
   8.110E+02   4.674E+00
   8.145E+02   4.761E+00
   8.180E+02   4.854E+00
   8.216E+02   4.939E+00
   8.251E+02   5.029E+00
   8.286E+02   5.117E+00
   8.321E+02   5.208E+00
   8.356E+02   5.299E+00
   8.391E+02   5.385E+00
   8.426E+02   5.476E+00
   8.462E+02   5.566E+00
   8.497E+02   5.660E+00
   8.532E+02   5.748E+00
   8.567E+02   5.851E+00
   8.602E+02   5.932E+00
   8.637E+02   6.028E+00
   8.672E+02   6.118E+00
   8.707E+02   6.218E+00
   8.743E+02   6.309E+00
   8.778E+02   6.400E+00
   8.813E+02   6.490E+00
   8.848E+02   6.582E+00
   8.883E+02   6.670E+00
   8.918E+02   6.763E+00
   8.953E+02   6.851E+00
   8.989E+02   6.945E+00
   9.024E+02   7.036E+00
   9.059E+02   7.123E+00
   9.094E+02   7.211E+00
   9.129E+02   7.300E+00
   9.164E+02   7.384E+00
   9.199E+02   7.475E+00
   9.235E+02   7.561E+00
   9.270E+02   7.651E+00
   9.305E+02   7.738E+00
   9.340E+02   7.815E+00
   9.375E+02   7.898E+00
   9.410E+02   7.973E+00
   9.445E+02   8.061E+00
   9.481E+02   8.141E+00
   9.516E+02   8.203E+00
   9.551E+02   8.286E+00
   9.586E+02   8.358E+00
   9.621E+02   8.443E+00
   9.656E+02   8.500E+00
   9.691E+02   8.572E+00
   9.726E+02   8.636E+00
   9.762E+02   8.699E+00
   9.797E+02   8.773E+00
   9.832E+02   8.820E+00
   9.867E+02   8.880E+00
   9.902E+02   8.947E+00
   9.937E+02   8.993E+00
   9.972E+02   9.037E+00
   1.001E+03   9.088E+00
   1.004E+03   9.143E+00
   1.008E+03   9.182E+00
   1.011E+03   9.216E+00
   1.015E+03   9.260E+00
   1.018E+03   9.294E+00
   1.022E+03   9.329E+00
   1.025E+03   9.351E+00
   1.029E+03   9.375E+00
   1.032E+03   9.396E+00
   1.036E+03   9.413E+00
   1.039E+03   9.433E+00
   1.043E+03   9.450E+00
   1.046E+03   9.453E+00
   1.050E+03   9.453E+00
   1.053E+03   9.472E+00
   1.057E+03   9.457E+00
   1.060E+03   9.462E+00
   1.064E+03   9.437E+00
   1.068E+03   9.426E+00
   1.071E+03   9.412E+00
   1.075E+03   9.385E+00
   1.078E+03   9.373E+00
   1.082E+03   9.343E+00
   1.085E+03   9.301E+00
   1.089E+03   9.268E+00
   1.092E+03   9.226E+00
   1.096E+03   9.185E+00
   1.099E+03   9.134E+00
   1.103E+03   9.071E+00
   1.106E+03   9.018E+00
   1.110E+03   8.954E+00
   1.113E+03   8.900E+00
   1.117E+03   8.822E+00
   1.120E+03   8.746E+00
   1.124E+03   8.670E+00
   1.127E+03   8.585E+00
   1.131E+03   8.500E+00
   1.134E+03   8.414E+00
   1.138E+03   8.304E+00
   1.141E+03   8.210E+00
   1.145E+03   8.102E+00
   1.148E+03   7.991E+00
   1.152E+03   7.881E+00
   1.155E+03   7.769E+00
   1.159E+03   7.646E+00
   1.162E+03   7.528E+00
   1.166E+03   7.403E+00
   1.169E+03   7.273E+00
   1.173E+03   7.133E+00
   1.176E+03   6.995E+00
   1.180E+03   6.857E+00
   1.183E+03   6.717E+00
   1.187E+03   6.570E+00
   1.191E+03   6.418E+00
   1.194E+03   6.264E+00
   1.198E+03   6.113E+00
   1.201E+03   5.958E+00
   1.205E+03   5.805E+00
   1.208E+03   5.646E+00
   1.212E+03   5.487E+00
   1.215E+03   5.332E+00
   1.219E+03   5.177E+00
   1.222E+03   5.019E+00
   1.226E+03   4.856E+00
   1.229E+03   4.697E+00
   1.233E+03   4.535E+00
   1.236E+03   4.373E+00
   1.240E+03   4.206E+00
   1.243E+03   4.059E+00
   1.247E+03   3.899E+00
   1.250E+03   3.734E+00
   1.254E+03   3.581E+00
   1.257E+03   3.429E+00
   1.261E+03   3.273E+00
   1.264E+03   3.121E+00
   1.268E+03   2.978E+00
   1.271E+03   2.834E+00
   1.275E+03   2.683E+00
   1.278E+03   2.544E+00
   1.282E+03   2.402E+00
   1.285E+03   2.268E+00
   1.289E+03   2.134E+00
   1.292E+03   2.009E+00
   1.296E+03   1.884E+00
   1.299E+03   1.764E+00
   1.303E+03   1.649E+00
   1.306E+03   1.535E+00
   1.310E+03   1.429E+00
   1.313E+03   1.327E+00
   1.317E+03   1.227E+00
   1.321E+03   1.131E+00
   1.324E+03   1.041E+00
   1.328E+03   9.581E-01
   1.331E+03   8.754E-01
   1.335E+03   7.980E-01
   1.338E+03   7.214E-01
   1.342E+03   6.491E-01
   1.345E+03   5.821E-01
   1.349E+03   5.209E-01
   1.352E+03   4.662E-01
   1.356E+03   4.152E-01
   1.359E+03   3.663E-01
   1.363E+03   3.183E-01
   1.366E+03   2.763E-01
   1.370E+03   2.397E-01
   1.373E+03   2.073E-01
   1.377E+03   1.803E-01
   1.380E+03   1.567E-01
   1.384E+03   1.364E-01
   1.387E+03   1.202E-01
   1.391E+03   1.067E-01
   1.394E+03   9.838E-02
   1.398E+03   9.374E-02
   1.401E+03   9.232E-02
   1.405E+03   9.492E-02
   1.408E+03   9.983E-02
   1.412E+03   1.097E-01
   1.415E+03   1.248E-01
   1.419E+03   1.427E-01
   1.422E+03   1.619E-01
   1.426E+03   1.839E-01
   1.429E+03   2.109E-01
   1.433E+03   2.417E-01
   1.436E+03   2.746E-01
   1.440E+03   3.089E-01
   1.443E+03   3.448E-01
   1.447E+03   3.831E-01
   1.451E+03   4.221E-01
   1.454E+03   4.603E-01
   1.458E+03   4.986E-01
   1.461E+03   5.392E-01
   1.465E+03   5.789E-01
   1.468E+03   6.201E-01
   1.472E+03   6.616E-01
   1.475E+03   7.043E-01
   1.479E+03   7.458E-01
   1.482E+03   7.862E-01
   1.486E+03   8.259E-01
   1.489E+03   8.640E-01
   1.493E+03   9.034E-01
   1.496E+03   9.441E-01
   1.500E+03   9.836E-01
   1.503E+03   1.027E+00
   1.507E+03   1.070E+00
   1.510E+03   1.114E+00
   1.514E+03   1.155E+00
   1.517E+03   1.196E+00
   1.521E+03   1.236E+00
   1.524E+03   1.275E+00
   1.528E+03   1.316E+00
   1.531E+03   1.355E+00
   1.535E+03   1.391E+00
   1.538E+03   1.429E+00
   1.542E+03   1.466E+00
   1.545E+03   1.500E+00
   1.549E+03   1.533E+00
   1.552E+03   1.561E+00
   1.556E+03   1.587E+00
   1.559E+03   1.609E+00
   1.563E+03   1.632E+00
   1.566E+03   1.655E+00
   1.570E+03   1.675E+00
   1.574E+03   1.692E+00
   1.577E+03   1.708E+00
   1.581E+03   1.722E+00
   1.584E+03   1.738E+00
   1.588E+03   1.753E+00
   1.591E+03   1.767E+00
   1.595E+03   1.781E+00
   1.598E+03   1.789E+00
   1.602E+03   1.799E+00
   1.605E+03   1.809E+00
   1.609E+03   1.824E+00
   1.612E+03   1.827E+00
   1.616E+03   1.829E+00
   1.619E+03   1.830E+00
   1.623E+03   1.831E+00
   1.626E+03   1.834E+00
   1.630E+03   1.830E+00
   1.633E+03   1.825E+00
   1.637E+03   1.811E+00
   1.640E+03   1.801E+00
   1.644E+03   1.787E+00
   1.647E+03   1.774E+00
   1.651E+03   1.750E+00
   1.654E+03   1.730E+00
   1.658E+03   1.708E+00
   1.661E+03   1.677E+00
   1.665E+03   1.668E+00
   1.668E+03   1.656E+00
   1.672E+03   1.638E+00
   1.675E+03   1.618E+00
   1.679E+03   1.621E+00
   1.682E+03   1.622E+00
   1.686E+03   1.577E+00
   1.689E+03   1.539E+00
   1.693E+03   1.497E+00
   1.696E+03   1.454E+00
   1.700E+03   1.323E+00
