   2.980E+02   5.080E-03
   3.015E+02   1.856E-01
   3.050E+02   3.120E-01
   3.085E+02   4.333E-01
   3.121E+02   5.539E-01
   3.156E+02   6.710E-01
   3.191E+02   7.872E-01
   3.226E+02   8.993E-01
   3.261E+02   1.009E+00
   3.296E+02   1.114E+00
   3.331E+02   1.217E+00
   3.367E+02   1.314E+00
   3.402E+02   1.411E+00
   3.437E+02   1.502E+00
   3.472E+02   1.589E+00
   3.507E+02   1.672E+00
   3.542E+02   1.756E+00
   3.577E+02   1.835E+00
   3.612E+02   1.907E+00
   3.648E+02   1.981E+00
   3.683E+02   2.045E+00
   3.718E+02   2.108E+00
   3.753E+02   2.167E+00
   3.788E+02   2.222E+00
   3.823E+02   2.276E+00
   3.858E+02   2.324E+00
   3.894E+02   2.370E+00
   3.929E+02   2.410E+00
   3.964E+02   2.448E+00
   3.999E+02   2.478E+00
   4.034E+02   2.509E+00
   4.069E+02   2.532E+00
   4.104E+02   2.553E+00
   4.140E+02   2.572E+00
   4.175E+02   2.584E+00
   4.210E+02   2.592E+00
   4.245E+02   2.598E+00
   4.280E+02   2.599E+00
   4.315E+02   2.597E+00
   4.350E+02   2.592E+00
   4.386E+02   2.584E+00
   4.421E+02   2.568E+00
   4.456E+02   2.552E+00
   4.491E+02   2.531E+00
   4.526E+02   2.508E+00
   4.561E+02   2.480E+00
   4.596E+02   2.451E+00
   4.631E+02   2.417E+00
   4.667E+02   2.381E+00
   4.702E+02   2.341E+00
   4.737E+02   2.302E+00
   4.772E+02   2.255E+00
   4.807E+02   2.208E+00
   4.842E+02   2.158E+00
   4.877E+02   2.106E+00
   4.913E+02   2.052E+00
   4.948E+02   1.995E+00
   4.983E+02   1.935E+00
   5.018E+02   1.876E+00
   5.053E+02   1.814E+00
   5.088E+02   1.751E+00
   5.123E+02   1.687E+00
   5.159E+02   1.623E+00
   5.194E+02   1.556E+00
   5.229E+02   1.489E+00
   5.264E+02   1.425E+00
   5.299E+02   1.359E+00
   5.334E+02   1.294E+00
   5.369E+02   1.230E+00
   5.405E+02   1.169E+00
   5.440E+02   1.109E+00
   5.475E+02   1.051E+00
   5.510E+02   9.958E-01
   5.545E+02   9.454E-01
   5.580E+02   8.977E-01
   5.615E+02   8.556E-01
   5.650E+02   8.184E-01
   5.686E+02   7.857E-01
   5.721E+02   7.583E-01
   5.756E+02   7.378E-01
   5.791E+02   7.217E-01
   5.826E+02   7.110E-01
   5.861E+02   7.058E-01
   5.896E+02   7.065E-01
   5.932E+02   7.116E-01
   5.967E+02   7.217E-01
   6.002E+02   7.357E-01
   6.037E+02   7.549E-01
   6.072E+02   7.764E-01
   6.107E+02   8.038E-01
   6.142E+02   8.322E-01
   6.178E+02   8.637E-01
   6.213E+02   8.971E-01
   6.248E+02   9.311E-01
   6.283E+02   9.707E-01
   6.318E+02   1.010E+00
   6.353E+02   1.049E+00
   6.388E+02   1.091E+00
   6.424E+02   1.130E+00
   6.459E+02   1.171E+00
   6.494E+02   1.212E+00
   6.529E+02   1.253E+00
   6.564E+02   1.292E+00
   6.599E+02   1.331E+00
   6.634E+02   1.367E+00
   6.669E+02   1.405E+00
   6.705E+02   1.441E+00
   6.740E+02   1.477E+00
   6.775E+02   1.511E+00
   6.810E+02   1.543E+00
   6.845E+02   1.574E+00
   6.880E+02   1.601E+00
   6.915E+02   1.633E+00
   6.951E+02   1.658E+00
   6.986E+02   1.683E+00
   7.021E+02   1.708E+00
   7.056E+02   1.730E+00
   7.091E+02   1.750E+00
   7.126E+02   1.771E+00
   7.161E+02   1.786E+00
   7.197E+02   1.804E+00
   7.232E+02   1.819E+00
   7.267E+02   1.831E+00
   7.302E+02   1.843E+00
   7.337E+02   1.856E+00
   7.372E+02   1.866E+00
   7.407E+02   1.872E+00
   7.443E+02   1.879E+00
   7.478E+02   1.884E+00
   7.513E+02   1.889E+00
   7.548E+02   1.894E+00
   7.583E+02   1.896E+00
   7.618E+02   1.899E+00
   7.653E+02   1.899E+00
   7.688E+02   1.898E+00
   7.724E+02   1.896E+00
   7.759E+02   1.894E+00
   7.794E+02   1.890E+00
   7.829E+02   1.886E+00
   7.864E+02   1.881E+00
   7.899E+02   1.876E+00
   7.934E+02   1.870E+00
   7.970E+02   1.862E+00
   8.005E+02   1.854E+00
   8.040E+02   1.846E+00
   8.075E+02   1.836E+00
   8.110E+02   1.827E+00
   8.145E+02   1.817E+00
   8.180E+02   1.809E+00
   8.216E+02   1.796E+00
   8.251E+02   1.785E+00
   8.286E+02   1.773E+00
   8.321E+02   1.761E+00
   8.356E+02   1.748E+00
   8.391E+02   1.734E+00
   8.426E+02   1.720E+00
   8.462E+02   1.706E+00
   8.497E+02   1.693E+00
   8.532E+02   1.677E+00
   8.567E+02   1.666E+00
   8.602E+02   1.648E+00
   8.637E+02   1.634E+00
   8.672E+02   1.618E+00
   8.707E+02   1.604E+00
   8.743E+02   1.588E+00
   8.778E+02   1.572E+00
   8.813E+02   1.556E+00
   8.848E+02   1.540E+00
   8.883E+02   1.523E+00
   8.918E+02   1.507E+00
   8.953E+02   1.490E+00
   8.989E+02   1.474E+00
   9.024E+02   1.458E+00
   9.059E+02   1.441E+00
   9.094E+02   1.424E+00
   9.129E+02   1.408E+00
   9.164E+02   1.391E+00
   9.199E+02   1.375E+00
   9.235E+02   1.359E+00
   9.270E+02   1.343E+00
   9.305E+02   1.327E+00
   9.340E+02   1.309E+00
   9.375E+02   1.293E+00
   9.410E+02   1.276E+00
   9.445E+02   1.260E+00
   9.481E+02   1.245E+00
   9.516E+02   1.226E+00
   9.551E+02   1.211E+00
   9.586E+02   1.195E+00
   9.621E+02   1.181E+00
   9.656E+02   1.163E+00
   9.691E+02   1.148E+00
   9.726E+02   1.132E+00
   9.762E+02   1.116E+00
   9.797E+02   1.101E+00
   9.832E+02   1.085E+00
   9.867E+02   1.070E+00
   9.902E+02   1.055E+00
   9.937E+02   1.039E+00
   9.972E+02   1.023E+00
   1.001E+03   1.009E+00
   1.004E+03   9.954E-01
   1.008E+03   9.801E-01
   1.011E+03   9.646E-01
   1.015E+03   9.510E-01
   1.018E+03   9.363E-01
   1.022E+03   9.222E-01
   1.025E+03   9.075E-01
   1.029E+03   8.932E-01
   1.032E+03   8.792E-01
   1.036E+03   8.652E-01
   1.039E+03   8.517E-01
   1.043E+03   8.384E-01
   1.046E+03   8.245E-01
   1.050E+03   8.107E-01
   1.053E+03   7.986E-01
   1.057E+03   7.845E-01
   1.060E+03   7.723E-01
   1.064E+03   7.581E-01
   1.068E+03   7.457E-01
   1.071E+03   7.328E-01
   1.075E+03   7.202E-01
   1.078E+03   7.080E-01
   1.082E+03   6.959E-01
   1.085E+03   6.828E-01
   1.089E+03   6.711E-01
   1.092E+03   6.590E-01
   1.096E+03   6.473E-01
   1.099E+03   6.353E-01
   1.103E+03   6.228E-01
   1.106E+03   6.116E-01
   1.110E+03   6.000E-01
   1.113E+03   5.891E-01
   1.117E+03   5.772E-01
   1.120E+03   5.660E-01
   1.124E+03   5.549E-01
   1.127E+03   5.437E-01
   1.131E+03   5.328E-01
   1.134E+03   5.221E-01
   1.138E+03   5.106E-01
   1.141E+03   5.002E-01
   1.145E+03   4.894E-01
   1.148E+03   4.785E-01
   1.152E+03   4.683E-01
   1.155E+03   4.580E-01
   1.159E+03   4.475E-01
   1.162E+03   4.377E-01
   1.166E+03   4.274E-01
   1.169E+03   4.173E-01
   1.173E+03   4.070E-01
   1.176E+03   3.971E-01
   1.180E+03   3.872E-01
   1.183E+03   3.776E-01
   1.187E+03   3.679E-01
   1.191E+03   3.580E-01
   1.194E+03   3.484E-01
   1.198E+03   3.390E-01
   1.201E+03   3.294E-01
   1.205E+03   3.203E-01
   1.208E+03   3.111E-01
   1.212E+03   3.019E-01
   1.215E+03   2.931E-01
   1.219E+03   2.845E-01
   1.222E+03   2.757E-01
   1.226E+03   2.669E-01
   1.229E+03   2.583E-01
   1.233E+03   2.496E-01
   1.236E+03   2.411E-01
   1.240E+03   2.324E-01
   1.243E+03   2.245E-01
   1.247E+03   2.161E-01
   1.250E+03   2.078E-01
   1.254E+03   1.998E-01
   1.257E+03   1.919E-01
   1.261E+03   1.839E-01
   1.264E+03   1.761E-01
   1.268E+03   1.686E-01
   1.271E+03   1.611E-01
   1.275E+03   1.533E-01
   1.278E+03   1.460E-01
   1.282E+03   1.386E-01
   1.285E+03   1.314E-01
   1.289E+03   1.243E-01
   1.292E+03   1.176E-01
   1.296E+03   1.109E-01
   1.299E+03   1.044E-01
   1.303E+03   9.805E-02
   1.306E+03   9.182E-02
   1.310E+03   8.584E-02
   1.313E+03   8.008E-02
   1.317E+03   7.446E-02
   1.321E+03   6.889E-02
   1.324E+03   6.368E-02
   1.328E+03   5.883E-02
   1.331E+03   5.396E-02
   1.335E+03   4.934E-02
   1.338E+03   4.475E-02
   1.342E+03   4.036E-02
   1.345E+03   3.630E-02
   1.349E+03   3.253E-02
   1.352E+03   2.914E-02
   1.356E+03   2.596E-02
   1.359E+03   2.290E-02
   1.363E+03   1.988E-02
   1.366E+03   1.722E-02
   1.370E+03   1.491E-02
   1.373E+03   1.286E-02
   1.377E+03   1.112E-02
   1.380E+03   9.607E-03
   1.384E+03   8.307E-03
   1.387E+03   7.254E-03
   1.391E+03   6.380E-03
   1.394E+03   5.812E-03
   1.398E+03   5.467E-03
   1.401E+03   5.306E-03
   1.405E+03   5.363E-03
   1.408E+03   5.539E-03
   1.412E+03   5.971E-03
   1.415E+03   6.655E-03
   1.419E+03   7.447E-03
   1.422E+03   8.261E-03
   1.426E+03   9.172E-03
   1.429E+03   1.028E-02
   1.433E+03   1.150E-02
   1.436E+03   1.276E-02
   1.440E+03   1.400E-02
   1.443E+03   1.524E-02
   1.447E+03   1.651E-02
   1.451E+03   1.773E-02
   1.454E+03   1.882E-02
   1.458E+03   1.987E-02
   1.461E+03   2.092E-02
   1.465E+03   2.186E-02
   1.468E+03   2.278E-02
   1.472E+03   2.363E-02
   1.475E+03   2.445E-02
   1.479E+03   2.517E-02
   1.482E+03   2.579E-02
   1.486E+03   2.632E-02
   1.489E+03   2.676E-02
   1.493E+03   2.716E-02
   1.496E+03   2.755E-02
   1.500E+03   2.788E-02
   1.503E+03   2.821E-02
   1.507E+03   2.850E-02
   1.510E+03   2.877E-02
   1.514E+03   2.896E-02
   1.517E+03   2.910E-02
   1.521E+03   2.919E-02
   1.524E+03   2.919E-02
   1.528E+03   2.921E-02
   1.531E+03   2.918E-02
   1.535E+03   2.906E-02
   1.538E+03   2.898E-02
   1.542E+03   2.882E-02
   1.545E+03   2.866E-02
   1.549E+03   2.843E-02
   1.552E+03   2.816E-02
   1.556E+03   2.781E-02
   1.559E+03   2.748E-02
   1.563E+03   2.714E-02
   1.566E+03   2.682E-02
   1.570E+03   2.643E-02
   1.574E+03   2.603E-02
   1.577E+03   2.558E-02
   1.581E+03   2.512E-02
   1.584E+03   2.465E-02
   1.588E+03   2.421E-02
   1.591E+03   2.379E-02
   1.595E+03   2.338E-02
   1.598E+03   2.291E-02
   1.602E+03   2.253E-02
   1.605E+03   2.212E-02
   1.609E+03   2.177E-02
   1.612E+03   2.132E-02
   1.616E+03   2.089E-02
   1.619E+03   2.045E-02
   1.623E+03   2.006E-02
   1.626E+03   1.963E-02
   1.630E+03   1.919E-02
   1.633E+03   1.876E-02
   1.637E+03   1.825E-02
   1.640E+03   1.778E-02
   1.644E+03   1.737E-02
   1.647E+03   1.695E-02
   1.651E+03   1.639E-02
   1.654E+03   1.592E-02
   1.658E+03   1.546E-02
   1.661E+03   1.497E-02
   1.665E+03   1.456E-02
   1.668E+03   1.415E-02
   1.672E+03   1.377E-02
   1.675E+03   1.336E-02
   1.679E+03   1.321E-02
   1.682E+03   1.315E-02
   1.686E+03   1.268E-02
   1.689E+03   1.215E-02
   1.693E+03   1.174E-02
   1.696E+03   1.135E-02
   1.700E+03   9.919E-03
