   0.000E+00   4.955E-04
   2.882E-05   3.888E-03
   5.764E-05   5.410E-03
   8.647E-05   6.276E-03
   1.153E-04   6.800E-03
   1.441E-04   7.129E-03
   1.729E-04   7.343E-03
   2.018E-04   7.516E-03
   2.306E-04   7.677E-03
   2.594E-04   7.843E-03
   2.882E-04   8.054E-03
   3.170E-04   8.314E-03
   3.459E-04   8.665E-03
   3.747E-04   9.083E-03
   4.035E-04   9.624E-03
   4.323E-04   1.028E-02
   4.612E-04   1.106E-02
   4.900E-04   1.198E-02
   5.188E-04   1.305E-02
   5.476E-04   1.431E-02
   5.764E-04   1.570E-02
   6.053E-04   1.727E-02
   6.341E-04   1.900E-02
   6.629E-04   2.091E-02
   6.917E-04   2.297E-02
   7.206E-04   2.520E-02
   7.494E-04   2.757E-02
   7.782E-04   3.014E-02
   8.070E-04   3.274E-02
   8.358E-04   3.560E-02
   8.647E-04   3.840E-02
   8.935E-04   4.149E-02
   9.223E-04   4.467E-02
   9.511E-04   4.789E-02
   9.799E-04   5.130E-02
   1.009E-03   5.484E-02
   1.038E-03   5.850E-02
   1.066E-03   6.216E-02
   1.095E-03   6.612E-02
   1.124E-03   7.026E-02
   1.153E-03   7.430E-02
   1.182E-03   7.861E-02
   1.211E-03   8.299E-02
   1.239E-03   8.759E-02
   1.268E-03   9.241E-02
   1.297E-03   9.701E-02
   1.326E-03   1.021E-01
   1.355E-03   1.071E-01
   1.383E-03   1.124E-01
   1.412E-03   1.176E-01
   1.441E-03   1.231E-01
   1.470E-03   1.290E-01
   1.499E-03   1.345E-01
   1.528E-03   1.405E-01
   1.556E-03   1.463E-01
   1.585E-03   1.522E-01
   1.614E-03   1.589E-01
   1.643E-03   1.655E-01
   1.672E-03   1.718E-01
   1.701E-03   1.785E-01
   1.729E-03   1.853E-01
   1.758E-03   1.923E-01
   1.787E-03   1.992E-01
   1.816E-03   2.065E-01
   1.845E-03   2.139E-01
   1.873E-03   2.212E-01
   1.902E-03   2.281E-01
   1.931E-03   2.359E-01
   1.960E-03   2.437E-01
   1.989E-03   2.512E-01
   2.018E-03   2.595E-01
   2.046E-03   2.676E-01
   2.075E-03   2.755E-01
   2.104E-03   2.838E-01
   2.133E-03   2.924E-01
   2.162E-03   3.003E-01
   2.190E-03   3.092E-01
   2.219E-03   3.176E-01
   2.248E-03   3.262E-01
   2.277E-03   3.348E-01
   2.306E-03   3.434E-01
   2.335E-03   3.530E-01
   2.363E-03   3.614E-01
   2.392E-03   3.703E-01
   2.421E-03   3.800E-01
   2.450E-03   3.888E-01
   2.479E-03   3.985E-01
   2.508E-03   4.077E-01
   2.536E-03   4.168E-01
   2.565E-03   4.265E-01
   2.594E-03   4.361E-01
   2.623E-03   4.455E-01
   2.652E-03   4.545E-01
   2.680E-03   4.644E-01
   2.709E-03   4.739E-01
   2.738E-03   4.829E-01
   2.767E-03   4.929E-01
   2.796E-03   5.027E-01
   2.825E-03   5.128E-01
   2.853E-03   5.221E-01
   2.882E-03   5.323E-01
   2.911E-03   5.420E-01
   2.940E-03   5.516E-01
   2.969E-03   5.621E-01
   2.997E-03   5.720E-01
   3.026E-03   5.818E-01
   3.055E-03   5.916E-01
   3.084E-03   6.009E-01
   3.113E-03   6.108E-01
   3.142E-03   6.215E-01
   3.170E-03   6.314E-01
   3.199E-03   6.416E-01
   3.228E-03   6.506E-01
   3.257E-03   6.603E-01
   3.286E-03   6.710E-01
   3.315E-03   6.804E-01
   3.343E-03   6.908E-01
   3.372E-03   7.006E-01
   3.401E-03   7.098E-01
   3.430E-03   7.194E-01
   3.459E-03   7.300E-01
   3.487E-03   7.389E-01
   3.516E-03   7.483E-01
   3.545E-03   7.580E-01
   3.574E-03   7.682E-01
   3.603E-03   7.771E-01
   3.632E-03   7.864E-01
   3.660E-03   7.964E-01
   3.689E-03   8.060E-01
   3.718E-03   8.136E-01
   3.747E-03   8.241E-01
   3.776E-03   8.328E-01
   3.805E-03   8.422E-01
   3.833E-03   8.499E-01
   3.862E-03   8.593E-01
   3.891E-03   8.680E-01
   3.920E-03   8.762E-01
   3.949E-03   8.850E-01
   3.977E-03   8.930E-01
   4.006E-03   9.029E-01
   4.035E-03   9.099E-01
   4.064E-03   9.187E-01
   4.093E-03   9.267E-01
   4.122E-03   9.348E-01
   4.150E-03   9.414E-01
   4.179E-03   9.510E-01
   4.208E-03   9.577E-01
   4.237E-03   9.640E-01
   4.266E-03   9.721E-01
   4.294E-03   9.792E-01
   4.323E-03   9.872E-01
   4.352E-03   9.927E-01
   4.381E-03   9.997E-01
   4.410E-03   1.006E+00
   4.439E-03   1.012E+00
   4.467E-03   1.018E+00
   4.496E-03   1.025E+00
   4.525E-03   1.030E+00
   4.554E-03   1.037E+00
   4.583E-03   1.041E+00
   4.612E-03   1.047E+00
   4.640E-03   1.053E+00
   4.669E-03   1.058E+00
   4.698E-03   1.061E+00
   4.727E-03   1.068E+00
   4.756E-03   1.071E+00
   4.784E-03   1.075E+00
   4.813E-03   1.080E+00
   4.842E-03   1.083E+00
   4.871E-03   1.086E+00
   4.900E-03   1.091E+00
   4.929E-03   1.094E+00
   4.957E-03   1.096E+00
   4.986E-03   1.100E+00
   5.015E-03   1.102E+00
   5.044E-03   1.104E+00
   5.073E-03   1.106E+00
   5.102E-03   1.107E+00
   5.130E-03   1.110E+00
   5.159E-03   1.110E+00
   5.188E-03   1.112E+00
   5.217E-03   1.112E+00
   5.246E-03   1.112E+00
   5.274E-03   1.114E+00
   5.303E-03   1.113E+00
   5.332E-03   1.113E+00
   5.361E-03   1.114E+00
   5.390E-03   1.113E+00
   5.419E-03   1.112E+00
   5.447E-03   1.112E+00
   5.476E-03   1.109E+00
   5.505E-03   1.109E+00
   5.534E-03   1.105E+00
   5.563E-03   1.103E+00
   5.591E-03   1.101E+00
   5.620E-03   1.097E+00
   5.649E-03   1.095E+00
   5.678E-03   1.093E+00
   5.707E-03   1.090E+00
   5.736E-03   1.085E+00
   5.764E-03   1.082E+00
   5.793E-03   1.079E+00
   5.822E-03   1.073E+00
   5.851E-03   1.068E+00
   5.880E-03   1.064E+00
   5.909E-03   1.059E+00
   5.937E-03   1.054E+00
   5.966E-03   1.050E+00
   5.995E-03   1.042E+00
   6.024E-03   1.038E+00
   6.053E-03   1.031E+00
   6.081E-03   1.024E+00
   6.110E-03   1.017E+00
   6.139E-03   1.011E+00
   6.168E-03   1.005E+00
   6.197E-03   9.961E-01
   6.226E-03   9.891E-01
   6.254E-03   9.835E-01
   6.283E-03   9.736E-01
   6.312E-03   9.669E-01
   6.341E-03   9.583E-01
   6.370E-03   9.498E-01
   6.398E-03   9.413E-01
   6.427E-03   9.338E-01
   6.456E-03   9.255E-01
   6.485E-03   9.179E-01
   6.514E-03   9.094E-01
   6.543E-03   8.998E-01
   6.571E-03   8.901E-01
   6.600E-03   8.815E-01
   6.629E-03   8.731E-01
   6.658E-03   8.643E-01
   6.687E-03   8.560E-01
   6.716E-03   8.464E-01
   6.744E-03   8.377E-01
   6.773E-03   8.289E-01
   6.802E-03   8.206E-01
   6.831E-03   8.123E-01
   6.860E-03   8.037E-01
   6.888E-03   7.951E-01
   6.917E-03   7.882E-01
   6.946E-03   7.788E-01
   6.975E-03   7.705E-01
   7.004E-03   7.648E-01
   7.033E-03   7.571E-01
   7.061E-03   7.502E-01
   7.090E-03   7.435E-01
   7.119E-03   7.379E-01
   7.148E-03   7.323E-01
   7.177E-03   7.237E-01
   7.206E-03   7.202E-01
   7.234E-03   7.153E-01
   7.263E-03   7.099E-01
   7.292E-03   7.057E-01
   7.321E-03   7.015E-01
   7.350E-03   6.993E-01
   7.378E-03   6.958E-01
   7.407E-03   6.931E-01
   7.436E-03   6.903E-01
   7.465E-03   6.894E-01
   7.494E-03   6.883E-01
   7.523E-03   6.883E-01
   7.551E-03   6.871E-01
   7.580E-03   6.869E-01
   7.609E-03   6.893E-01
   7.638E-03   6.901E-01
   7.667E-03   6.904E-01
   7.695E-03   6.926E-01
   7.724E-03   6.961E-01
   7.753E-03   6.995E-01
   7.782E-03   7.046E-01
   7.811E-03   7.086E-01
   7.840E-03   7.140E-01
   7.868E-03   7.198E-01
   7.897E-03   7.253E-01
   7.926E-03   7.314E-01
   7.955E-03   7.378E-01
   7.984E-03   7.435E-01
   8.013E-03   7.516E-01
   8.041E-03   7.606E-01
   8.070E-03   7.682E-01
   8.099E-03   7.756E-01
   8.128E-03   7.851E-01
   8.157E-03   7.930E-01
   8.185E-03   8.036E-01
   8.214E-03   8.128E-01
   8.243E-03   8.222E-01
   8.272E-03   8.348E-01
   8.301E-03   8.452E-01
   8.330E-03   8.547E-01
   8.358E-03   8.651E-01
   8.387E-03   8.767E-01
   8.416E-03   8.862E-01
   8.445E-03   8.973E-01
   8.474E-03   9.072E-01
   8.503E-03   9.191E-01
   8.531E-03   9.291E-01
   8.560E-03   9.411E-01
   8.589E-03   9.514E-01
   8.618E-03   9.623E-01
   8.647E-03   9.725E-01
   8.675E-03   9.825E-01
   8.704E-03   9.929E-01
   8.733E-03   1.003E+00
   8.762E-03   1.013E+00
   8.791E-03   1.022E+00
   8.820E-03   1.029E+00
   8.848E-03   1.038E+00
   8.877E-03   1.046E+00
   8.906E-03   1.055E+00
   8.935E-03   1.063E+00
   8.964E-03   1.073E+00
   8.992E-03   1.076E+00
   9.021E-03   1.084E+00
   9.050E-03   1.091E+00
   9.079E-03   1.095E+00
   9.108E-03   1.098E+00
   9.137E-03   1.105E+00
   9.165E-03   1.108E+00
   9.194E-03   1.113E+00
   9.223E-03   1.117E+00
   9.252E-03   1.120E+00
   9.281E-03   1.122E+00
   9.310E-03   1.125E+00
   9.338E-03   1.124E+00
   9.367E-03   1.124E+00
   9.396E-03   1.125E+00
   9.425E-03   1.123E+00
   9.454E-03   1.124E+00
   9.482E-03   1.120E+00
   9.511E-03   1.117E+00
   9.540E-03   1.113E+00
   9.569E-03   1.111E+00
   9.598E-03   1.107E+00
   9.627E-03   1.102E+00
   9.655E-03   1.098E+00
   9.684E-03   1.090E+00
   9.713E-03   1.083E+00
   9.742E-03   1.075E+00
   9.771E-03   1.067E+00
   9.799E-03   1.057E+00
   9.828E-03   1.049E+00
   9.857E-03   1.041E+00
   9.886E-03   1.030E+00
   9.915E-03   1.017E+00
   9.944E-03   1.008E+00
   9.972E-03   9.951E-01
   1.000E-02   9.821E-01
   1.003E-02   9.685E-01
   1.006E-02   9.540E-01
   1.009E-02   9.411E-01
   1.012E-02   9.262E-01
   1.015E-02   9.114E-01
   1.017E-02   8.951E-01
   1.020E-02   8.786E-01
   1.023E-02   8.623E-01
   1.026E-02   8.467E-01
   1.029E-02   8.293E-01
   1.032E-02   8.116E-01
   1.035E-02   7.931E-01
   1.038E-02   7.740E-01
   1.040E-02   7.557E-01
   1.043E-02   7.367E-01
   1.046E-02   7.167E-01
   1.049E-02   6.980E-01
   1.052E-02   6.782E-01
   1.055E-02   6.578E-01
   1.058E-02   6.381E-01
   1.061E-02   6.174E-01
   1.064E-02   5.972E-01
   1.066E-02   5.756E-01
   1.069E-02   5.554E-01
   1.072E-02   5.338E-01
   1.075E-02   5.135E-01
   1.078E-02   4.924E-01
   1.081E-02   4.717E-01
   1.084E-02   4.505E-01
   1.087E-02   4.300E-01
   1.089E-02   4.089E-01
   1.092E-02   3.881E-01
   1.095E-02   3.671E-01
   1.098E-02   3.470E-01
   1.101E-02   3.259E-01
   1.104E-02   3.058E-01
   1.107E-02   2.856E-01
   1.110E-02   2.655E-01
   1.113E-02   2.459E-01
   1.115E-02   2.261E-01
   1.118E-02   2.070E-01
   1.121E-02   1.881E-01
   1.124E-02   1.693E-01
   1.127E-02   1.514E-01
   1.130E-02   1.335E-01
   1.133E-02   1.164E-01
   1.136E-02   9.944E-02
   1.138E-02   8.304E-02
   1.141E-02   6.686E-02
   1.144E-02   5.121E-02
   1.147E-02   3.572E-02
   1.150E-02   7.868E-04
