   0.000E+00   1.145E-01
   2.882E-05   8.497E-01
   5.764E-05   1.336E+00
   8.647E-05   1.715E+00
   1.153E-04   2.018E+00
   1.441E-04   2.275E+00
   1.729E-04   2.491E+00
   2.018E-04   2.689E+00
   2.306E-04   2.876E+00
   2.594E-04   3.061E+00
   2.882E-04   3.256E+00
   3.170E-04   3.472E+00
   3.459E-04   3.715E+00
   3.747E-04   3.985E+00
   4.035E-04   4.279E+00
   4.323E-04   4.597E+00
   4.612E-04   4.929E+00
   4.900E-04   5.268E+00
   5.188E-04   5.613E+00
   5.476E-04   5.952E+00
   5.764E-04   6.286E+00
   6.053E-04   6.613E+00
   6.341E-04   6.929E+00
   6.629E-04   7.233E+00
   6.917E-04   7.522E+00
   7.206E-04   7.788E+00
   7.494E-04   8.048E+00
   7.782E-04   8.290E+00
   8.070E-04   8.514E+00
   8.358E-04   8.719E+00
   8.647E-04   8.916E+00
   8.935E-04   9.094E+00
   9.223E-04   9.262E+00
   9.511E-04   9.411E+00
   9.799E-04   9.551E+00
   1.009E-03   9.681E+00
   1.038E-03   9.796E+00
   1.066E-03   9.903E+00
   1.095E-03   1.000E+01
   1.124E-03   1.009E+01
   1.153E-03   1.017E+01
   1.182E-03   1.024E+01
   1.211E-03   1.030E+01
   1.239E-03   1.035E+01
   1.268E-03   1.041E+01
   1.297E-03   1.044E+01
   1.326E-03   1.047E+01
   1.355E-03   1.050E+01
   1.383E-03   1.051E+01
   1.412E-03   1.054E+01
   1.441E-03   1.054E+01
   1.470E-03   1.054E+01
   1.499E-03   1.054E+01
   1.528E-03   1.055E+01
   1.556E-03   1.054E+01
   1.585E-03   1.053E+01
   1.614E-03   1.050E+01
   1.643E-03   1.048E+01
   1.672E-03   1.046E+01
   1.701E-03   1.043E+01
   1.729E-03   1.040E+01
   1.758E-03   1.037E+01
   1.787E-03   1.033E+01
   1.816E-03   1.028E+01
   1.845E-03   1.024E+01
   1.873E-03   1.019E+01
   1.902E-03   1.016E+01
   1.931E-03   1.010E+01
   1.960E-03   1.004E+01
   1.989E-03   9.995E+00
   2.018E-03   9.932E+00
   2.046E-03   9.865E+00
   2.075E-03   9.817E+00
   2.104E-03   9.756E+00
   2.133E-03   9.691E+00
   2.162E-03   9.634E+00
   2.190E-03   9.558E+00
   2.219E-03   9.494E+00
   2.248E-03   9.430E+00
   2.277E-03   9.357E+00
   2.306E-03   9.286E+00
   2.335E-03   9.203E+00
   2.363E-03   9.137E+00
   2.392E-03   9.068E+00
   2.421E-03   8.981E+00
   2.450E-03   8.911E+00
   2.479E-03   8.833E+00
   2.508E-03   8.759E+00
   2.536E-03   8.681E+00
   2.565E-03   8.597E+00
   2.594E-03   8.521E+00
   2.623E-03   8.443E+00
   2.652E-03   8.370E+00
   2.680E-03   8.288E+00
   2.709E-03   8.212E+00
   2.738E-03   8.136E+00
   2.767E-03   8.052E+00
   2.796E-03   7.970E+00
   2.825E-03   7.889E+00
   2.853E-03   7.814E+00
   2.882E-03   7.733E+00
   2.911E-03   7.652E+00
   2.940E-03   7.571E+00
   2.969E-03   7.493E+00
   2.997E-03   7.413E+00
   3.026E-03   7.337E+00
   3.055E-03   7.251E+00
   3.084E-03   7.181E+00
   3.113E-03   7.098E+00
   3.142E-03   7.022E+00
   3.170E-03   6.942E+00
   3.199E-03   6.864E+00
   3.228E-03   6.793E+00
   3.257E-03   6.710E+00
   3.286E-03   6.638E+00
   3.315E-03   6.566E+00
   3.343E-03   6.492E+00
   3.372E-03   6.419E+00
   3.401E-03   6.340E+00
   3.430E-03   6.272E+00
   3.459E-03   6.198E+00
   3.487E-03   6.125E+00
   3.516E-03   6.055E+00
   3.545E-03   5.997E+00
   3.574E-03   5.909E+00
   3.603E-03   5.838E+00
   3.632E-03   5.774E+00
   3.660E-03   5.708E+00
   3.689E-03   5.640E+00
   3.718E-03   5.575E+00
   3.747E-03   5.510E+00
   3.776E-03   5.452E+00
   3.805E-03   5.380E+00
   3.833E-03   5.311E+00
   3.862E-03   5.257E+00
   3.891E-03   5.197E+00
   3.920E-03   5.130E+00
   3.949E-03   5.074E+00
   3.977E-03   5.010E+00
   4.006E-03   4.954E+00
   4.035E-03   4.893E+00
   4.064E-03   4.838E+00
   4.093E-03   4.785E+00
   4.122E-03   4.730E+00
   4.150E-03   4.680E+00
   4.179E-03   4.626E+00
   4.208E-03   4.572E+00
   4.237E-03   4.523E+00
   4.266E-03   4.474E+00
   4.294E-03   4.420E+00
   4.323E-03   4.378E+00
   4.352E-03   4.328E+00
   4.381E-03   4.280E+00
   4.410E-03   4.231E+00
   4.439E-03   4.187E+00
   4.467E-03   4.147E+00
   4.496E-03   4.106E+00
   4.525E-03   4.060E+00
   4.554E-03   4.023E+00
   4.583E-03   3.983E+00
   4.612E-03   3.943E+00
   4.640E-03   3.909E+00
   4.669E-03   3.870E+00
   4.698E-03   3.833E+00
   4.727E-03   3.802E+00
   4.756E-03   3.764E+00
   4.784E-03   3.737E+00
   4.813E-03   3.703E+00
   4.842E-03   3.668E+00
   4.871E-03   3.640E+00
   4.900E-03   3.611E+00
   4.929E-03   3.579E+00
   4.957E-03   3.551E+00
   4.986E-03   3.525E+00
   5.015E-03   3.501E+00
   5.044E-03   3.475E+00
   5.073E-03   3.452E+00
   5.102E-03   3.430E+00
   5.130E-03   3.407E+00
   5.159E-03   3.382E+00
   5.188E-03   3.367E+00
   5.217E-03   3.347E+00
   5.246E-03   3.325E+00
   5.274E-03   3.311E+00
   5.303E-03   3.288E+00
   5.332E-03   3.274E+00
   5.361E-03   3.261E+00
   5.390E-03   3.247E+00
   5.419E-03   3.231E+00
   5.447E-03   3.218E+00
   5.476E-03   3.203E+00
   5.505E-03   3.193E+00
   5.534E-03   3.182E+00
   5.563E-03   3.170E+00
   5.591E-03   3.160E+00
   5.620E-03   3.147E+00
   5.649E-03   3.140E+00
   5.678E-03   3.135E+00
   5.707E-03   3.123E+00
   5.736E-03   3.118E+00
   5.764E-03   3.110E+00
   5.793E-03   3.107E+00
   5.822E-03   3.098E+00
   5.851E-03   3.093E+00
   5.880E-03   3.087E+00
   5.909E-03   3.083E+00
   5.937E-03   3.075E+00
   5.966E-03   3.081E+00
   5.995E-03   3.074E+00
   6.024E-03   3.071E+00
   6.053E-03   3.070E+00
   6.081E-03   3.068E+00
   6.110E-03   3.064E+00
   6.139E-03   3.061E+00
   6.168E-03   3.062E+00
   6.197E-03   3.058E+00
   6.226E-03   3.059E+00
   6.254E-03   3.060E+00
   6.283E-03   3.058E+00
   6.312E-03   3.057E+00
   6.341E-03   3.056E+00
   6.370E-03   3.053E+00
   6.398E-03   3.053E+00
   6.427E-03   3.048E+00
   6.456E-03   3.052E+00
   6.485E-03   3.052E+00
   6.514E-03   3.051E+00
   6.543E-03   3.047E+00
   6.571E-03   3.045E+00
   6.600E-03   3.043E+00
   6.629E-03   3.042E+00
   6.658E-03   3.044E+00
   6.687E-03   3.038E+00
   6.716E-03   3.033E+00
   6.744E-03   3.034E+00
   6.773E-03   3.023E+00
   6.802E-03   3.026E+00
   6.831E-03   3.022E+00
   6.860E-03   3.017E+00
   6.888E-03   3.012E+00
   6.917E-03   3.010E+00
   6.946E-03   3.002E+00
   6.975E-03   2.997E+00
   7.004E-03   2.993E+00
   7.033E-03   2.983E+00
   7.061E-03   2.975E+00
   7.090E-03   2.970E+00
   7.119E-03   2.962E+00
   7.148E-03   2.953E+00
   7.177E-03   2.941E+00
   7.206E-03   2.934E+00
   7.234E-03   2.922E+00
   7.263E-03   2.906E+00
   7.292E-03   2.892E+00
   7.321E-03   2.888E+00
   7.350E-03   2.870E+00
   7.378E-03   2.859E+00
   7.407E-03   2.840E+00
   7.436E-03   2.828E+00
   7.465E-03   2.809E+00
   7.494E-03   2.793E+00
   7.523E-03   2.778E+00
   7.551E-03   2.757E+00
   7.580E-03   2.737E+00
   7.609E-03   2.723E+00
   7.638E-03   2.703E+00
   7.667E-03   2.677E+00
   7.695E-03   2.654E+00
   7.724E-03   2.634E+00
   7.753E-03   2.611E+00
   7.782E-03   2.589E+00
   7.811E-03   2.564E+00
   7.840E-03   2.538E+00
   7.868E-03   2.516E+00
   7.897E-03   2.488E+00
   7.926E-03   2.464E+00
   7.955E-03   2.434E+00
   7.984E-03   2.404E+00
   8.013E-03   2.380E+00
   8.041E-03   2.348E+00
   8.070E-03   2.319E+00
   8.099E-03   2.291E+00
   8.128E-03   2.260E+00
   8.157E-03   2.229E+00
   8.185E-03   2.193E+00
   8.214E-03   2.161E+00
   8.243E-03   2.124E+00
   8.272E-03   2.098E+00
   8.301E-03   2.064E+00
   8.330E-03   2.027E+00
   8.358E-03   1.991E+00
   8.387E-03   1.960E+00
   8.416E-03   1.925E+00
   8.445E-03   1.887E+00
   8.474E-03   1.850E+00
   8.503E-03   1.813E+00
   8.531E-03   1.777E+00
   8.560E-03   1.744E+00
   8.589E-03   1.702E+00
   8.618E-03   1.669E+00
   8.647E-03   1.632E+00
   8.675E-03   1.592E+00
   8.704E-03   1.555E+00
   8.733E-03   1.518E+00
   8.762E-03   1.483E+00
   8.791E-03   1.443E+00
   8.820E-03   1.404E+00
   8.848E-03   1.366E+00
   8.877E-03   1.330E+00
   8.906E-03   1.295E+00
   8.935E-03   1.256E+00
   8.964E-03   1.225E+00
   8.992E-03   1.182E+00
   9.021E-03   1.149E+00
   9.050E-03   1.112E+00
   9.079E-03   1.077E+00
   9.108E-03   1.040E+00
   9.137E-03   1.006E+00
   9.165E-03   9.726E-01
   9.194E-03   9.397E-01
   9.223E-03   9.055E-01
   9.252E-03   8.720E-01
   9.281E-03   8.437E-01
   9.310E-03   8.117E-01
   9.338E-03   7.772E-01
   9.367E-03   7.480E-01
   9.396E-03   7.171E-01
   9.425E-03   6.876E-01
   9.454E-03   6.606E-01
   9.482E-03   6.319E-01
   9.511E-03   6.039E-01
   9.540E-03   5.753E-01
   9.569E-03   5.508E-01
   9.598E-03   5.261E-01
   9.627E-03   5.004E-01
   9.655E-03   4.781E-01
   9.684E-03   4.537E-01
   9.713E-03   4.295E-01
   9.742E-03   4.070E-01
   9.771E-03   3.865E-01
   9.799E-03   3.645E-01
   9.828E-03   3.457E-01
   9.857E-03   3.265E-01
   9.886E-03   3.088E-01
   9.915E-03   2.895E-01
   9.944E-03   2.736E-01
   9.972E-03   2.564E-01
   1.000E-02   2.412E-01
   1.003E-02   2.258E-01
   1.006E-02   2.103E-01
   1.009E-02   1.979E-01
   1.012E-02   1.837E-01
   1.015E-02   1.711E-01
   1.017E-02   1.593E-01
   1.020E-02   1.481E-01
   1.023E-02   1.375E-01
   1.026E-02   1.273E-01
   1.029E-02   1.180E-01
   1.032E-02   1.088E-01
   1.035E-02   1.002E-01
   1.038E-02   9.159E-02
   1.040E-02   8.444E-02
   1.043E-02   7.709E-02
   1.046E-02   7.030E-02
   1.049E-02   6.422E-02
   1.052E-02   5.883E-02
   1.055E-02   5.310E-02
   1.058E-02   4.831E-02
   1.061E-02   4.350E-02
   1.064E-02   3.944E-02
   1.066E-02   3.515E-02
   1.069E-02   3.164E-02
   1.072E-02   2.816E-02
   1.075E-02   2.514E-02
   1.078E-02   2.237E-02
   1.081E-02   1.978E-02
   1.084E-02   1.741E-02
   1.087E-02   1.538E-02
   1.089E-02   1.343E-02
   1.092E-02   1.171E-02
   1.095E-02   1.014E-02
   1.098E-02   8.750E-03
   1.101E-02   7.552E-03
   1.104E-02   6.465E-03
   1.107E-02   5.483E-03
   1.110E-02   4.676E-03
   1.113E-02   3.927E-03
   1.115E-02   3.247E-03
   1.118E-02   2.690E-03
   1.121E-02   2.196E-03
   1.124E-02   1.774E-03
   1.127E-02   1.417E-03
   1.130E-02   1.110E-03
   1.133E-02   8.555E-04
   1.136E-02   6.342E-04
   1.138E-02   4.548E-04
   1.141E-02   3.079E-04
   1.144E-02   1.926E-04
   1.147E-02   1.087E-04
   1.150E-02   2.697E-06
