   0.000E+00   4.221E-01
   2.882E-05   7.781E-02
   5.764E-05   6.079E-02
   8.647E-05   5.185E-02
   1.153E-04   4.634E-02
   1.441E-04   4.232E-02
   1.729E-04   3.947E-02
   2.018E-04   3.701E-02
   2.306E-04   3.492E-02
   2.594E-04   3.305E-02
   2.882E-04   3.138E-02
   3.170E-04   2.971E-02
   3.459E-04   2.792E-02
   3.747E-04   2.622E-02
   4.035E-04   2.459E-02
   4.323E-04   2.299E-02
   4.612E-04   2.149E-02
   4.900E-04   2.005E-02
   5.188E-04   1.873E-02
   5.476E-04   1.749E-02
   5.764E-04   1.637E-02
   6.053E-04   1.535E-02
   6.341E-04   1.439E-02
   6.629E-04   1.351E-02
   6.917E-04   1.269E-02
   7.206E-04   1.198E-02
   7.494E-04   1.134E-02
   7.782E-04   1.074E-02
   8.070E-04   1.023E-02
   8.358E-04   9.767E-03
   8.647E-04   9.345E-03
   8.935E-04   8.972E-03
   9.223E-04   8.640E-03
   9.511E-04   8.345E-03
   9.799E-04   8.068E-03
   1.009E-03   7.821E-03
   1.038E-03   7.600E-03
   1.066E-03   7.390E-03
   1.095E-03   7.193E-03
   1.124E-03   7.019E-03
   1.153E-03   6.853E-03
   1.182E-03   6.711E-03
   1.211E-03   6.570E-03
   1.239E-03   6.443E-03
   1.268E-03   6.318E-03
   1.297E-03   6.207E-03
   1.326E-03   6.098E-03
   1.355E-03   5.998E-03
   1.383E-03   5.905E-03
   1.412E-03   5.817E-03
   1.441E-03   5.735E-03
   1.470E-03   5.658E-03
   1.499E-03   5.583E-03
   1.528E-03   5.509E-03
   1.556E-03   5.438E-03
   1.585E-03   5.376E-03
   1.614E-03   5.314E-03
   1.643E-03   5.259E-03
   1.672E-03   5.201E-03
   1.701E-03   5.150E-03
   1.729E-03   5.098E-03
   1.758E-03   5.049E-03
   1.787E-03   5.005E-03
   1.816E-03   4.965E-03
   1.845E-03   4.917E-03
   1.873E-03   4.879E-03
   1.902E-03   4.842E-03
   1.931E-03   4.801E-03
   1.960E-03   4.769E-03
   1.989E-03   4.730E-03
   2.018E-03   4.699E-03
   2.046E-03   4.670E-03
   2.075E-03   4.633E-03
   2.104E-03   4.600E-03
   2.133E-03   4.574E-03
   2.162E-03   4.546E-03
   2.190E-03   4.519E-03
   2.219E-03   4.493E-03
   2.248E-03   4.464E-03
   2.277E-03   4.443E-03
   2.306E-03   4.419E-03
   2.335E-03   4.399E-03
   2.363E-03   4.376E-03
   2.392E-03   4.357E-03
   2.421E-03   4.343E-03
   2.450E-03   4.318E-03
   2.479E-03   4.304E-03
   2.508E-03   4.286E-03
   2.536E-03   4.268E-03
   2.565E-03   4.256E-03
   2.594E-03   4.238E-03
   2.623E-03   4.220E-03
   2.652E-03   4.207E-03
   2.680E-03   4.197E-03
   2.709E-03   4.180E-03
   2.738E-03   4.172E-03
   2.767E-03   4.166E-03
   2.796E-03   4.150E-03
   2.825E-03   4.140E-03
   2.853E-03   4.128E-03
   2.882E-03   4.112E-03
   2.911E-03   4.105E-03
   2.940E-03   4.093E-03
   2.969E-03   4.083E-03
   2.997E-03   4.070E-03
   3.026E-03   4.065E-03
   3.055E-03   4.061E-03
   3.084E-03   4.052E-03
   3.113E-03   4.041E-03
   3.142E-03   4.032E-03
   3.170E-03   4.029E-03
   3.199E-03   4.019E-03
   3.228E-03   4.014E-03
   3.257E-03   4.011E-03
   3.286E-03   4.002E-03
   3.315E-03   3.999E-03
   3.343E-03   3.986E-03
   3.372E-03   3.986E-03
   3.401E-03   3.979E-03
   3.430E-03   3.973E-03
   3.459E-03   3.968E-03
   3.487E-03   3.968E-03
   3.516E-03   3.963E-03
   3.545E-03   3.951E-03
   3.574E-03   3.961E-03
   3.603E-03   3.956E-03
   3.632E-03   3.953E-03
   3.660E-03   3.943E-03
   3.689E-03   3.948E-03
   3.718E-03   3.945E-03
   3.747E-03   3.942E-03
   3.776E-03   3.937E-03
   3.805E-03   3.934E-03
   3.833E-03   3.944E-03
   3.862E-03   3.938E-03
   3.891E-03   3.938E-03
   3.920E-03   3.942E-03
   3.949E-03   3.933E-03
   3.977E-03   3.944E-03
   4.006E-03   3.936E-03
   4.035E-03   3.942E-03
   4.064E-03   3.937E-03
   4.093E-03   3.943E-03
   4.122E-03   3.937E-03
   4.150E-03   3.942E-03
   4.179E-03   3.946E-03
   4.208E-03   3.947E-03
   4.237E-03   3.950E-03
   4.266E-03   3.948E-03
   4.294E-03   3.956E-03
   4.323E-03   3.954E-03
   4.352E-03   3.959E-03
   4.381E-03   3.965E-03
   4.410E-03   3.974E-03
   4.439E-03   3.980E-03
   4.467E-03   3.973E-03
   4.496E-03   3.979E-03
   4.525E-03   3.985E-03
   4.554E-03   3.981E-03
   4.583E-03   3.989E-03
   4.612E-03   3.997E-03
   4.640E-03   4.002E-03
   4.669E-03   4.001E-03
   4.698E-03   4.017E-03
   4.727E-03   4.010E-03
   4.756E-03   4.032E-03
   4.784E-03   4.027E-03
   4.813E-03   4.030E-03
   4.842E-03   4.044E-03
   4.871E-03   4.054E-03
   4.900E-03   4.057E-03
   4.929E-03   4.064E-03
   4.957E-03   4.080E-03
   4.986E-03   4.085E-03
   5.015E-03   4.095E-03
   5.044E-03   4.105E-03
   5.073E-03   4.106E-03
   5.102E-03   4.121E-03
   5.130E-03   4.127E-03
   5.159E-03   4.139E-03
   5.188E-03   4.147E-03
   5.217E-03   4.154E-03
   5.246E-03   4.175E-03
   5.274E-03   4.169E-03
   5.303E-03   4.194E-03
   5.332E-03   4.204E-03
   5.361E-03   4.210E-03
   5.390E-03   4.218E-03
   5.419E-03   4.237E-03
   5.447E-03   4.247E-03
   5.476E-03   4.265E-03
   5.505E-03   4.271E-03
   5.534E-03   4.284E-03
   5.563E-03   4.298E-03
   5.591E-03   4.306E-03
   5.620E-03   4.329E-03
   5.649E-03   4.334E-03
   5.678E-03   4.343E-03
   5.707E-03   4.371E-03
   5.736E-03   4.374E-03
   5.764E-03   4.401E-03
   5.793E-03   4.407E-03
   5.822E-03   4.428E-03
   5.851E-03   4.446E-03
   5.880E-03   4.459E-03
   5.909E-03   4.473E-03
   5.937E-03   4.495E-03
   5.966E-03   4.498E-03
   5.995E-03   4.521E-03
   6.024E-03   4.539E-03
   6.053E-03   4.553E-03
   6.081E-03   4.565E-03
   6.110E-03   4.589E-03
   6.139E-03   4.612E-03
   6.168E-03   4.616E-03
   6.197E-03   4.654E-03
   6.226E-03   4.669E-03
   6.254E-03   4.673E-03
   6.283E-03   4.696E-03
   6.312E-03   4.721E-03
   6.341E-03   4.740E-03
   6.370E-03   4.775E-03
   6.398E-03   4.791E-03
   6.427E-03   4.814E-03
   6.456E-03   4.832E-03
   6.485E-03   4.854E-03
   6.514E-03   4.884E-03
   6.543E-03   4.908E-03
   6.571E-03   4.939E-03
   6.600E-03   4.951E-03
   6.629E-03   4.989E-03
   6.658E-03   5.012E-03
   6.687E-03   5.041E-03
   6.716E-03   5.060E-03
   6.744E-03   5.101E-03
   6.773E-03   5.130E-03
   6.802E-03   5.141E-03
   6.831E-03   5.186E-03
   6.860E-03   5.213E-03
   6.888E-03   5.248E-03
   6.917E-03   5.273E-03
   6.946E-03   5.289E-03
   6.975E-03   5.317E-03
   7.004E-03   5.361E-03
   7.033E-03   5.392E-03
   7.061E-03   5.428E-03
   7.090E-03   5.465E-03
   7.119E-03   5.488E-03
   7.148E-03   5.528E-03
   7.177E-03   5.587E-03
   7.206E-03   5.592E-03
   7.234E-03   5.655E-03
   7.263E-03   5.691E-03
   7.292E-03   5.732E-03
   7.321E-03   5.769E-03
   7.350E-03   5.821E-03
   7.378E-03   5.855E-03
   7.407E-03   5.903E-03
   7.436E-03   5.957E-03
   7.465E-03   6.015E-03
   7.494E-03   6.042E-03
   7.523E-03   6.106E-03
   7.551E-03   6.144E-03
   7.580E-03   6.189E-03
   7.609E-03   6.236E-03
   7.638E-03   6.301E-03
   7.667E-03   6.350E-03
   7.695E-03   6.409E-03
   7.724E-03   6.440E-03
   7.753E-03   6.511E-03
   7.782E-03   6.569E-03
   7.811E-03   6.608E-03
   7.840E-03   6.668E-03
   7.868E-03   6.726E-03
   7.897E-03   6.796E-03
   7.926E-03   6.834E-03
   7.955E-03   6.892E-03
   7.984E-03   6.987E-03
   8.013E-03   7.036E-03
   8.041E-03   7.106E-03
   8.070E-03   7.189E-03
   8.099E-03   7.242E-03
   8.128E-03   7.319E-03
   8.157E-03   7.416E-03
   8.185E-03   7.466E-03
   8.214E-03   7.559E-03
   8.243E-03   7.645E-03
   8.272E-03   7.692E-03
   8.301E-03   7.795E-03
   8.330E-03   7.875E-03
   8.358E-03   7.980E-03
   8.387E-03   8.032E-03
   8.416E-03   8.132E-03
   8.445E-03   8.229E-03
   8.474E-03   8.338E-03
   8.503E-03   8.444E-03
   8.531E-03   8.538E-03
   8.560E-03   8.636E-03
   8.589E-03   8.755E-03
   8.618E-03   8.840E-03
   8.647E-03   8.947E-03
   8.675E-03   9.063E-03
   8.704E-03   9.177E-03
   8.733E-03   9.282E-03
   8.762E-03   9.402E-03
   8.791E-03   9.535E-03
   8.820E-03   9.686E-03
   8.848E-03   9.808E-03
   8.877E-03   9.923E-03
   8.906E-03   1.005E-02
   8.935E-03   1.020E-02
   8.964E-03   1.034E-02
   8.992E-03   1.051E-02
   9.021E-03   1.067E-02
   9.050E-03   1.081E-02
   9.079E-03   1.098E-02
   9.108E-03   1.114E-02
   9.137E-03   1.134E-02
   9.165E-03   1.153E-02
   9.194E-03   1.168E-02
   9.223E-03   1.187E-02
   9.252E-03   1.211E-02
   9.281E-03   1.228E-02
   9.310E-03   1.247E-02
   9.338E-03   1.274E-02
   9.367E-03   1.295E-02
   9.396E-03   1.319E-02
   9.425E-03   1.345E-02
   9.454E-03   1.368E-02
   9.482E-03   1.394E-02
   9.511E-03   1.423E-02
   9.540E-03   1.450E-02
   9.569E-03   1.481E-02
   9.598E-03   1.509E-02
   9.627E-03   1.543E-02
   9.655E-03   1.568E-02
   9.684E-03   1.605E-02
   9.713E-03   1.639E-02
   9.742E-03   1.677E-02
   9.771E-03   1.713E-02
   9.799E-03   1.755E-02
   9.828E-03   1.795E-02
   9.857E-03   1.839E-02
   9.886E-03   1.881E-02
   9.915E-03   1.931E-02
   9.944E-03   1.980E-02
   9.972E-03   2.032E-02
   1.000E-02   2.089E-02
   1.003E-02   2.153E-02
   1.006E-02   2.210E-02
   1.009E-02   2.276E-02
   1.012E-02   2.342E-02
   1.015E-02   2.412E-02
   1.017E-02   2.493E-02
   1.020E-02   2.578E-02
   1.023E-02   2.667E-02
   1.026E-02   2.758E-02
   1.029E-02   2.853E-02
   1.032E-02   2.955E-02
   1.035E-02   3.070E-02
   1.038E-02   3.202E-02
   1.040E-02   3.339E-02
   1.043E-02   3.466E-02
   1.046E-02   3.641E-02
   1.049E-02   3.792E-02
   1.052E-02   4.007E-02
   1.055E-02   4.195E-02
   1.058E-02   4.448E-02
   1.061E-02   4.699E-02
   1.064E-02   4.991E-02
   1.066E-02   5.311E-02
   1.069E-02   5.772E-02
   1.072E-02   6.218E-02
   1.075E-02   6.720E-02
   1.078E-02   7.339E-02
   1.081E-02   8.061E-02
   1.084E-02   8.802E-02
   1.087E-02   1.012E-01
   1.089E-02   1.100E-01
   1.092E-02   1.298E-01
   1.095E-02   1.445E-01
   1.098E-02   1.656E-01
   1.101E-02   1.939E-01
   1.104E-02   2.321E-01
   1.107E-02   2.786E-01
   1.110E-02   3.456E-01
   1.113E-02   4.211E-01
   1.115E-02   5.479E-01
   1.118E-02   7.158E-01
   1.121E-02   9.362E-01
   1.124E-02   1.314E+00
   1.127E-02   1.860E+00
   1.130E-02   2.613E+00
   1.133E-02   4.193E+00
   1.136E-02   6.781E+00
   1.138E-02   1.166E+01
   1.141E-02   2.298E+01
   1.144E-02   5.132E+01
   1.147E-02   1.411E+02
   1.150E-02   3.585E+11
