   0.000E+00   7.192E+04
   2.882E-05   1.540E+02
   5.764E-05   5.550E+01
   8.647E-05   3.212E+01
   1.153E-04   2.275E+01
   1.441E-04   1.783E+01
   1.729E-04   1.486E+01
   2.018E-04   1.287E+01
   2.306E-04   1.157E+01
   2.594E-04   1.062E+01
   2.882E-04   9.914E+00
   3.170E-04   9.361E+00
   3.459E-04   8.938E+00
   3.747E-04   8.597E+00
   4.035E-04   8.341E+00
   4.323E-04   8.136E+00
   4.612E-04   7.975E+00
   4.900E-04   7.832E+00
   5.188E-04   7.701E+00
   5.476E-04   7.597E+00
   5.764E-04   7.498E+00
   6.053E-04   7.403E+00
   6.341E-04   7.299E+00
   6.629E-04   7.209E+00
   6.917E-04   7.125E+00
   7.206E-04   7.040E+00
   7.494E-04   6.941E+00
   7.782E-04   6.848E+00
   8.070E-04   6.751E+00
   8.358E-04   6.662E+00
   8.647E-04   6.558E+00
   8.935E-04   6.466E+00
   9.223E-04   6.365E+00
   9.511E-04   6.266E+00
   9.799E-04   6.160E+00
   1.009E-03   6.062E+00
   1.038E-03   5.939E+00
   1.066E-03   5.816E+00
   1.095E-03   5.672E+00
   1.124E-03   5.513E+00
   1.153E-03   5.328E+00
   1.182E-03   5.142E+00
   1.211E-03   4.938E+00
   1.239E-03   4.736E+00
   1.268E-03   4.530E+00
   1.297E-03   4.340E+00
   1.326E-03   4.162E+00
   1.355E-03   3.982E+00
   1.383E-03   3.822E+00
   1.412E-03   3.676E+00
   1.441E-03   3.550E+00
   1.470E-03   3.435E+00
   1.499E-03   3.325E+00
   1.528E-03   3.222E+00
   1.556E-03   3.132E+00
   1.585E-03   3.056E+00
   1.614E-03   2.984E+00
   1.643E-03   2.920E+00
   1.672E-03   2.855E+00
   1.701E-03   2.806E+00
   1.729E-03   2.759E+00
   1.758E-03   2.714E+00
   1.787E-03   2.678E+00
   1.816E-03   2.642E+00
   1.845E-03   2.602E+00
   1.873E-03   2.580E+00
   1.902E-03   2.548E+00
   1.931E-03   2.523E+00
   1.960E-03   2.494E+00
   1.989E-03   2.462E+00
   2.018E-03   2.439E+00
   2.046E-03   2.426E+00
   2.075E-03   2.405E+00
   2.104E-03   2.394E+00
   2.133E-03   2.381E+00
   2.162E-03   2.359E+00
   2.190E-03   2.339E+00
   2.219E-03   2.341E+00
   2.248E-03   2.330E+00
   2.277E-03   2.317E+00
   2.306E-03   2.327E+00
   2.335E-03   2.327E+00
   2.363E-03   2.310E+00
   2.392E-03   2.327E+00
   2.421E-03   2.333E+00
   2.450E-03   2.289E+00
   2.479E-03   2.292E+00
   2.508E-03   2.285E+00
   2.536E-03   2.284E+00
   2.565E-03   2.298E+00
   2.594E-03   2.284E+00
   2.623E-03   2.295E+00
   2.652E-03   2.295E+00
   2.680E-03   2.298E+00
   2.709E-03   2.304E+00
   2.738E-03   2.318E+00
   2.767E-03   2.342E+00
   2.796E-03   2.352E+00
   2.825E-03   2.369E+00
   2.853E-03   2.384E+00
   2.882E-03   2.380E+00
   2.911E-03   2.388E+00
   2.940E-03   2.419E+00
   2.969E-03   2.423E+00
   2.997E-03   2.445E+00
   3.026E-03   2.459E+00
   3.055E-03   2.489E+00
   3.084E-03   2.481E+00
   3.113E-03   2.503E+00
   3.142E-03   2.542E+00
   3.170E-03   2.555E+00
   3.199E-03   2.585E+00
   3.228E-03   2.577E+00
   3.257E-03   2.639E+00
   3.286E-03   2.688E+00
   3.315E-03   2.671E+00
   3.343E-03   2.737E+00
   3.372E-03   2.753E+00
   3.401E-03   2.797E+00
   3.430E-03   2.815E+00
   3.459E-03   2.881E+00
   3.487E-03   2.932E+00
   3.516E-03   2.954E+00
   3.545E-03   2.961E+00
   3.574E-03   3.000E+00
   3.603E-03   3.091E+00
   3.632E-03   3.093E+00
   3.660E-03   3.184E+00
   3.689E-03   3.223E+00
   3.718E-03   3.236E+00
   3.747E-03   3.322E+00
   3.776E-03   3.414E+00
   3.805E-03   3.453E+00
   3.833E-03   3.497E+00
   3.862E-03   3.599E+00
   3.891E-03   3.714E+00
   3.920E-03   3.769E+00
   3.949E-03   3.874E+00
   3.977E-03   3.942E+00
   4.006E-03   4.162E+00
   4.035E-03   4.100E+00
   4.064E-03   4.198E+00
   4.093E-03   4.332E+00
   4.122E-03   4.303E+00
   4.150E-03   4.424E+00
   4.179E-03   4.701E+00
   4.208E-03   4.686E+00
   4.237E-03   4.846E+00
   4.266E-03   4.991E+00
   4.294E-03   5.124E+00
   4.323E-03   5.348E+00
   4.352E-03   5.553E+00
   4.381E-03   6.012E+00
   4.410E-03   6.043E+00
   4.439E-03   6.115E+00
   4.467E-03   6.332E+00
   4.496E-03   6.895E+00
   4.525E-03   7.063E+00
   4.554E-03   6.570E+00
   4.583E-03   7.115E+00
   4.612E-03   8.052E+00
   4.640E-03   8.323E+00
   4.669E-03   7.539E+00
   4.698E-03   8.469E+00
   4.727E-03   8.644E+00
   4.756E-03   1.009E+01
   4.784E-03   9.076E+00
   4.813E-03   9.411E+00
   4.842E-03   1.077E+01
   4.871E-03   1.165E+01
   4.900E-03   1.147E+01
   4.929E-03   1.146E+01
   4.957E-03   1.319E+01
   4.986E-03   1.223E+01
   5.015E-03   1.372E+01
   5.044E-03   1.365E+01
   5.073E-03   1.393E+01
   5.102E-03   1.501E+01
   5.130E-03   1.583E+01
   5.159E-03   1.677E+01
   5.188E-03   1.799E+01
   5.217E-03   1.739E+01
   5.246E-03   2.068E+01
   5.274E-03   2.058E+01
   5.303E-03   2.237E+01
   5.332E-03   2.263E+01
   5.361E-03   2.516E+01
   5.390E-03   2.599E+01
   5.419E-03   2.644E+01
   5.447E-03   2.889E+01
   5.476E-03   3.030E+01
   5.505E-03   2.838E+01
   5.534E-03   2.887E+01
   5.563E-03   3.368E+01
   5.591E-03   3.242E+01
   5.620E-03   3.752E+01
   5.649E-03   3.812E+01
   5.678E-03   3.765E+01
   5.707E-03   4.209E+01
   5.736E-03   4.017E+01
   5.764E-03   4.115E+01
   5.793E-03   4.566E+01
   5.822E-03   5.071E+01
   5.851E-03   5.015E+01
   5.880E-03   5.447E+01
   5.909E-03   5.660E+01
   5.937E-03   5.942E+01
   5.966E-03   6.224E+01
   5.995E-03   6.449E+01
   6.024E-03   7.189E+01
   6.053E-03   7.273E+01
   6.081E-03   7.977E+01
   6.110E-03   8.468E+01
   6.139E-03   7.921E+01
   6.168E-03   8.630E+01
   6.197E-03   9.566E+01
   6.226E-03   9.813E+01
   6.254E-03   1.073E+02
   6.283E-03   1.016E+02
   6.312E-03   1.142E+02
   6.341E-03   1.247E+02
   6.370E-03   1.263E+02
   6.398E-03   1.273E+02
   6.427E-03   1.437E+02
   6.456E-03   1.431E+02
   6.485E-03   1.545E+02
   6.514E-03   1.509E+02
   6.543E-03   1.622E+02
   6.571E-03   1.612E+02
   6.600E-03   1.847E+02
   6.629E-03   1.790E+02
   6.658E-03   1.892E+02
   6.687E-03   1.924E+02
   6.716E-03   2.087E+02
   6.744E-03   2.253E+02
   6.773E-03   2.215E+02
   6.802E-03   2.262E+02
   6.831E-03   2.672E+02
   6.860E-03   2.596E+02
   6.888E-03   2.811E+02
   6.917E-03   2.815E+02
   6.946E-03   2.885E+02
   6.975E-03   3.149E+02
   7.004E-03   3.384E+02
   7.033E-03   3.647E+02
   7.061E-03   3.640E+02
   7.090E-03   3.945E+02
   7.119E-03   3.943E+02
   7.148E-03   4.346E+02
   7.177E-03   4.465E+02
   7.206E-03   4.502E+02
   7.234E-03   5.056E+02
   7.263E-03   5.046E+02
   7.292E-03   5.521E+02
   7.321E-03   5.931E+02
   7.350E-03   5.958E+02
   7.378E-03   6.458E+02
   7.407E-03   6.736E+02
   7.436E-03   7.211E+02
   7.465E-03   7.504E+02
   7.494E-03   7.881E+02
   7.523E-03   8.228E+02
   7.551E-03   8.556E+02
   7.580E-03   8.706E+02
   7.609E-03   9.315E+02
   7.638E-03   1.012E+03
   7.667E-03   1.031E+03
   7.695E-03   1.065E+03
   7.724E-03   1.154E+03
   7.753E-03   1.155E+03
   7.782E-03   1.241E+03
   7.811E-03   1.358E+03
   7.840E-03   1.326E+03
   7.868E-03   1.373E+03
   7.897E-03   1.523E+03
   7.926E-03   1.535E+03
   7.955E-03   1.620E+03
   7.984E-03   1.658E+03
   8.013E-03   1.731E+03
   8.041E-03   1.828E+03
   8.070E-03   1.897E+03
   8.099E-03   1.989E+03
   8.128E-03   2.068E+03
   8.157E-03   2.228E+03
   8.185E-03   2.247E+03
   8.214E-03   2.366E+03
   8.243E-03   2.429E+03
   8.272E-03   2.558E+03
   8.301E-03   2.678E+03
   8.330E-03   2.761E+03
   8.358E-03   2.884E+03
   8.387E-03   2.982E+03
   8.416E-03   3.154E+03
   8.445E-03   3.308E+03
   8.474E-03   3.385E+03
   8.503E-03   3.488E+03
   8.531E-03   3.706E+03
   8.560E-03   3.889E+03
   8.589E-03   4.048E+03
   8.618E-03   4.243E+03
   8.647E-03   4.468E+03
   8.675E-03   4.718E+03
   8.704E-03   5.001E+03
   8.733E-03   5.106E+03
   8.762E-03   5.418E+03
   8.791E-03   5.689E+03
   8.820E-03   5.965E+03
   8.848E-03   6.110E+03
   8.877E-03   6.545E+03
   8.906E-03   6.848E+03
   8.935E-03   6.999E+03
   8.964E-03   7.292E+03
   8.992E-03   7.834E+03
   9.021E-03   8.167E+03
   9.050E-03   8.665E+03
   9.079E-03   9.001E+03
   9.108E-03   9.500E+03
   9.137E-03   9.909E+03
   9.165E-03   1.041E+04
   9.194E-03   1.077E+04
   9.223E-03   1.139E+04
   9.252E-03   1.220E+04
   9.281E-03   1.268E+04
   9.310E-03   1.316E+04
   9.338E-03   1.399E+04
   9.367E-03   1.466E+04
   9.396E-03   1.543E+04
   9.425E-03   1.607E+04
   9.454E-03   1.692E+04
   9.482E-03   1.760E+04
   9.511E-03   1.880E+04
   9.540E-03   1.960E+04
   9.569E-03   2.065E+04
   9.598E-03   2.173E+04
   9.627E-03   2.290E+04
   9.655E-03   2.392E+04
   9.684E-03   2.531E+04
   9.713E-03   2.634E+04
   9.742E-03   2.772E+04
   9.771E-03   2.928E+04
   9.799E-03   3.111E+04
   9.828E-03   3.229E+04
   9.857E-03   3.389E+04
   9.886E-03   3.590E+04
   9.915E-03   3.754E+04
   9.944E-03   3.901E+04
   9.972E-03   4.079E+04
   1.000E-02   4.318E+04
   1.003E-02   4.574E+04
   1.006E-02   4.771E+04
   1.009E-02   5.041E+04
   1.012E-02   5.298E+04
   1.015E-02   5.519E+04
   1.017E-02   5.863E+04
   1.020E-02   6.146E+04
   1.023E-02   6.464E+04
   1.026E-02   6.777E+04
   1.029E-02   7.101E+04
   1.032E-02   7.438E+04
   1.035E-02   7.748E+04
   1.038E-02   8.129E+04
   1.040E-02   8.444E+04
   1.043E-02   8.863E+04
   1.046E-02   9.178E+04
   1.049E-02   9.574E+04
   1.052E-02   9.967E+04
   1.055E-02   1.033E+05
   1.058E-02   1.072E+05
   1.061E-02   1.110E+05
   1.064E-02   1.149E+05
   1.066E-02   1.195E+05
   1.069E-02   1.236E+05
   1.072E-02   1.264E+05
   1.075E-02   1.297E+05
   1.078E-02   1.324E+05
   1.081E-02   1.350E+05
   1.084E-02   1.382E+05
   1.087E-02   1.413E+05
   1.089E-02   1.440E+05
   1.092E-02   1.468E+05
   1.095E-02   1.475E+05
   1.098E-02   1.491E+05
   1.101E-02   1.510E+05
   1.104E-02   1.524E+05
   1.107E-02   1.548E+05
   1.110E-02   1.577E+05
   1.113E-02   1.624E+05
   1.115E-02   1.656E+05
   1.118E-02   1.712E+05
   1.121E-02   1.774E+05
   1.124E-02   1.862E+05
   1.127E-02   2.026E+05
   1.130E-02   2.158E+05
   1.133E-02   2.338E+05
   1.136E-02   2.632E+05
   1.138E-02   2.973E+05
   1.141E-02   3.538E+05
   1.144E-02   4.329E+05
   1.147E-02   5.552E+05
   1.150E-02   2.484E+12
