   2.980E+02   1.692E-01
   3.015E+02   8.277E+00
   3.050E+02   1.354E+01
   3.085E+02   1.850E+01
   3.121E+02   2.335E+01
   3.156E+02   2.811E+01
   3.191E+02   3.274E+01
   3.226E+02   3.729E+01
   3.261E+02   4.173E+01
   3.296E+02   4.612E+01
   3.331E+02   5.039E+01
   3.367E+02   5.454E+01
   3.402E+02   5.871E+01
   3.437E+02   6.276E+01
   3.472E+02   6.674E+01
   3.507E+02   7.063E+01
   3.542E+02   7.456E+01
   3.577E+02   7.840E+01
   3.612E+02   8.218E+01
   3.648E+02   8.600E+01
   3.683E+02   8.955E+01
   3.718E+02   9.320E+01
   3.753E+02   9.672E+01
   3.788E+02   1.002E+02
   3.823E+02   1.039E+02
   3.858E+02   1.073E+02
   3.894E+02   1.107E+02
   3.929E+02   1.141E+02
   3.964E+02   1.175E+02
   3.999E+02   1.208E+02
   4.034E+02   1.241E+02
   4.069E+02   1.272E+02
   4.104E+02   1.303E+02
   4.140E+02   1.336E+02
   4.175E+02   1.366E+02
   4.210E+02   1.397E+02
   4.245E+02   1.427E+02
   4.280E+02   1.457E+02
   4.315E+02   1.486E+02
   4.350E+02   1.516E+02
   4.386E+02   1.545E+02
   4.421E+02   1.573E+02
   4.456E+02   1.600E+02
   4.491E+02   1.627E+02
   4.526E+02   1.656E+02
   4.561E+02   1.682E+02
   4.596E+02   1.709E+02
   4.631E+02   1.736E+02
   4.667E+02   1.761E+02
   4.702E+02   1.787E+02
   4.737E+02   1.815E+02
   4.772E+02   1.838E+02
   4.807E+02   1.865E+02
   4.842E+02   1.889E+02
   4.877E+02   1.914E+02
   4.913E+02   1.939E+02
   4.948E+02   1.960E+02
   4.983E+02   1.984E+02
   5.018E+02   2.008E+02
   5.053E+02   2.029E+02
   5.088E+02   2.054E+02
   5.123E+02   2.077E+02
   5.159E+02   2.098E+02
   5.194E+02   2.121E+02
   5.229E+02   2.141E+02
   5.264E+02   2.162E+02
   5.299E+02   2.183E+02
   5.334E+02   2.206E+02
   5.369E+02   2.226E+02
   5.405E+02   2.246E+02
   5.440E+02   2.265E+02
   5.475E+02   2.284E+02
   5.510E+02   2.305E+02
   5.545E+02   2.327E+02
   5.580E+02   2.342E+02
   5.615E+02   2.358E+02
   5.650E+02   2.379E+02
   5.686E+02   2.400E+02
   5.721E+02   2.416E+02
   5.756E+02   2.431E+02
   5.791E+02   2.453E+02
   5.826E+02   2.469E+02
   5.861E+02   2.487E+02
   5.896E+02   2.501E+02
   5.932E+02   2.519E+02
   5.967E+02   2.532E+02
   6.002E+02   2.551E+02
   6.037E+02   2.566E+02
   6.072E+02   2.580E+02
   6.107E+02   2.597E+02
   6.142E+02   2.612E+02
   6.178E+02   2.625E+02
   6.213E+02   2.637E+02
   6.248E+02   2.648E+02
   6.283E+02   2.665E+02
   6.318E+02   2.679E+02
   6.353E+02   2.693E+02
   6.388E+02   2.707E+02
   6.424E+02   2.717E+02
   6.459E+02   2.729E+02
   6.494E+02   2.741E+02
   6.529E+02   2.754E+02
   6.564E+02   2.765E+02
   6.599E+02   2.776E+02
   6.634E+02   2.784E+02
   6.669E+02   2.796E+02
   6.705E+02   2.806E+02
   6.740E+02   2.816E+02
   6.775E+02   2.828E+02
   6.810E+02   2.837E+02
   6.845E+02   2.848E+02
   6.880E+02   2.853E+02
   6.915E+02   2.866E+02
   6.951E+02   2.873E+02
   6.986E+02   2.881E+02
   7.021E+02   2.890E+02
   7.056E+02   2.897E+02
   7.091E+02   2.905E+02
   7.126E+02   2.914E+02
   7.161E+02   2.919E+02
   7.197E+02   2.928E+02
   7.232E+02   2.935E+02
   7.267E+02   2.939E+02
   7.302E+02   2.946E+02
   7.337E+02   2.954E+02
   7.372E+02   2.960E+02
   7.407E+02   2.963E+02
   7.443E+02   2.969E+02
   7.478E+02   2.973E+02
   7.513E+02   2.979E+02
   7.548E+02   2.985E+02
   7.583E+02   2.989E+02
   7.618E+02   2.996E+02
   7.653E+02   2.999E+02
   7.688E+02   3.002E+02
   7.724E+02   3.006E+02
   7.759E+02   3.009E+02
   7.794E+02   3.013E+02
   7.829E+02   3.016E+02
   7.864E+02   3.019E+02
   7.899E+02   3.023E+02
   7.934E+02   3.026E+02
   7.970E+02   3.026E+02
   8.005E+02   3.028E+02
   8.040E+02   3.031E+02
   8.075E+02   3.031E+02
   8.110E+02   3.034E+02
   8.145E+02   3.035E+02
   8.180E+02   3.040E+02
   8.216E+02   3.039E+02
   8.251E+02   3.041E+02
   8.286E+02   3.042E+02
   8.321E+02   3.042E+02
   8.356E+02   3.044E+02
   8.391E+02   3.041E+02
   8.426E+02   3.041E+02
   8.462E+02   3.040E+02
   8.497E+02   3.042E+02
   8.532E+02   3.039E+02
   8.567E+02   3.043E+02
   8.602E+02   3.037E+02
   8.637E+02   3.037E+02
   8.672E+02   3.034E+02
   8.707E+02   3.037E+02
   8.743E+02   3.033E+02
   8.778E+02   3.031E+02
   8.813E+02   3.028E+02
   8.848E+02   3.026E+02
   8.883E+02   3.021E+02
   8.918E+02   3.019E+02
   8.953E+02   3.015E+02
   8.989E+02   3.013E+02
   9.024E+02   3.010E+02
   9.059E+02   3.006E+02
   9.094E+02   3.001E+02
   9.129E+02   2.997E+02
   9.164E+02   2.991E+02
   9.199E+02   2.989E+02
   9.235E+02   2.983E+02
   9.270E+02   2.980E+02
   9.305E+02   2.975E+02
   9.340E+02   2.968E+02
   9.375E+02   2.962E+02
   9.410E+02   2.955E+02
   9.445E+02   2.951E+02
   9.481E+02   2.946E+02
   9.516E+02   2.934E+02
   9.551E+02   2.930E+02
   9.586E+02   2.922E+02
   9.621E+02   2.919E+02
   9.656E+02   2.908E+02
   9.691E+02   2.901E+02
   9.726E+02   2.892E+02
   9.762E+02   2.883E+02
   9.797E+02   2.878E+02
   9.832E+02   2.865E+02
   9.867E+02   2.857E+02
   9.902E+02   2.850E+02
   9.937E+02   2.838E+02
   9.972E+02   2.825E+02
   1.001E+03   2.816E+02
   1.004E+03   2.809E+02
   1.008E+03   2.797E+02
   1.011E+03   2.783E+02
   1.015E+03   2.774E+02
   1.018E+03   2.762E+02
   1.022E+03   2.750E+02
   1.025E+03   2.736E+02
   1.029E+03   2.722E+02
   1.032E+03   2.709E+02
   1.036E+03   2.695E+02
   1.039E+03   2.682E+02
   1.043E+03   2.669E+02
   1.046E+03   2.653E+02
   1.050E+03   2.637E+02
   1.053E+03   2.625E+02
   1.057E+03   2.607E+02
   1.060E+03   2.594E+02
   1.064E+03   2.573E+02
   1.068E+03   2.557E+02
   1.071E+03   2.540E+02
   1.075E+03   2.522E+02
   1.078E+03   2.506E+02
   1.082E+03   2.488E+02
   1.085E+03   2.466E+02
   1.089E+03   2.449E+02
   1.092E+03   2.429E+02
   1.096E+03   2.410E+02
   1.099E+03   2.389E+02
   1.103E+03   2.365E+02
   1.106E+03   2.345E+02
   1.110E+03   2.323E+02
   1.113E+03   2.303E+02
   1.117E+03   2.279E+02
   1.120E+03   2.256E+02
   1.124E+03   2.233E+02
   1.127E+03   2.208E+02
   1.131E+03   2.184E+02
   1.134E+03   2.160E+02
   1.138E+03   2.132E+02
   1.141E+03   2.107E+02
   1.145E+03   2.080E+02
   1.148E+03   2.052E+02
   1.152E+03   2.026E+02
   1.155E+03   1.998E+02
   1.159E+03   1.969E+02
   1.162E+03   1.942E+02
   1.166E+03   1.913E+02
   1.169E+03   1.883E+02
   1.173E+03   1.852E+02
   1.176E+03   1.821E+02
   1.180E+03   1.790E+02
   1.183E+03   1.760E+02
   1.187E+03   1.728E+02
   1.191E+03   1.694E+02
   1.194E+03   1.661E+02
   1.198E+03   1.629E+02
   1.201E+03   1.595E+02
   1.205E+03   1.562E+02
   1.208E+03   1.528E+02
   1.212E+03   1.494E+02
   1.215E+03   1.461E+02
   1.219E+03   1.428E+02
   1.222E+03   1.393E+02
   1.226E+03   1.358E+02
   1.229E+03   1.323E+02
   1.233E+03   1.288E+02
   1.236E+03   1.252E+02
   1.240E+03   1.215E+02
   1.243E+03   1.182E+02
   1.247E+03   1.146E+02
   1.250E+03   1.108E+02
   1.254E+03   1.073E+02
   1.257E+03   1.038E+02
   1.261E+03   1.001E+02
   1.264E+03   9.655E+01
   1.268E+03   9.313E+01
   1.271E+03   8.960E+01
   1.275E+03   8.592E+01
   1.278E+03   8.242E+01
   1.282E+03   7.883E+01
   1.285E+03   7.541E+01
   1.289E+03   7.193E+01
   1.292E+03   6.866E+01
   1.296E+03   6.532E+01
   1.299E+03   6.207E+01
   1.303E+03   5.890E+01
   1.306E+03   5.574E+01
   1.310E+03   5.272E+01
   1.313E+03   4.976E+01
   1.317E+03   4.686E+01
   1.321E+03   4.397E+01
   1.324E+03   4.123E+01
   1.328E+03   3.868E+01
   1.331E+03   3.609E+01
   1.335E+03   3.360E+01
   1.338E+03   3.107E+01
   1.342E+03   2.862E+01
   1.345E+03   2.633E+01
   1.349E+03   2.419E+01
   1.352E+03   2.225E+01
   1.356E+03   2.039E+01
   1.359E+03   1.854E+01
   1.363E+03   1.665E+01
   1.366E+03   1.496E+01
   1.370E+03   1.345E+01
   1.373E+03   1.208E+01
   1.377E+03   1.089E+01
   1.380E+03   9.827E+00
   1.384E+03   8.874E+00
   1.387E+03   8.079E+00
   1.391E+03   7.387E+00
   1.394E+03   6.951E+00
   1.398E+03   6.686E+00
   1.401E+03   6.563E+00
   1.405E+03   6.635E+00
   1.408E+03   6.790E+00
   1.412E+03   7.182E+00
   1.415E+03   7.801E+00
   1.419E+03   8.479E+00
   1.422E+03   9.139E+00
   1.426E+03   9.852E+00
   1.429E+03   1.072E+01
   1.433E+03   1.165E+01
   1.436E+03   1.258E+01
   1.440E+03   1.348E+01
   1.443E+03   1.436E+01
   1.447E+03   1.525E+01
   1.451E+03   1.609E+01
   1.454E+03   1.682E+01
   1.458E+03   1.751E+01
   1.461E+03   1.820E+01
   1.465E+03   1.881E+01
   1.468E+03   1.938E+01
   1.472E+03   1.990E+01
   1.475E+03   2.041E+01
   1.479E+03   2.086E+01
   1.482E+03   2.124E+01
   1.486E+03   2.155E+01
   1.489E+03   2.180E+01
   1.493E+03   2.201E+01
   1.496E+03   2.223E+01
   1.500E+03   2.242E+01
   1.503E+03   2.262E+01
   1.507E+03   2.278E+01
   1.510E+03   2.295E+01
   1.514E+03   2.307E+01
   1.517E+03   2.316E+01
   1.521E+03   2.323E+01
   1.524E+03   2.321E+01
   1.528E+03   2.321E+01
   1.531E+03   2.318E+01
   1.535E+03   2.311E+01
   1.538E+03   2.306E+01
   1.542E+03   2.295E+01
   1.545E+03   2.287E+01
   1.549E+03   2.277E+01
   1.552E+03   2.263E+01
   1.556E+03   2.244E+01
   1.559E+03   2.226E+01
   1.563E+03   2.207E+01
   1.566E+03   2.188E+01
   1.570E+03   2.165E+01
   1.574E+03   2.140E+01
   1.577E+03   2.110E+01
   1.581E+03   2.080E+01
   1.584E+03   2.051E+01
   1.588E+03   2.021E+01
   1.591E+03   1.996E+01
   1.595E+03   1.966E+01
   1.598E+03   1.935E+01
   1.602E+03   1.908E+01
   1.605E+03   1.883E+01
   1.609E+03   1.862E+01
   1.612E+03   1.831E+01
   1.616E+03   1.806E+01
   1.619E+03   1.777E+01
   1.623E+03   1.747E+01
   1.626E+03   1.719E+01
   1.630E+03   1.690E+01
   1.633E+03   1.658E+01
   1.637E+03   1.625E+01
   1.640E+03   1.592E+01
   1.644E+03   1.564E+01
   1.647E+03   1.532E+01
   1.651E+03   1.499E+01
   1.654E+03   1.464E+01
   1.658E+03   1.424E+01
   1.661E+03   1.383E+01
   1.665E+03   1.357E+01
   1.668E+03   1.329E+01
   1.672E+03   1.289E+01
   1.675E+03   1.260E+01
   1.679E+03   1.245E+01
   1.682E+03   1.235E+01
   1.686E+03   1.204E+01
   1.689E+03   1.162E+01
   1.693E+03   1.118E+01
   1.696E+03   1.077E+01
   1.700E+03   9.479E+00
