   0.000E+00   2.571E-03
   2.882E-05   5.171E-02
   5.764E-05   1.210E-01
   8.647E-05   2.046E-01
   1.153E-04   2.995E-01
   1.441E-04   4.046E-01
   1.729E-04   5.193E-01
   2.018E-04   6.462E-01
   2.306E-04   7.823E-01
   2.594E-04   9.261E-01
   2.882E-04   1.077E+00
   3.170E-04   1.237E+00
   3.459E-04   1.406E+00
   3.747E-04   1.584E+00
   4.035E-04   1.773E+00
   4.323E-04   1.972E+00
   4.612E-04   2.179E+00
   4.900E-04   2.394E+00
   5.188E-04   2.615E+00
   5.476E-04   2.843E+00
   5.764E-04   3.075E+00
   6.053E-04   3.311E+00
   6.341E-04   3.550E+00
   6.629E-04   3.793E+00
   6.917E-04   4.037E+00
   7.206E-04   4.280E+00
   7.494E-04   4.526E+00
   7.782E-04   4.772E+00
   8.070E-04   5.017E+00
   8.358E-04   5.257E+00
   8.647E-04   5.498E+00
   8.935E-04   5.738E+00
   9.223E-04   5.975E+00
   9.511E-04   6.209E+00
   9.799E-04   6.440E+00
   1.009E-03   6.671E+00
   1.038E-03   6.897E+00
   1.066E-03   7.124E+00
   1.095E-03   7.350E+00
   1.124E-03   7.570E+00
   1.153E-03   7.789E+00
   1.182E-03   8.004E+00
   1.211E-03   8.217E+00
   1.239E-03   8.427E+00
   1.268E-03   8.639E+00
   1.297E-03   8.846E+00
   1.326E-03   9.048E+00
   1.355E-03   9.253E+00
   1.383E-03   9.449E+00
   1.412E-03   9.649E+00
   1.441E-03   9.844E+00
   1.470E-03   1.003E+01
   1.499E-03   1.022E+01
   1.528E-03   1.042E+01
   1.556E-03   1.061E+01
   1.585E-03   1.079E+01
   1.614E-03   1.097E+01
   1.643E-03   1.115E+01
   1.672E-03   1.133E+01
   1.701E-03   1.150E+01
   1.729E-03   1.168E+01
   1.758E-03   1.185E+01
   1.787E-03   1.202E+01
   1.816E-03   1.219E+01
   1.845E-03   1.236E+01
   1.873E-03   1.252E+01
   1.902E-03   1.268E+01
   1.931E-03   1.284E+01
   1.960E-03   1.300E+01
   1.989E-03   1.316E+01
   2.018E-03   1.331E+01
   2.046E-03   1.346E+01
   2.075E-03   1.362E+01
   2.104E-03   1.377E+01
   2.133E-03   1.392E+01
   2.162E-03   1.407E+01
   2.190E-03   1.421E+01
   2.219E-03   1.436E+01
   2.248E-03   1.450E+01
   2.277E-03   1.464E+01
   2.306E-03   1.477E+01
   2.335E-03   1.491E+01
   2.363E-03   1.504E+01
   2.392E-03   1.518E+01
   2.421E-03   1.530E+01
   2.450E-03   1.544E+01
   2.479E-03   1.557E+01
   2.508E-03   1.570E+01
   2.536E-03   1.582E+01
   2.565E-03   1.594E+01
   2.594E-03   1.607E+01
   2.623E-03   1.618E+01
   2.652E-03   1.631E+01
   2.680E-03   1.642E+01
   2.709E-03   1.654E+01
   2.738E-03   1.665E+01
   2.767E-03   1.676E+01
   2.796E-03   1.688E+01
   2.825E-03   1.699E+01
   2.853E-03   1.711E+01
   2.882E-03   1.721E+01
   2.911E-03   1.732E+01
   2.940E-03   1.742E+01
   2.969E-03   1.754E+01
   2.997E-03   1.764E+01
   3.026E-03   1.774E+01
   3.055E-03   1.784E+01
   3.084E-03   1.794E+01
   3.113E-03   1.804E+01
   3.142E-03   1.815E+01
   3.170E-03   1.824E+01
   3.199E-03   1.833E+01
   3.228E-03   1.843E+01
   3.257E-03   1.851E+01
   3.286E-03   1.862E+01
   3.315E-03   1.871E+01
   3.343E-03   1.881E+01
   3.372E-03   1.889E+01
   3.401E-03   1.898E+01
   3.430E-03   1.907E+01
   3.459E-03   1.915E+01
   3.487E-03   1.924E+01
   3.516E-03   1.932E+01
   3.545E-03   1.942E+01
   3.574E-03   1.948E+01
   3.603E-03   1.956E+01
   3.632E-03   1.964E+01
   3.660E-03   1.973E+01
   3.689E-03   1.980E+01
   3.718E-03   1.987E+01
   3.747E-03   1.996E+01
   3.776E-03   2.004E+01
   3.805E-03   2.011E+01
   3.833E-03   2.016E+01
   3.862E-03   2.024E+01
   3.891E-03   2.032E+01
   3.920E-03   2.038E+01
   3.949E-03   2.046E+01
   3.977E-03   2.052E+01
   4.006E-03   2.060E+01
   4.035E-03   2.065E+01
   4.064E-03   2.072E+01
   4.093E-03   2.079E+01
   4.122E-03   2.086E+01
   4.150E-03   2.092E+01
   4.179E-03   2.099E+01
   4.208E-03   2.104E+01
   4.237E-03   2.109E+01
   4.266E-03   2.116E+01
   4.294E-03   2.122E+01
   4.323E-03   2.129E+01
   4.352E-03   2.133E+01
   4.381E-03   2.139E+01
   4.410E-03   2.143E+01
   4.439E-03   2.148E+01
   4.467E-03   2.154E+01
   4.496E-03   2.161E+01
   4.525E-03   2.164E+01
   4.554E-03   2.170E+01
   4.583E-03   2.175E+01
   4.612E-03   2.180E+01
   4.640E-03   2.185E+01
   4.669E-03   2.191E+01
   4.698E-03   2.193E+01
   4.727E-03   2.200E+01
   4.756E-03   2.203E+01
   4.784E-03   2.208E+01
   4.813E-03   2.212E+01
   4.842E-03   2.216E+01
   4.871E-03   2.219E+01
   4.900E-03   2.224E+01
   4.929E-03   2.228E+01
   4.957E-03   2.231E+01
   4.986E-03   2.236E+01
   5.015E-03   2.240E+01
   5.044E-03   2.242E+01
   5.073E-03   2.247E+01
   5.102E-03   2.248E+01
   5.130E-03   2.253E+01
   5.159E-03   2.255E+01
   5.188E-03   2.259E+01
   5.217E-03   2.263E+01
   5.246E-03   2.264E+01
   5.274E-03   2.269E+01
   5.303E-03   2.271E+01
   5.332E-03   2.273E+01
   5.361E-03   2.278E+01
   5.390E-03   2.280E+01
   5.419E-03   2.282E+01
   5.447E-03   2.285E+01
   5.476E-03   2.286E+01
   5.505E-03   2.290E+01
   5.534E-03   2.291E+01
   5.563E-03   2.293E+01
   5.591E-03   2.296E+01
   5.620E-03   2.296E+01
   5.649E-03   2.298E+01
   5.678E-03   2.302E+01
   5.707E-03   2.302E+01
   5.736E-03   2.304E+01
   5.764E-03   2.305E+01
   5.793E-03   2.308E+01
   5.822E-03   2.308E+01
   5.851E-03   2.309E+01
   5.880E-03   2.311E+01
   5.909E-03   2.312E+01
   5.937E-03   2.312E+01
   5.966E-03   2.318E+01
   5.995E-03   2.315E+01
   6.024E-03   2.316E+01
   6.053E-03   2.318E+01
   6.081E-03   2.319E+01
   6.110E-03   2.319E+01
   6.139E-03   2.320E+01
   6.168E-03   2.321E+01
   6.197E-03   2.320E+01
   6.226E-03   2.321E+01
   6.254E-03   2.323E+01
   6.283E-03   2.322E+01
   6.312E-03   2.321E+01
   6.341E-03   2.321E+01
   6.370E-03   2.319E+01
   6.398E-03   2.320E+01
   6.427E-03   2.318E+01
   6.456E-03   2.320E+01
   6.485E-03   2.320E+01
   6.514E-03   2.319E+01
   6.543E-03   2.317E+01
   6.571E-03   2.315E+01
   6.600E-03   2.315E+01
   6.629E-03   2.314E+01
   6.658E-03   2.315E+01
   6.687E-03   2.312E+01
   6.716E-03   2.309E+01
   6.744E-03   2.308E+01
   6.773E-03   2.303E+01
   6.802E-03   2.305E+01
   6.831E-03   2.302E+01
   6.860E-03   2.301E+01
   6.888E-03   2.299E+01
   6.917E-03   2.297E+01
   6.946E-03   2.294E+01
   6.975E-03   2.292E+01
   7.004E-03   2.290E+01
   7.033E-03   2.286E+01
   7.061E-03   2.283E+01
   7.090E-03   2.282E+01
   7.119E-03   2.280E+01
   7.148E-03   2.277E+01
   7.177E-03   2.271E+01
   7.206E-03   2.270E+01
   7.234E-03   2.266E+01
   7.263E-03   2.261E+01
   7.292E-03   2.256E+01
   7.321E-03   2.256E+01
   7.350E-03   2.250E+01
   7.378E-03   2.248E+01
   7.407E-03   2.242E+01
   7.436E-03   2.238E+01
   7.465E-03   2.232E+01
   7.494E-03   2.230E+01
   7.523E-03   2.225E+01
   7.551E-03   2.219E+01
   7.580E-03   2.213E+01
   7.609E-03   2.211E+01
   7.638E-03   2.206E+01
   7.667E-03   2.197E+01
   7.695E-03   2.192E+01
   7.724E-03   2.188E+01
   7.753E-03   2.181E+01
   7.782E-03   2.177E+01
   7.811E-03   2.170E+01
   7.840E-03   2.166E+01
   7.868E-03   2.160E+01
   7.897E-03   2.154E+01
   7.926E-03   2.149E+01
   7.955E-03   2.142E+01
   7.984E-03   2.133E+01
   8.013E-03   2.129E+01
   8.041E-03   2.122E+01
   8.070E-03   2.114E+01
   8.099E-03   2.107E+01
   8.128E-03   2.101E+01
   8.157E-03   2.092E+01
   8.185E-03   2.085E+01
   8.214E-03   2.079E+01
   8.243E-03   2.069E+01
   8.272E-03   2.064E+01
   8.301E-03   2.056E+01
   8.330E-03   2.048E+01
   8.358E-03   2.038E+01
   8.387E-03   2.032E+01
   8.416E-03   2.023E+01
   8.445E-03   2.013E+01
   8.474E-03   2.004E+01
   8.503E-03   1.995E+01
   8.531E-03   1.985E+01
   8.560E-03   1.978E+01
   8.589E-03   1.968E+01
   8.618E-03   1.959E+01
   8.647E-03   1.950E+01
   8.675E-03   1.939E+01
   8.704E-03   1.928E+01
   8.733E-03   1.919E+01
   8.762E-03   1.911E+01
   8.791E-03   1.899E+01
   8.820E-03   1.886E+01
   8.848E-03   1.876E+01
   8.877E-03   1.865E+01
   8.906E-03   1.855E+01
   8.935E-03   1.844E+01
   8.964E-03   1.834E+01
   8.992E-03   1.819E+01
   9.021E-03   1.809E+01
   9.050E-03   1.798E+01
   9.079E-03   1.785E+01
   9.108E-03   1.772E+01
   9.137E-03   1.760E+01
   9.165E-03   1.748E+01
   9.194E-03   1.735E+01
   9.223E-03   1.724E+01
   9.252E-03   1.710E+01
   9.281E-03   1.698E+01
   9.310E-03   1.686E+01
   9.338E-03   1.671E+01
   9.367E-03   1.658E+01
   9.396E-03   1.644E+01
   9.425E-03   1.630E+01
   9.454E-03   1.620E+01
   9.482E-03   1.603E+01
   9.511E-03   1.588E+01
   9.540E-03   1.573E+01
   9.569E-03   1.559E+01
   9.598E-03   1.546E+01
   9.627E-03   1.531E+01
   9.655E-03   1.517E+01
   9.684E-03   1.500E+01
   9.713E-03   1.485E+01
   9.742E-03   1.469E+01
   9.771E-03   1.454E+01
   9.799E-03   1.436E+01
   9.828E-03   1.422E+01
   9.857E-03   1.407E+01
   9.886E-03   1.389E+01
   9.915E-03   1.372E+01
   9.944E-03   1.357E+01
   9.972E-03   1.338E+01
   1.000E-02   1.321E+01
   1.003E-02   1.303E+01
   1.006E-02   1.284E+01
   1.009E-02   1.268E+01
   1.012E-02   1.249E+01
   1.015E-02   1.231E+01
   1.017E-02   1.212E+01
   1.020E-02   1.193E+01
   1.023E-02   1.174E+01
   1.026E-02   1.155E+01
   1.029E-02   1.137E+01
   1.032E-02   1.118E+01
   1.035E-02   1.097E+01
   1.038E-02   1.077E+01
   1.040E-02   1.057E+01
   1.043E-02   1.036E+01
   1.046E-02   1.016E+01
   1.049E-02   9.954E+00
   1.052E-02   9.745E+00
   1.055E-02   9.525E+00
   1.058E-02   9.320E+00
   1.061E-02   9.103E+00
   1.064E-02   8.886E+00
   1.066E-02   8.657E+00
   1.069E-02   8.433E+00
   1.072E-02   8.201E+00
   1.075E-02   7.975E+00
   1.078E-02   7.741E+00
   1.081E-02   7.521E+00
   1.084E-02   7.273E+00
   1.087E-02   7.041E+00
   1.089E-02   6.795E+00
   1.092E-02   6.543E+00
   1.095E-02   6.302E+00
   1.098E-02   6.053E+00
   1.101E-02   5.799E+00
   1.104E-02   5.541E+00
   1.107E-02   5.277E+00
   1.110E-02   5.011E+00
   1.113E-02   4.742E+00
   1.115E-02   4.457E+00
   1.118E-02   4.176E+00
   1.121E-02   3.886E+00
   1.124E-02   3.592E+00
   1.127E-02   3.293E+00
   1.130E-02   2.988E+00
   1.133E-02   2.684E+00
   1.136E-02   2.369E+00
   1.138E-02   2.051E+00
   1.141E-02   1.717E+00
   1.144E-02   1.375E+00
   1.147E-02   1.016E+00
   1.150E-02   6.044E-01
