   0.000E+00   1.353E+04
   2.882E-05   3.700E+02
   5.764E-05   2.479E+02
   8.647E-05   2.087E+02
   1.153E-04   1.923E+02
   1.441E-04   1.864E+02
   1.729E-04   1.874E+02
   2.018E-04   1.934E+02
   2.306E-04   2.057E+02
   2.594E-04   2.250E+02
   2.882E-04   2.489E+02
   3.170E-04   2.704E+02
   3.459E-04   2.856E+02
   3.747E-04   2.961E+02
   4.035E-04   3.030E+02
   4.323E-04   3.071E+02
   4.612E-04   3.095E+02
   4.900E-04   3.099E+02
   5.188E-04   3.083E+02
   5.476E-04   3.041E+02
   5.764E-04   2.979E+02
   6.053E-04   2.900E+02
   6.341E-04   2.810E+02
   6.629E-04   2.697E+02
   6.917E-04   2.558E+02
   7.206E-04   2.387E+02
   7.494E-04   2.207E+02
   7.782E-04   2.018E+02
   8.070E-04   1.840E+02
   8.358E-04   1.669E+02
   8.647E-04   1.517E+02
   8.935E-04   1.381E+02
   9.223E-04   1.263E+02
   9.511E-04   1.164E+02
   9.799E-04   1.081E+02
   1.009E-03   1.011E+02
   1.038E-03   9.504E+01
   1.066E-03   8.993E+01
   1.095E-03   8.527E+01
   1.124E-03   8.119E+01
   1.153E-03   7.745E+01
   1.182E-03   7.389E+01
   1.211E-03   7.064E+01
   1.239E-03   6.746E+01
   1.268E-03   6.441E+01
   1.297E-03   6.150E+01
   1.326E-03   5.891E+01
   1.355E-03   5.620E+01
   1.383E-03   5.364E+01
   1.412E-03   5.129E+01
   1.441E-03   4.900E+01
   1.470E-03   4.667E+01
   1.499E-03   4.470E+01
   1.528E-03   4.269E+01
   1.556E-03   4.074E+01
   1.585E-03   3.881E+01
   1.614E-03   3.710E+01
   1.643E-03   3.529E+01
   1.672E-03   3.380E+01
   1.701E-03   3.227E+01
   1.729E-03   3.080E+01
   1.758E-03   2.927E+01
   1.787E-03   2.806E+01
   1.816E-03   2.666E+01
   1.845E-03   2.555E+01
   1.873E-03   2.435E+01
   1.902E-03   2.336E+01
   1.931E-03   2.216E+01
   1.960E-03   2.121E+01
   1.989E-03   2.036E+01
   2.018E-03   1.935E+01
   2.046E-03   1.846E+01
   2.075E-03   1.769E+01
   2.104E-03   1.696E+01
   2.133E-03   1.614E+01
   2.162E-03   1.546E+01
   2.190E-03   1.482E+01
   2.219E-03   1.412E+01
   2.248E-03   1.361E+01
   2.277E-03   1.299E+01
   2.306E-03   1.243E+01
   2.335E-03   1.188E+01
   2.363E-03   1.139E+01
   2.392E-03   1.094E+01
   2.421E-03   1.054E+01
   2.450E-03   1.005E+01
   2.479E-03   9.569E+00
   2.508E-03   9.162E+00
   2.536E-03   8.898E+00
   2.565E-03   8.467E+00
   2.594E-03   8.101E+00
   2.623E-03   7.788E+00
   2.652E-03   7.504E+00
   2.680E-03   7.193E+00
   2.709E-03   6.908E+00
   2.738E-03   6.669E+00
   2.767E-03   6.419E+00
   2.796E-03   6.136E+00
   2.825E-03   5.863E+00
   2.853E-03   5.706E+00
   2.882E-03   5.453E+00
   2.911E-03   5.278E+00
   2.940E-03   5.097E+00
   2.969E-03   4.887E+00
   2.997E-03   4.679E+00
   3.026E-03   4.531E+00
   3.055E-03   4.389E+00
   3.084E-03   4.249E+00
   3.113E-03   4.104E+00
   3.142E-03   3.937E+00
   3.170E-03   3.786E+00
   3.199E-03   3.693E+00
   3.228E-03   3.563E+00
   3.257E-03   3.445E+00
   3.286E-03   3.344E+00
   3.315E-03   3.240E+00
   3.343E-03   3.149E+00
   3.372E-03   3.053E+00
   3.401E-03   2.949E+00
   3.430E-03   2.863E+00
   3.459E-03   2.784E+00
   3.487E-03   2.702E+00
   3.516E-03   2.647E+00
   3.545E-03   2.572E+00
   3.574E-03   2.487E+00
   3.603E-03   2.440E+00
   3.632E-03   2.399E+00
   3.660E-03   2.319E+00
   3.689E-03   2.266E+00
   3.718E-03   2.216E+00
   3.747E-03   2.161E+00
   3.776E-03   2.119E+00
   3.805E-03   2.067E+00
   3.833E-03   2.030E+00
   3.862E-03   1.997E+00
   3.891E-03   1.961E+00
   3.920E-03   1.914E+00
   3.949E-03   1.881E+00
   3.977E-03   1.847E+00
   4.006E-03   1.816E+00
   4.035E-03   1.785E+00
   4.064E-03   1.761E+00
   4.093E-03   1.730E+00
   4.122E-03   1.705E+00
   4.150E-03   1.692E+00
   4.179E-03   1.659E+00
   4.208E-03   1.645E+00
   4.237E-03   1.621E+00
   4.266E-03   1.604E+00
   4.294E-03   1.582E+00
   4.323E-03   1.569E+00
   4.352E-03   1.555E+00
   4.381E-03   1.539E+00
   4.410E-03   1.530E+00
   4.439E-03   1.512E+00
   4.467E-03   1.505E+00
   4.496E-03   1.491E+00
   4.525E-03   1.484E+00
   4.554E-03   1.469E+00
   4.583E-03   1.460E+00
   4.612E-03   1.456E+00
   4.640E-03   1.448E+00
   4.669E-03   1.437E+00
   4.698E-03   1.439E+00
   4.727E-03   1.430E+00
   4.756E-03   1.430E+00
   4.784E-03   1.428E+00
   4.813E-03   1.418E+00
   4.842E-03   1.418E+00
   4.871E-03   1.418E+00
   4.900E-03   1.416E+00
   4.929E-03   1.416E+00
   4.957E-03   1.418E+00
   4.986E-03   1.419E+00
   5.015E-03   1.424E+00
   5.044E-03   1.424E+00
   5.073E-03   1.425E+00
   5.102E-03   1.426E+00
   5.130E-03   1.432E+00
   5.159E-03   1.437E+00
   5.188E-03   1.444E+00
   5.217E-03   1.447E+00
   5.246E-03   1.458E+00
   5.274E-03   1.456E+00
   5.303E-03   1.470E+00
   5.332E-03   1.474E+00
   5.361E-03   1.483E+00
   5.390E-03   1.492E+00
   5.419E-03   1.498E+00
   5.447E-03   1.506E+00
   5.476E-03   1.514E+00
   5.505E-03   1.523E+00
   5.534E-03   1.535E+00
   5.563E-03   1.553E+00
   5.591E-03   1.558E+00
   5.620E-03   1.571E+00
   5.649E-03   1.578E+00
   5.678E-03   1.587E+00
   5.707E-03   1.602E+00
   5.736E-03   1.616E+00
   5.764E-03   1.631E+00
   5.793E-03   1.641E+00
   5.822E-03   1.658E+00
   5.851E-03   1.670E+00
   5.880E-03   1.679E+00
   5.909E-03   1.696E+00
   5.937E-03   1.711E+00
   5.966E-03   1.722E+00
   5.995E-03   1.739E+00
   6.024E-03   1.761E+00
   6.053E-03   1.776E+00
   6.081E-03   1.785E+00
   6.110E-03   1.809E+00
   6.139E-03   1.826E+00
   6.168E-03   1.834E+00
   6.197E-03   1.858E+00
   6.226E-03   1.877E+00
   6.254E-03   1.890E+00
   6.283E-03   1.915E+00
   6.312E-03   1.926E+00
   6.341E-03   1.953E+00
   6.370E-03   1.968E+00
   6.398E-03   1.990E+00
   6.427E-03   2.012E+00
   6.456E-03   2.030E+00
   6.485E-03   2.044E+00
   6.514E-03   2.062E+00
   6.543E-03   2.091E+00
   6.571E-03   2.116E+00
   6.600E-03   2.131E+00
   6.629E-03   2.152E+00
   6.658E-03   2.172E+00
   6.687E-03   2.191E+00
   6.716E-03   2.215E+00
   6.744E-03   2.232E+00
   6.773E-03   2.247E+00
   6.802E-03   2.269E+00
   6.831E-03   2.283E+00
   6.860E-03   2.312E+00
   6.888E-03   2.319E+00
   6.917E-03   2.338E+00
   6.946E-03   2.364E+00
   6.975E-03   2.378E+00
   7.004E-03   2.393E+00
   7.033E-03   2.399E+00
   7.061E-03   2.412E+00
   7.090E-03   2.439E+00
   7.119E-03   2.443E+00
   7.148E-03   2.459E+00
   7.177E-03   2.477E+00
   7.206E-03   2.479E+00
   7.234E-03   2.490E+00
   7.263E-03   2.497E+00
   7.292E-03   2.500E+00
   7.321E-03   2.507E+00
   7.350E-03   2.508E+00
   7.378E-03   2.514E+00
   7.407E-03   2.509E+00
   7.436E-03   2.512E+00
   7.465E-03   2.507E+00
   7.494E-03   2.509E+00
   7.523E-03   2.501E+00
   7.551E-03   2.509E+00
   7.580E-03   2.508E+00
   7.609E-03   2.488E+00
   7.638E-03   2.482E+00
   7.667E-03   2.494E+00
   7.695E-03   2.471E+00
   7.724E-03   2.462E+00
   7.753E-03   2.457E+00
   7.782E-03   2.442E+00
   7.811E-03   2.430E+00
   7.840E-03   2.421E+00
   7.868E-03   2.405E+00
   7.897E-03   2.394E+00
   7.926E-03   2.383E+00
   7.955E-03   2.368E+00
   7.984E-03   2.358E+00
   8.013E-03   2.343E+00
   8.041E-03   2.327E+00
   8.070E-03   2.313E+00
   8.099E-03   2.294E+00
   8.128E-03   2.277E+00
   8.157E-03   2.265E+00
   8.185E-03   2.242E+00
   8.214E-03   2.225E+00
   8.243E-03   2.211E+00
   8.272E-03   2.188E+00
   8.301E-03   2.172E+00
   8.330E-03   2.150E+00
   8.358E-03   2.134E+00
   8.387E-03   2.114E+00
   8.416E-03   2.097E+00
   8.445E-03   2.077E+00
   8.474E-03   2.066E+00
   8.503E-03   2.038E+00
   8.531E-03   2.027E+00
   8.560E-03   1.998E+00
   8.589E-03   1.984E+00
   8.618E-03   1.960E+00
   8.647E-03   1.946E+00
   8.675E-03   1.923E+00
   8.704E-03   1.911E+00
   8.733E-03   1.890E+00
   8.762E-03   1.865E+00
   8.791E-03   1.853E+00
   8.820E-03   1.840E+00
   8.848E-03   1.817E+00
   8.877E-03   1.797E+00
   8.906E-03   1.784E+00
   8.935E-03   1.760E+00
   8.964E-03   1.746E+00
   8.992E-03   1.732E+00
   9.021E-03   1.715E+00
   9.050E-03   1.697E+00
   9.079E-03   1.682E+00
   9.108E-03   1.671E+00
   9.137E-03   1.656E+00
   9.165E-03   1.644E+00
   9.194E-03   1.625E+00
   9.223E-03   1.616E+00
   9.252E-03   1.602E+00
   9.281E-03   1.597E+00
   9.310E-03   1.582E+00
   9.338E-03   1.577E+00
   9.367E-03   1.570E+00
   9.396E-03   1.559E+00
   9.425E-03   1.555E+00
   9.454E-03   1.553E+00
   9.482E-03   1.547E+00
   9.511E-03   1.548E+00
   9.540E-03   1.547E+00
   9.569E-03   1.546E+00
   9.598E-03   1.546E+00
   9.627E-03   1.552E+00
   9.655E-03   1.548E+00
   9.684E-03   1.558E+00
   9.713E-03   1.564E+00
   9.742E-03   1.571E+00
   9.771E-03   1.580E+00
   9.799E-03   1.594E+00
   9.828E-03   1.604E+00
   9.857E-03   1.617E+00
   9.886E-03   1.631E+00
   9.915E-03   1.648E+00
   9.944E-03   1.664E+00
   9.972E-03   1.686E+00
   1.000E-02   1.711E+00
   1.003E-02   1.736E+00
   1.006E-02   1.762E+00
   1.009E-02   1.788E+00
   1.012E-02   1.819E+00
   1.015E-02   1.850E+00
   1.017E-02   1.885E+00
   1.020E-02   1.928E+00
   1.023E-02   1.970E+00
   1.026E-02   2.009E+00
   1.029E-02   2.056E+00
   1.032E-02   2.113E+00
   1.035E-02   2.162E+00
   1.038E-02   2.227E+00
   1.040E-02   2.294E+00
   1.043E-02   2.362E+00
   1.046E-02   2.443E+00
   1.049E-02   2.522E+00
   1.052E-02   2.610E+00
   1.055E-02   2.711E+00
   1.058E-02   2.841E+00
   1.061E-02   2.953E+00
   1.064E-02   3.093E+00
   1.066E-02   3.249E+00
   1.069E-02   3.433E+00
   1.072E-02   3.670E+00
   1.075E-02   3.892E+00
   1.078E-02   4.169E+00
   1.081E-02   4.444E+00
   1.084E-02   4.862E+00
   1.087E-02   5.325E+00
   1.089E-02   5.922E+00
   1.092E-02   6.547E+00
   1.095E-02   7.400E+00
   1.098E-02   8.293E+00
   1.101E-02   9.441E+00
   1.104E-02   1.103E+01
   1.107E-02   1.321E+01
   1.110E-02   1.599E+01
   1.113E-02   1.930E+01
   1.115E-02   2.498E+01
   1.118E-02   3.130E+01
   1.121E-02   4.080E+01
   1.124E-02   5.310E+01
   1.127E-02   7.039E+01
   1.130E-02   9.610E+01
   1.133E-02   1.339E+02
   1.136E-02   1.946E+02
   1.138E-02   2.927E+02
   1.141E-02   4.700E+02
   1.144E-02   8.397E+02
   1.147E-02   1.715E+03
   1.150E-02   7.982E+11
