   0.000E+00   5.659E+00
   2.882E-05   1.972E+01
   5.764E-05   2.535E+01
   8.647E-05   2.980E+01
   1.153E-04   3.368E+01
   1.441E-04   3.725E+01
   1.729E-04   4.051E+01
   2.018E-04   4.372E+01
   2.306E-04   4.687E+01
   2.594E-04   4.997E+01
   2.882E-04   5.308E+01
   3.170E-04   5.627E+01
   3.459E-04   5.962E+01
   3.747E-04   6.307E+01
   4.035E-04   6.668E+01
   4.323E-04   7.046E+01
   4.612E-04   7.436E+01
   4.900E-04   7.837E+01
   5.188E-04   8.251E+01
   5.476E-04   8.674E+01
   5.764E-04   9.102E+01
   6.053E-04   9.536E+01
   6.341E-04   9.973E+01
   6.629E-04   1.041E+02
   6.917E-04   1.086E+02
   7.206E-04   1.129E+02
   7.494E-04   1.173E+02
   7.782E-04   1.217E+02
   8.070E-04   1.260E+02
   8.358E-04   1.302E+02
   8.647E-04   1.344E+02
   8.935E-04   1.385E+02
   9.223E-04   1.426E+02
   9.511E-04   1.465E+02
   9.799E-04   1.505E+02
   1.009E-03   1.543E+02
   1.038E-03   1.581E+02
   1.066E-03   1.618E+02
   1.095E-03   1.655E+02
   1.124E-03   1.691E+02
   1.153E-03   1.727E+02
   1.182E-03   1.761E+02
   1.211E-03   1.795E+02
   1.239E-03   1.829E+02
   1.268E-03   1.863E+02
   1.297E-03   1.894E+02
   1.326E-03   1.926E+02
   1.355E-03   1.957E+02
   1.383E-03   1.987E+02
   1.412E-03   2.018E+02
   1.441E-03   2.047E+02
   1.470E-03   2.077E+02
   1.499E-03   2.104E+02
   1.528E-03   2.133E+02
   1.556E-03   2.161E+02
   1.585E-03   2.188E+02
   1.614E-03   2.214E+02
   1.643E-03   2.240E+02
   1.672E-03   2.266E+02
   1.701E-03   2.291E+02
   1.729E-03   2.316E+02
   1.758E-03   2.341E+02
   1.787E-03   2.364E+02
   1.816E-03   2.387E+02
   1.845E-03   2.411E+02
   1.873E-03   2.433E+02
   1.902E-03   2.454E+02
   1.931E-03   2.477E+02
   1.960E-03   2.497E+02
   1.989E-03   2.519E+02
   2.018E-03   2.540E+02
   2.046E-03   2.559E+02
   2.075E-03   2.580E+02
   2.104E-03   2.600E+02
   2.133E-03   2.619E+02
   2.162E-03   2.638E+02
   2.190E-03   2.656E+02
   2.219E-03   2.674E+02
   2.248E-03   2.692E+02
   2.277E-03   2.709E+02
   2.306E-03   2.726E+02
   2.335E-03   2.742E+02
   2.363E-03   2.758E+02
   2.392E-03   2.775E+02
   2.421E-03   2.788E+02
   2.450E-03   2.805E+02
   2.479E-03   2.821E+02
   2.508E-03   2.835E+02
   2.536E-03   2.849E+02
   2.565E-03   2.862E+02
   2.594E-03   2.877E+02
   2.623E-03   2.890E+02
   2.652E-03   2.903E+02
   2.680E-03   2.916E+02
   2.709E-03   2.930E+02
   2.738E-03   2.941E+02
   2.767E-03   2.952E+02
   2.796E-03   2.964E+02
   2.825E-03   2.976E+02
   2.853E-03   2.988E+02
   2.882E-03   2.999E+02
   2.911E-03   3.009E+02
   2.940E-03   3.019E+02
   2.969E-03   3.031E+02
   2.997E-03   3.041E+02
   3.026E-03   3.050E+02
   3.055E-03   3.058E+02
   3.084E-03   3.069E+02
   3.113E-03   3.078E+02
   3.142E-03   3.088E+02
   3.170E-03   3.095E+02
   3.199E-03   3.104E+02
   3.228E-03   3.112E+02
   3.257E-03   3.118E+02
   3.286E-03   3.129E+02
   3.315E-03   3.136E+02
   3.343E-03   3.144E+02
   3.372E-03   3.151E+02
   3.401E-03   3.157E+02
   3.430E-03   3.164E+02
   3.459E-03   3.172E+02
   3.487E-03   3.178E+02
   3.516E-03   3.183E+02
   3.545E-03   3.192E+02
   3.574E-03   3.194E+02
   3.603E-03   3.199E+02
   3.632E-03   3.204E+02
   3.660E-03   3.211E+02
   3.689E-03   3.216E+02
   3.718E-03   3.219E+02
   3.747E-03   3.226E+02
   3.776E-03   3.231E+02
   3.805E-03   3.235E+02
   3.833E-03   3.234E+02
   3.862E-03   3.240E+02
   3.891E-03   3.245E+02
   3.920E-03   3.247E+02
   3.949E-03   3.251E+02
   3.977E-03   3.252E+02
   4.006E-03   3.258E+02
   4.035E-03   3.258E+02
   4.064E-03   3.262E+02
   4.093E-03   3.265E+02
   4.122E-03   3.268E+02
   4.150E-03   3.269E+02
   4.179E-03   3.275E+02
   4.208E-03   3.274E+02
   4.237E-03   3.273E+02
   4.266E-03   3.277E+02
   4.294E-03   3.277E+02
   4.323E-03   3.282E+02
   4.352E-03   3.279E+02
   4.381E-03   3.281E+02
   4.410E-03   3.278E+02
   4.439E-03   3.279E+02
   4.467E-03   3.280E+02
   4.496E-03   3.283E+02
   4.525E-03   3.281E+02
   4.554E-03   3.283E+02
   4.583E-03   3.281E+02
   4.612E-03   3.280E+02
   4.640E-03   3.282E+02
   4.669E-03   3.281E+02
   4.698E-03   3.276E+02
   4.727E-03   3.280E+02
   4.756E-03   3.276E+02
   4.784E-03   3.277E+02
   4.813E-03   3.275E+02
   4.842E-03   3.270E+02
   4.871E-03   3.269E+02
   4.900E-03   3.268E+02
   4.929E-03   3.267E+02
   4.957E-03   3.261E+02
   4.986E-03   3.262E+02
   5.015E-03   3.259E+02
   5.044E-03   3.255E+02
   5.073E-03   3.253E+02
   5.102E-03   3.248E+02
   5.130E-03   3.246E+02
   5.159E-03   3.242E+02
   5.188E-03   3.241E+02
   5.217E-03   3.236E+02
   5.246E-03   3.231E+02
   5.274E-03   3.231E+02
   5.303E-03   3.222E+02
   5.332E-03   3.218E+02
   5.361E-03   3.218E+02
   5.390E-03   3.213E+02
   5.419E-03   3.206E+02
   5.447E-03   3.203E+02
   5.476E-03   3.196E+02
   5.505E-03   3.195E+02
   5.534E-03   3.188E+02
   5.563E-03   3.181E+02
   5.591E-03   3.178E+02
   5.620E-03   3.168E+02
   5.649E-03   3.164E+02
   5.678E-03   3.162E+02
   5.707E-03   3.153E+02
   5.736E-03   3.148E+02
   5.764E-03   3.142E+02
   5.793E-03   3.136E+02
   5.822E-03   3.128E+02
   5.851E-03   3.120E+02
   5.880E-03   3.116E+02
   5.909E-03   3.107E+02
   5.937E-03   3.099E+02
   5.966E-03   3.099E+02
   5.995E-03   3.087E+02
   6.024E-03   3.079E+02
   6.053E-03   3.073E+02
   6.081E-03   3.066E+02
   6.110E-03   3.057E+02
   6.139E-03   3.049E+02
   6.168E-03   3.044E+02
   6.197E-03   3.031E+02
   6.226E-03   3.024E+02
   6.254E-03   3.020E+02
   6.283E-03   3.009E+02
   6.312E-03   3.000E+02
   6.341E-03   2.990E+02
   6.370E-03   2.979E+02
   6.398E-03   2.971E+02
   6.427E-03   2.960E+02
   6.456E-03   2.954E+02
   6.485E-03   2.945E+02
   6.514E-03   2.934E+02
   6.543E-03   2.923E+02
   6.571E-03   2.911E+02
   6.600E-03   2.901E+02
   6.629E-03   2.890E+02
   6.658E-03   2.882E+02
   6.687E-03   2.871E+02
   6.716E-03   2.858E+02
   6.744E-03   2.846E+02
   6.773E-03   2.832E+02
   6.802E-03   2.825E+02
   6.831E-03   2.812E+02
   6.860E-03   2.802E+02
   6.888E-03   2.787E+02
   6.917E-03   2.777E+02
   6.946E-03   2.765E+02
   6.975E-03   2.753E+02
   7.004E-03   2.740E+02
   7.033E-03   2.728E+02
   7.061E-03   2.714E+02
   7.090E-03   2.702E+02
   7.119E-03   2.691E+02
   7.148E-03   2.678E+02
   7.177E-03   2.659E+02
   7.206E-03   2.650E+02
   7.234E-03   2.634E+02
   7.263E-03   2.619E+02
   7.292E-03   2.602E+02
   7.321E-03   2.594E+02
   7.350E-03   2.576E+02
   7.378E-03   2.564E+02
   7.407E-03   2.547E+02
   7.436E-03   2.533E+02
   7.465E-03   2.518E+02
   7.494E-03   2.504E+02
   7.523E-03   2.489E+02
   7.551E-03   2.472E+02
   7.580E-03   2.455E+02
   7.609E-03   2.443E+02
   7.638E-03   2.426E+02
   7.667E-03   2.408E+02
   7.695E-03   2.393E+02
   7.724E-03   2.378E+02
   7.753E-03   2.360E+02
   7.782E-03   2.345E+02
   7.811E-03   2.328E+02
   7.840E-03   2.311E+02
   7.868E-03   2.297E+02
   7.897E-03   2.278E+02
   7.926E-03   2.263E+02
   7.955E-03   2.245E+02
   7.984E-03   2.226E+02
   8.013E-03   2.212E+02
   8.041E-03   2.193E+02
   8.070E-03   2.174E+02
   8.099E-03   2.159E+02
   8.128E-03   2.141E+02
   8.157E-03   2.122E+02
   8.185E-03   2.103E+02
   8.214E-03   2.087E+02
   8.243E-03   2.066E+02
   8.272E-03   2.051E+02
   8.301E-03   2.032E+02
   8.330E-03   2.014E+02
   8.358E-03   1.993E+02
   8.387E-03   1.977E+02
   8.416E-03   1.959E+02
   8.445E-03   1.937E+02
   8.474E-03   1.919E+02
   8.503E-03   1.900E+02
   8.531E-03   1.881E+02
   8.560E-03   1.864E+02
   8.589E-03   1.841E+02
   8.618E-03   1.824E+02
   8.647E-03   1.805E+02
   8.675E-03   1.785E+02
   8.704E-03   1.764E+02
   8.733E-03   1.745E+02
   8.762E-03   1.727E+02
   8.791E-03   1.706E+02
   8.820E-03   1.685E+02
   8.848E-03   1.666E+02
   8.877E-03   1.646E+02
   8.906E-03   1.627E+02
   8.935E-03   1.606E+02
   8.964E-03   1.588E+02
   8.992E-03   1.566E+02
   9.021E-03   1.546E+02
   9.050E-03   1.526E+02
   9.079E-03   1.506E+02
   9.108E-03   1.485E+02
   9.137E-03   1.465E+02
   9.165E-03   1.445E+02
   9.194E-03   1.424E+02
   9.223E-03   1.404E+02
   9.252E-03   1.383E+02
   9.281E-03   1.366E+02
   9.310E-03   1.345E+02
   9.338E-03   1.322E+02
   9.367E-03   1.302E+02
   9.396E-03   1.282E+02
   9.425E-03   1.262E+02
   9.454E-03   1.243E+02
   9.482E-03   1.223E+02
   9.511E-03   1.202E+02
   9.540E-03   1.181E+02
   9.569E-03   1.160E+02
   9.598E-03   1.141E+02
   9.627E-03   1.120E+02
   9.655E-03   1.103E+02
   9.684E-03   1.081E+02
   9.713E-03   1.060E+02
   9.742E-03   1.040E+02
   9.771E-03   1.021E+02
   9.799E-03   9.998E+01
   9.828E-03   9.807E+01
   9.857E-03   9.605E+01
   9.886E-03   9.422E+01
   9.915E-03   9.214E+01
   9.944E-03   9.027E+01
   9.972E-03   8.822E+01
   1.000E-02   8.628E+01
   1.003E-02   8.431E+01
   1.006E-02   8.236E+01
   1.009E-02   8.042E+01
   1.012E-02   7.849E+01
   1.015E-02   7.656E+01
   1.017E-02   7.466E+01
   1.020E-02   7.278E+01
   1.023E-02   7.082E+01
   1.026E-02   6.899E+01
   1.029E-02   6.716E+01
   1.032E-02   6.530E+01
   1.035E-02   6.349E+01
   1.038E-02   6.162E+01
   1.040E-02   5.981E+01
   1.043E-02   5.799E+01
   1.046E-02   5.620E+01
   1.049E-02   5.449E+01
   1.052E-02   5.268E+01
   1.055E-02   5.089E+01
   1.058E-02   4.915E+01
   1.061E-02   4.744E+01
   1.064E-02   4.566E+01
   1.066E-02   4.397E+01
   1.069E-02   4.231E+01
   1.072E-02   4.063E+01
   1.075E-02   3.901E+01
   1.078E-02   3.735E+01
   1.081E-02   3.581E+01
   1.084E-02   3.416E+01
   1.087E-02   3.260E+01
   1.089E-02   3.105E+01
   1.092E-02   2.952E+01
   1.095E-02   2.792E+01
   1.098E-02   2.645E+01
   1.101E-02   2.489E+01
   1.104E-02   2.342E+01
   1.107E-02   2.195E+01
   1.110E-02   2.046E+01
   1.113E-02   1.903E+01
   1.115E-02   1.759E+01
   1.118E-02   1.618E+01
   1.121E-02   1.477E+01
   1.124E-02   1.338E+01
   1.127E-02   1.203E+01
   1.130E-02   1.068E+01
   1.133E-02   9.365E+00
   1.136E-02   8.046E+00
   1.138E-02   6.758E+00
   1.141E-02   5.473E+00
   1.144E-02   4.212E+00
   1.147E-02   2.950E+00
   1.150E-02   6.525E-02
