   2.980E+02   3.371E-03
   3.015E+02   1.374E-01
   3.050E+02   2.234E-01
   3.085E+02   3.017E-01
   3.121E+02   3.758E-01
   3.156E+02   4.452E-01
   3.191E+02   5.107E-01
   3.226E+02   5.719E-01
   3.261E+02   6.290E-01
   3.296E+02   6.824E-01
   3.331E+02   7.320E-01
   3.367E+02   7.776E-01
   3.402E+02   8.205E-01
   3.437E+02   8.604E-01
   3.472E+02   8.961E-01
   3.507E+02   9.290E-01
   3.542E+02   9.602E-01
   3.577E+02   9.883E-01
   3.612E+02   1.013E+00
   3.648E+02   1.037E+00
   3.683E+02   1.055E+00
   3.718E+02   1.073E+00
   3.753E+02   1.087E+00
   3.788E+02   1.100E+00
   3.823E+02   1.111E+00
   3.858E+02   1.119E+00
   3.894E+02   1.125E+00
   3.929E+02   1.130E+00
   3.964E+02   1.132E+00
   3.999E+02   1.131E+00
   4.034E+02   1.130E+00
   4.069E+02   1.126E+00
   4.104E+02   1.120E+00
   4.140E+02   1.114E+00
   4.175E+02   1.105E+00
   4.210E+02   1.095E+00
   4.245E+02   1.082E+00
   4.280E+02   1.070E+00
   4.315E+02   1.055E+00
   4.350E+02   1.039E+00
   4.386E+02   1.023E+00
   4.421E+02   1.004E+00
   4.456E+02   9.836E-01
   4.491E+02   9.634E-01
   4.526E+02   9.426E-01
   4.561E+02   9.193E-01
   4.596E+02   8.962E-01
   4.631E+02   8.719E-01
   4.667E+02   8.471E-01
   4.702E+02   8.217E-01
   4.737E+02   7.963E-01
   4.772E+02   7.685E-01
   4.807E+02   7.421E-01
   4.842E+02   7.146E-01
   4.877E+02   6.858E-01
   4.913E+02   6.586E-01
   4.948E+02   6.297E-01
   4.983E+02   6.011E-01
   5.018E+02   5.728E-01
   5.053E+02   5.443E-01
   5.088E+02   5.164E-01
   5.123E+02   4.885E-01
   5.159E+02   4.608E-01
   5.194E+02   4.347E-01
   5.229E+02   4.093E-01
   5.264E+02   3.845E-01
   5.299E+02   3.616E-01
   5.334E+02   3.403E-01
   5.369E+02   3.208E-01
   5.405E+02   3.047E-01
   5.440E+02   2.906E-01
   5.475E+02   2.807E-01
   5.510E+02   2.754E-01
   5.545E+02   2.736E-01
   5.580E+02   2.768E-01
   5.615E+02   2.843E-01
   5.650E+02   2.961E-01
   5.686E+02   3.111E-01
   5.721E+02   3.281E-01
   5.756E+02   3.477E-01
   5.791E+02   3.692E-01
   5.826E+02   3.915E-01
   5.861E+02   4.143E-01
   5.896E+02   4.387E-01
   5.932E+02   4.623E-01
   5.967E+02   4.879E-01
   6.002E+02   5.130E-01
   6.037E+02   5.382E-01
   6.072E+02   5.627E-01
   6.107E+02   5.890E-01
   6.142E+02   6.137E-01
   6.178E+02   6.387E-01
   6.213E+02   6.629E-01
   6.248E+02   6.868E-01
   6.283E+02   7.117E-01
   6.318E+02   7.356E-01
   6.353E+02   7.584E-01
   6.388E+02   7.820E-01
   6.424E+02   8.036E-01
   6.459E+02   8.253E-01
   6.494E+02   8.470E-01
   6.529E+02   8.683E-01
   6.564E+02   8.884E-01
   6.599E+02   9.082E-01
   6.634E+02   9.273E-01
   6.669E+02   9.458E-01
   6.705E+02   9.640E-01
   6.740E+02   9.819E-01
   6.775E+02   9.999E-01
   6.810E+02   1.016E+00
   6.845E+02   1.032E+00
   6.880E+02   1.046E+00
   6.915E+02   1.062E+00
   6.951E+02   1.076E+00
   6.986E+02   1.089E+00
   7.021E+02   1.102E+00
   7.056E+02   1.114E+00
   7.091E+02   1.125E+00
   7.126E+02   1.138E+00
   7.161E+02   1.147E+00
   7.197E+02   1.157E+00
   7.232E+02   1.167E+00
   7.267E+02   1.174E+00
   7.302E+02   1.183E+00
   7.337E+02   1.191E+00
   7.372E+02   1.197E+00
   7.407E+02   1.203E+00
   7.443E+02   1.208E+00
   7.478E+02   1.213E+00
   7.513E+02   1.218E+00
   7.548E+02   1.223E+00
   7.583E+02   1.226E+00
   7.618E+02   1.230E+00
   7.653E+02   1.232E+00
   7.688E+02   1.233E+00
   7.724E+02   1.234E+00
   7.759E+02   1.234E+00
   7.794E+02   1.234E+00
   7.829E+02   1.234E+00
   7.864E+02   1.234E+00
   7.899E+02   1.233E+00
   7.934E+02   1.231E+00
   7.970E+02   1.228E+00
   8.005E+02   1.225E+00
   8.040E+02   1.222E+00
   8.075E+02   1.217E+00
   8.110E+02   1.214E+00
   8.145E+02   1.210E+00
   8.180E+02   1.206E+00
   8.216E+02   1.200E+00
   8.251E+02   1.195E+00
   8.286E+02   1.188E+00
   8.321E+02   1.182E+00
   8.356E+02   1.176E+00
   8.391E+02   1.168E+00
   8.426E+02   1.160E+00
   8.462E+02   1.152E+00
   8.497E+02   1.144E+00
   8.532E+02   1.135E+00
   8.567E+02   1.128E+00
   8.602E+02   1.117E+00
   8.637E+02   1.108E+00
   8.672E+02   1.098E+00
   8.707E+02   1.089E+00
   8.743E+02   1.078E+00
   8.778E+02   1.068E+00
   8.813E+02   1.057E+00
   8.848E+02   1.046E+00
   8.883E+02   1.034E+00
   8.918E+02   1.022E+00
   8.953E+02   1.010E+00
   8.989E+02   9.988E-01
   9.024E+02   9.871E-01
   9.059E+02   9.741E-01
   9.094E+02   9.618E-01
   9.129E+02   9.486E-01
   9.164E+02   9.360E-01
   9.199E+02   9.236E-01
   9.235E+02   9.109E-01
   9.270E+02   8.979E-01
   9.305E+02   8.848E-01
   9.340E+02   8.705E-01
   9.375E+02   8.574E-01
   9.410E+02   8.435E-01
   9.445E+02   8.305E-01
   9.481E+02   8.173E-01
   9.516E+02   8.017E-01
   9.551E+02   7.889E-01
   9.586E+02   7.747E-01
   9.621E+02   7.623E-01
   9.656E+02   7.471E-01
   9.691E+02   7.335E-01
   9.726E+02   7.197E-01
   9.762E+02   7.053E-01
   9.797E+02   6.921E-01
   9.832E+02   6.774E-01
   9.867E+02   6.633E-01
   9.902E+02   6.506E-01
   9.937E+02   6.360E-01
   9.972E+02   6.212E-01
   1.001E+03   6.080E-01
   1.004E+03   5.954E-01
   1.008E+03   5.812E-01
   1.011E+03   5.672E-01
   1.015E+03   5.543E-01
   1.018E+03   5.409E-01
   1.022E+03   5.274E-01
   1.025E+03   5.139E-01
   1.029E+03   5.006E-01
   1.032E+03   4.876E-01
   1.036E+03   4.746E-01
   1.039E+03   4.620E-01
   1.043E+03   4.498E-01
   1.046E+03   4.371E-01
   1.050E+03   4.242E-01
   1.053E+03   4.128E-01
   1.057E+03   4.002E-01
   1.060E+03   3.887E-01
   1.064E+03   3.758E-01
   1.068E+03   3.647E-01
   1.071E+03   3.530E-01
   1.075E+03   3.419E-01
   1.078E+03   3.308E-01
   1.082E+03   3.200E-01
   1.085E+03   3.088E-01
   1.089E+03   2.984E-01
   1.092E+03   2.879E-01
   1.096E+03   2.780E-01
   1.099E+03   2.678E-01
   1.103E+03   2.575E-01
   1.106E+03   2.482E-01
   1.110E+03   2.387E-01
   1.113E+03   2.296E-01
   1.117E+03   2.204E-01
   1.120E+03   2.115E-01
   1.124E+03   2.028E-01
   1.127E+03   1.944E-01
   1.131E+03   1.862E-01
   1.134E+03   1.783E-01
   1.138E+03   1.702E-01
   1.141E+03   1.626E-01
   1.145E+03   1.552E-01
   1.148E+03   1.477E-01
   1.152E+03   1.408E-01
   1.155E+03   1.341E-01
   1.159E+03   1.274E-01
   1.162E+03   1.212E-01
   1.166E+03   1.150E-01
   1.169E+03   1.089E-01
   1.173E+03   1.031E-01
   1.176E+03   9.764E-02
   1.180E+03   9.211E-02
   1.183E+03   8.713E-02
   1.187E+03   8.215E-02
   1.191E+03   7.725E-02
   1.194E+03   7.268E-02
   1.198E+03   6.836E-02
   1.201E+03   6.408E-02
   1.205E+03   6.010E-02
   1.208E+03   5.639E-02
   1.212E+03   5.270E-02
   1.215E+03   4.935E-02
   1.219E+03   4.613E-02
   1.222E+03   4.302E-02
   1.226E+03   4.020E-02
   1.229E+03   3.746E-02
   1.233E+03   3.481E-02
   1.236E+03   3.235E-02
   1.240E+03   2.995E-02
   1.243E+03   2.800E-02
   1.247E+03   2.590E-02
   1.250E+03   2.398E-02
   1.254E+03   2.225E-02
   1.257E+03   2.063E-02
   1.261E+03   1.907E-02
   1.264E+03   1.767E-02
   1.268E+03   1.638E-02
   1.271E+03   1.517E-02
   1.275E+03   1.401E-02
   1.278E+03   1.297E-02
   1.282E+03   1.200E-02
   1.285E+03   1.110E-02
   1.289E+03   1.027E-02
   1.292E+03   9.552E-03
   1.296E+03   8.859E-03
   1.299E+03   8.204E-03
   1.303E+03   7.624E-03
   1.306E+03   7.078E-03
   1.310E+03   6.586E-03
   1.313E+03   6.122E-03
   1.317E+03   5.691E-03
   1.321E+03   5.278E-03
   1.324E+03   4.897E-03
   1.328E+03   4.553E-03
   1.331E+03   4.219E-03
   1.335E+03   3.895E-03
   1.338E+03   3.584E-03
   1.342E+03   3.279E-03
   1.345E+03   2.996E-03
   1.349E+03   2.732E-03
   1.352E+03   2.499E-03
   1.356E+03   2.274E-03
   1.359E+03   2.048E-03
   1.363E+03   1.821E-03
   1.366E+03   1.617E-03
   1.370E+03   1.432E-03
   1.373E+03   1.265E-03
   1.377E+03   1.121E-03
   1.380E+03   9.910E-04
   1.384E+03   8.770E-04
   1.387E+03   7.822E-04
   1.391E+03   7.017E-04
   1.394E+03   6.505E-04
   1.398E+03   6.207E-04
   1.401E+03   6.091E-04
   1.405E+03   6.207E-04
   1.408E+03   6.448E-04
   1.412E+03   6.979E-04
   1.415E+03   7.798E-04
   1.419E+03   8.751E-04
   1.422E+03   9.738E-04
   1.426E+03   1.085E-03
   1.429E+03   1.221E-03
   1.433E+03   1.373E-03
   1.436E+03   1.530E-03
   1.440E+03   1.690E-03
   1.443E+03   1.850E-03
   1.447E+03   2.018E-03
   1.451E+03   2.183E-03
   1.454E+03   2.338E-03
   1.458E+03   2.488E-03
   1.461E+03   2.643E-03
   1.465E+03   2.788E-03
   1.468E+03   2.937E-03
   1.472E+03   3.084E-03
   1.475E+03   3.230E-03
   1.479E+03   3.367E-03
   1.482E+03   3.498E-03
   1.486E+03   3.621E-03
   1.489E+03   3.741E-03
   1.493E+03   3.860E-03
   1.496E+03   3.981E-03
   1.500E+03   4.099E-03
   1.503E+03   4.228E-03
   1.507E+03   4.354E-03
   1.510E+03   4.482E-03
   1.514E+03   4.597E-03
   1.517E+03   4.711E-03
   1.521E+03   4.822E-03
   1.524E+03   4.923E-03
   1.528E+03   5.030E-03
   1.531E+03   5.132E-03
   1.535E+03   5.223E-03
   1.538E+03   5.323E-03
   1.542E+03   5.413E-03
   1.545E+03   5.496E-03
   1.549E+03   5.571E-03
   1.552E+03   5.633E-03
   1.556E+03   5.685E-03
   1.559E+03   5.733E-03
   1.563E+03   5.781E-03
   1.566E+03   5.832E-03
   1.570E+03   5.868E-03
   1.574E+03   5.896E-03
   1.577E+03   5.913E-03
   1.581E+03   5.925E-03
   1.584E+03   5.932E-03
   1.588E+03   5.944E-03
   1.591E+03   5.954E-03
   1.595E+03   5.962E-03
   1.598E+03   5.956E-03
   1.602E+03   5.959E-03
   1.605E+03   5.957E-03
   1.609E+03   5.967E-03
   1.612E+03   5.944E-03
   1.616E+03   5.922E-03
   1.619E+03   5.890E-03
   1.623E+03   5.866E-03
   1.626E+03   5.833E-03
   1.630E+03   5.788E-03
   1.633E+03   5.741E-03
   1.637E+03   5.665E-03
   1.640E+03   5.602E-03
   1.644E+03   5.539E-03
   1.647E+03   5.473E-03
   1.651E+03   5.361E-03
   1.654E+03   5.274E-03
   1.658E+03   5.180E-03
   1.661E+03   5.064E-03
   1.665E+03   4.988E-03
   1.668E+03   4.904E-03
   1.672E+03   4.823E-03
   1.675E+03   4.727E-03
   1.679E+03   4.720E-03
   1.682E+03   4.732E-03
   1.686E+03   4.587E-03
   1.689E+03   4.437E-03
   1.693E+03   4.306E-03
   1.696E+03   4.179E-03
   1.700E+03   3.702E-03
