   0.000E+00   4.088E-04
   2.882E-05   1.101E-02
   5.764E-05   2.840E-02
   8.647E-05   4.906E-02
   1.153E-04   7.098E-02
   1.441E-04   9.320E-02
   1.729E-04   1.149E-01
   2.018E-04   1.362E-01
   2.306E-04   1.560E-01
   2.594E-04   1.742E-01
   2.882E-04   1.906E-01
   3.170E-04   2.053E-01
   3.459E-04   2.182E-01
   3.747E-04   2.293E-01
   4.035E-04   2.386E-01
   4.323E-04   2.460E-01
   4.612E-04   2.515E-01
   4.900E-04   2.554E-01
   5.188E-04   2.577E-01
   5.476E-04   2.586E-01
   5.764E-04   2.583E-01
   6.053E-04   2.570E-01
   6.341E-04   2.553E-01
   6.629E-04   2.527E-01
   6.917E-04   2.495E-01
   7.206E-04   2.464E-01
   7.494E-04   2.433E-01
   7.782E-04   2.403E-01
   8.070E-04   2.376E-01
   8.358E-04   2.353E-01
   8.647E-04   2.337E-01
   8.935E-04   2.325E-01
   9.223E-04   2.323E-01
   9.511E-04   2.328E-01
   9.799E-04   2.345E-01
   1.009E-03   2.370E-01
   1.038E-03   2.405E-01
   1.066E-03   2.452E-01
   1.095E-03   2.510E-01
   1.124E-03   2.579E-01
   1.153E-03   2.660E-01
   1.182E-03   2.747E-01
   1.211E-03   2.849E-01
   1.239E-03   2.957E-01
   1.268E-03   3.076E-01
   1.297E-03   3.197E-01
   1.326E-03   3.326E-01
   1.355E-03   3.458E-01
   1.383E-03   3.594E-01
   1.412E-03   3.733E-01
   1.441E-03   3.873E-01
   1.470E-03   4.017E-01
   1.499E-03   4.157E-01
   1.528E-03   4.303E-01
   1.556E-03   4.443E-01
   1.585E-03   4.586E-01
   1.614E-03   4.725E-01
   1.643E-03   4.862E-01
   1.672E-03   5.002E-01
   1.701E-03   5.138E-01
   1.729E-03   5.273E-01
   1.758E-03   5.408E-01
   1.787E-03   5.539E-01
   1.816E-03   5.665E-01
   1.845E-03   5.796E-01
   1.873E-03   5.919E-01
   1.902E-03   6.048E-01
   1.931E-03   6.170E-01
   1.960E-03   6.286E-01
   1.989E-03   6.408E-01
   2.018E-03   6.523E-01
   2.046E-03   6.633E-01
   2.075E-03   6.751E-01
   2.104E-03   6.863E-01
   2.133E-03   6.971E-01
   2.162E-03   7.077E-01
   2.190E-03   7.180E-01
   2.219E-03   7.282E-01
   2.248E-03   7.385E-01
   2.277E-03   7.480E-01
   2.306E-03   7.577E-01
   2.335E-03   7.660E-01
   2.363E-03   7.759E-01
   2.392E-03   7.850E-01
   2.421E-03   7.927E-01
   2.450E-03   8.018E-01
   2.479E-03   8.102E-01
   2.508E-03   8.183E-01
   2.536E-03   8.260E-01
   2.565E-03   8.333E-01
   2.594E-03   8.409E-01
   2.623E-03   8.482E-01
   2.652E-03   8.557E-01
   2.680E-03   8.625E-01
   2.709E-03   8.696E-01
   2.738E-03   8.761E-01
   2.767E-03   8.817E-01
   2.796E-03   8.881E-01
   2.825E-03   8.940E-01
   2.853E-03   9.000E-01
   2.882E-03   9.054E-01
   2.911E-03   9.104E-01
   2.940E-03   9.157E-01
   2.969E-03   9.209E-01
   2.997E-03   9.255E-01
   3.026E-03   9.303E-01
   3.055E-03   9.342E-01
   3.084E-03   9.390E-01
   3.113E-03   9.430E-01
   3.142E-03   9.472E-01
   3.170E-03   9.504E-01
   3.199E-03   9.540E-01
   3.228E-03   9.580E-01
   3.257E-03   9.607E-01
   3.286E-03   9.643E-01
   3.315E-03   9.674E-01
   3.343E-03   9.702E-01
   3.372E-03   9.729E-01
   3.401E-03   9.748E-01
   3.430E-03   9.778E-01
   3.459E-03   9.800E-01
   3.487E-03   9.815E-01
   3.516E-03   9.834E-01
   3.545E-03   9.868E-01
   3.574E-03   9.859E-01
   3.603E-03   9.870E-01
   3.632E-03   9.885E-01
   3.660E-03   9.900E-01
   3.689E-03   9.910E-01
   3.718E-03   9.915E-01
   3.747E-03   9.928E-01
   3.776E-03   9.940E-01
   3.805E-03   9.933E-01
   3.833E-03   9.918E-01
   3.862E-03   9.934E-01
   3.891E-03   9.935E-01
   3.920E-03   9.923E-01
   3.949E-03   9.923E-01
   3.977E-03   9.909E-01
   4.006E-03   9.911E-01
   4.035E-03   9.894E-01
   4.064E-03   9.887E-01
   4.093E-03   9.885E-01
   4.122E-03   9.875E-01
   4.150E-03   9.858E-01
   4.179E-03   9.853E-01
   4.208E-03   9.831E-01
   4.237E-03   9.808E-01
   4.266E-03   9.799E-01
   4.294E-03   9.772E-01
   4.323E-03   9.766E-01
   4.352E-03   9.737E-01
   4.381E-03   9.712E-01
   4.410E-03   9.672E-01
   4.439E-03   9.650E-01
   4.467E-03   9.627E-01
   4.496E-03   9.609E-01
   4.525E-03   9.569E-01
   4.554E-03   9.548E-01
   4.583E-03   9.510E-01
   4.612E-03   9.475E-01
   4.640E-03   9.455E-01
   4.669E-03   9.419E-01
   4.698E-03   9.370E-01
   4.727E-03   9.350E-01
   4.756E-03   9.304E-01
   4.784E-03   9.278E-01
   4.813E-03   9.233E-01
   4.842E-03   9.177E-01
   4.871E-03   9.141E-01
   4.900E-03   9.106E-01
   4.929E-03   9.055E-01
   4.957E-03   9.002E-01
   4.986E-03   8.968E-01
   5.015E-03   8.924E-01
   5.044E-03   8.866E-01
   5.073E-03   8.819E-01
   5.102E-03   8.776E-01
   5.130E-03   8.724E-01
   5.159E-03   8.667E-01
   5.188E-03   8.629E-01
   5.217E-03   8.565E-01
   5.246E-03   8.510E-01
   5.274E-03   8.471E-01
   5.303E-03   8.393E-01
   5.332E-03   8.343E-01
   5.361E-03   8.301E-01
   5.390E-03   8.242E-01
   5.419E-03   8.175E-01
   5.447E-03   8.124E-01
   5.476E-03   8.054E-01
   5.505E-03   8.011E-01
   5.534E-03   7.943E-01
   5.563E-03   7.870E-01
   5.591E-03   7.822E-01
   5.620E-03   7.743E-01
   5.649E-03   7.684E-01
   5.678E-03   7.636E-01
   5.707E-03   7.561E-01
   5.736E-03   7.497E-01
   5.764E-03   7.429E-01
   5.793E-03   7.363E-01
   5.822E-03   7.291E-01
   5.851E-03   7.224E-01
   5.880E-03   7.162E-01
   5.909E-03   7.084E-01
   5.937E-03   7.017E-01
   5.966E-03   6.972E-01
   5.995E-03   6.880E-01
   6.024E-03   6.810E-01
   6.053E-03   6.746E-01
   6.081E-03   6.675E-01
   6.110E-03   6.602E-01
   6.139E-03   6.530E-01
   6.168E-03   6.472E-01
   6.197E-03   6.384E-01
   6.226E-03   6.313E-01
   6.254E-03   6.256E-01
   6.283E-03   6.175E-01
   6.312E-03   6.099E-01
   6.341E-03   6.021E-01
   6.370E-03   5.946E-01
   6.398E-03   5.871E-01
   6.427E-03   5.797E-01
   6.456E-03   5.729E-01
   6.485E-03   5.660E-01
   6.514E-03   5.583E-01
   6.543E-03   5.500E-01
   6.571E-03   5.425E-01
   6.600E-03   5.345E-01
   6.629E-03   5.269E-01
   6.658E-03   5.199E-01
   6.687E-03   5.126E-01
   6.716E-03   5.047E-01
   6.744E-03   4.970E-01
   6.773E-03   4.885E-01
   6.802E-03   4.821E-01
   6.831E-03   4.743E-01
   6.860E-03   4.671E-01
   6.888E-03   4.589E-01
   6.917E-03   4.519E-01
   6.946E-03   4.444E-01
   6.975E-03   4.365E-01
   7.004E-03   4.296E-01
   7.033E-03   4.221E-01
   7.061E-03   4.143E-01
   7.090E-03   4.074E-01
   7.119E-03   4.002E-01
   7.148E-03   3.936E-01
   7.177E-03   3.845E-01
   7.206E-03   3.784E-01
   7.234E-03   3.708E-01
   7.263E-03   3.629E-01
   7.292E-03   3.551E-01
   7.321E-03   3.495E-01
   7.350E-03   3.418E-01
   7.378E-03   3.355E-01
   7.407E-03   3.276E-01
   7.436E-03   3.208E-01
   7.465E-03   3.139E-01
   7.494E-03   3.072E-01
   7.523E-03   3.007E-01
   7.551E-03   2.935E-01
   7.580E-03   2.862E-01
   7.609E-03   2.809E-01
   7.638E-03   2.737E-01
   7.667E-03   2.666E-01
   7.695E-03   2.607E-01
   7.724E-03   2.544E-01
   7.753E-03   2.477E-01
   7.782E-03   2.421E-01
   7.811E-03   2.355E-01
   7.840E-03   2.290E-01
   7.868E-03   2.240E-01
   7.897E-03   2.176E-01
   7.926E-03   2.120E-01
   7.955E-03   2.058E-01
   7.984E-03   2.001E-01
   8.013E-03   1.946E-01
   8.041E-03   1.892E-01
   8.070E-03   1.834E-01
   8.099E-03   1.785E-01
   8.128E-03   1.730E-01
   8.157E-03   1.682E-01
   8.185E-03   1.623E-01
   8.214E-03   1.574E-01
   8.243E-03   1.522E-01
   8.272E-03   1.476E-01
   8.301E-03   1.429E-01
   8.330E-03   1.382E-01
   8.358E-03   1.335E-01
   8.387E-03   1.290E-01
   8.416E-03   1.250E-01
   8.445E-03   1.202E-01
   8.474E-03   1.158E-01
   8.503E-03   1.116E-01
   8.531E-03   1.076E-01
   8.560E-03   1.039E-01
   8.589E-03   9.954E-02
   8.618E-03   9.612E-02
   8.647E-03   9.230E-02
   8.675E-03   8.864E-02
   8.704E-03   8.500E-02
   8.733E-03   8.155E-02
   8.762E-03   7.844E-02
   8.791E-03   7.495E-02
   8.820E-03   7.176E-02
   8.848E-03   6.860E-02
   8.877E-03   6.570E-02
   8.906E-03   6.275E-02
   8.935E-03   5.996E-02
   8.964E-03   5.743E-02
   8.992E-03   5.457E-02
   9.021E-03   5.201E-02
   9.050E-03   4.944E-02
   9.079E-03   4.715E-02
   9.108E-03   4.475E-02
   9.137E-03   4.246E-02
   9.165E-03   4.036E-02
   9.194E-03   3.832E-02
   9.223E-03   3.622E-02
   9.252E-03   3.430E-02
   9.281E-03   3.267E-02
   9.310E-03   3.083E-02
   9.338E-03   2.893E-02
   9.367E-03   2.737E-02
   9.396E-03   2.577E-02
   9.425E-03   2.427E-02
   9.454E-03   2.292E-02
   9.482E-03   2.153E-02
   9.511E-03   2.021E-02
   9.540E-03   1.888E-02
   9.569E-03   1.776E-02
   9.598E-03   1.668E-02
   9.627E-03   1.553E-02
   9.655E-03   1.458E-02
   9.684E-03   1.359E-02
   9.713E-03   1.259E-02
   9.742E-03   1.173E-02
   9.771E-03   1.094E-02
   9.799E-03   1.009E-02
   9.828E-03   9.402E-03
   9.857E-03   8.692E-03
   9.886E-03   8.085E-03
   9.915E-03   7.419E-03
   9.944E-03   6.883E-03
   9.972E-03   6.320E-03
   1.000E-02   5.830E-03
   1.003E-02   5.356E-03
   1.006E-02   4.879E-03
   1.009E-02   4.515E-03
   1.012E-02   4.092E-03
   1.015E-02   3.739E-03
   1.017E-02   3.415E-03
   1.020E-02   3.107E-03
   1.023E-02   2.832E-03
   1.026E-02   2.558E-03
   1.029E-02   2.332E-03
   1.032E-02   2.106E-03
   1.035E-02   1.898E-03
   1.038E-02   1.696E-03
   1.040E-02   1.539E-03
   1.043E-02   1.372E-03
   1.046E-02   1.225E-03
   1.049E-02   1.098E-03
   1.052E-02   9.896E-04
   1.055E-02   8.745E-04
   1.058E-02   7.811E-04
   1.061E-02   6.879E-04
   1.064E-02   6.136E-04
   1.066E-02   5.364E-04
   1.069E-02   4.749E-04
   1.072E-02   4.144E-04
   1.075E-02   3.628E-04
   1.078E-02   3.182E-04
   1.081E-02   2.759E-04
   1.084E-02   2.399E-04
   1.087E-02   2.088E-04
   1.089E-02   1.799E-04
   1.092E-02   1.551E-04
   1.095E-02   1.325E-04
   1.098E-02   1.136E-04
   1.101E-02   9.750E-05
   1.104E-02   8.376E-05
   1.107E-02   7.102E-05
   1.110E-02   6.105E-05
   1.113E-02   5.204E-05
   1.115E-02   4.395E-05
   1.118E-02   3.744E-05
   1.121E-02   3.180E-05
   1.124E-02   2.678E-05
   1.127E-02   2.287E-05
   1.130E-02   1.930E-05
   1.133E-02   1.624E-05
   1.136E-02   1.335E-05
   1.138E-02   1.078E-05
   1.141E-02   8.405E-06
   1.144E-02   6.262E-06
   1.147E-02   4.547E-06
   1.150E-02   3.306E-07
