   0.000E+00   3.994E+03
   2.882E-05   7.242E+01
   5.764E-05   4.687E+01
   8.647E-05   3.782E+01
   1.153E-04   3.288E+01
   1.441E-04   2.940E+01
   1.729E-04   2.675E+01
   2.018E-04   2.438E+01
   2.306E-04   2.241E+01
   2.594E-04   2.063E+01
   2.882E-04   1.908E+01
   3.170E-04   1.765E+01
   3.459E-04   1.625E+01
   3.747E-04   1.505E+01
   4.035E-04   1.391E+01
   4.323E-04   1.287E+01
   4.612E-04   1.189E+01
   4.900E-04   1.101E+01
   5.188E-04   1.022E+01
   5.476E-04   9.481E+00
   5.764E-04   8.837E+00
   6.053E-04   8.226E+00
   6.341E-04   7.683E+00
   6.629E-04   7.194E+00
   6.917E-04   6.747E+00
   7.206E-04   6.364E+00
   7.494E-04   6.013E+00
   7.782E-04   5.691E+00
   8.070E-04   5.407E+00
   8.358E-04   5.154E+00
   8.647E-04   4.922E+00
   8.935E-04   4.712E+00
   9.223E-04   4.521E+00
   9.511E-04   4.345E+00
   9.799E-04   4.187E+00
   1.009E-03   4.039E+00
   1.038E-03   3.905E+00
   1.066E-03   3.776E+00
   1.095E-03   3.651E+00
   1.124E-03   3.542E+00
   1.153E-03   3.438E+00
   1.182E-03   3.343E+00
   1.211E-03   3.251E+00
   1.239E-03   3.167E+00
   1.268E-03   3.084E+00
   1.297E-03   3.007E+00
   1.326E-03   2.932E+00
   1.355E-03   2.863E+00
   1.383E-03   2.797E+00
   1.412E-03   2.736E+00
   1.441E-03   2.676E+00
   1.470E-03   2.618E+00
   1.499E-03   2.565E+00
   1.528E-03   2.510E+00
   1.556E-03   2.461E+00
   1.585E-03   2.414E+00
   1.614E-03   2.365E+00
   1.643E-03   2.321E+00
   1.672E-03   2.278E+00
   1.701E-03   2.237E+00
   1.729E-03   2.196E+00
   1.758E-03   2.156E+00
   1.787E-03   2.119E+00
   1.816E-03   2.085E+00
   1.845E-03   2.047E+00
   1.873E-03   2.014E+00
   1.902E-03   1.984E+00
   1.931E-03   1.950E+00
   1.960E-03   1.920E+00
   1.989E-03   1.890E+00
   2.018E-03   1.859E+00
   2.046E-03   1.832E+00
   2.075E-03   1.803E+00
   2.104E-03   1.777E+00
   2.133E-03   1.750E+00
   2.162E-03   1.727E+00
   2.190E-03   1.701E+00
   2.219E-03   1.678E+00
   2.248E-03   1.655E+00
   2.277E-03   1.632E+00
   2.306E-03   1.610E+00
   2.335E-03   1.587E+00
   2.363E-03   1.568E+00
   2.392E-03   1.549E+00
   2.421E-03   1.529E+00
   2.450E-03   1.509E+00
   2.479E-03   1.491E+00
   2.508E-03   1.472E+00
   2.536E-03   1.456E+00
   2.565E-03   1.438E+00
   2.594E-03   1.421E+00
   2.623E-03   1.405E+00
   2.652E-03   1.390E+00
   2.680E-03   1.375E+00
   2.709E-03   1.359E+00
   2.738E-03   1.346E+00
   2.767E-03   1.333E+00
   2.796E-03   1.319E+00
   2.825E-03   1.305E+00
   2.853E-03   1.293E+00
   2.882E-03   1.278E+00
   2.911E-03   1.267E+00
   2.940E-03   1.254E+00
   2.969E-03   1.242E+00
   2.997E-03   1.230E+00
   3.026E-03   1.220E+00
   3.055E-03   1.211E+00
   3.084E-03   1.201E+00
   3.113E-03   1.190E+00
   3.142E-03   1.180E+00
   3.170E-03   1.171E+00
   3.199E-03   1.161E+00
   3.228E-03   1.153E+00
   3.257E-03   1.146E+00
   3.286E-03   1.136E+00
   3.315E-03   1.128E+00
   3.343E-03   1.118E+00
   3.372E-03   1.112E+00
   3.401E-03   1.104E+00
   3.430E-03   1.097E+00
   3.459E-03   1.089E+00
   3.487E-03   1.082E+00
   3.516E-03   1.077E+00
   3.545E-03   1.069E+00
   3.574E-03   1.063E+00
   3.603E-03   1.059E+00
   3.632E-03   1.055E+00
   3.660E-03   1.045E+00
   3.689E-03   1.041E+00
   3.718E-03   1.036E+00
   3.747E-03   1.032E+00
   3.776E-03   1.028E+00
   3.805E-03   1.022E+00
   3.833E-03   1.020E+00
   3.862E-03   1.018E+00
   3.891E-03   1.012E+00
   3.920E-03   1.011E+00
   3.949E-03   1.006E+00
   3.977E-03   1.005E+00
   4.006E-03   1.002E+00
   4.035E-03   9.994E-01
   4.064E-03   9.963E-01
   4.093E-03   9.959E-01
   4.122E-03   9.913E-01
   4.150E-03   9.915E-01
   4.179E-03   9.878E-01
   4.208E-03   9.887E-01
   4.237E-03   9.881E-01
   4.266E-03   9.837E-01
   4.294E-03   9.861E-01
   4.323E-03   9.839E-01
   4.352E-03   9.843E-01
   4.381E-03   9.847E-01
   4.410E-03   9.872E-01
   4.439E-03   9.872E-01
   4.467E-03   9.856E-01
   4.496E-03   9.867E-01
   4.525E-03   9.883E-01
   4.554E-03   9.868E-01
   4.583E-03   9.878E-01
   4.612E-03   9.899E-01
   4.640E-03   9.875E-01
   4.669E-03   9.866E-01
   4.698E-03   9.914E-01
   4.727E-03   9.890E-01
   4.756E-03   9.938E-01
   4.784E-03   9.937E-01
   4.813E-03   9.931E-01
   4.842E-03   9.968E-01
   4.871E-03   1.001E+00
   4.900E-03   1.000E+00
   4.929E-03   1.006E+00
   4.957E-03   1.007E+00
   4.986E-03   1.006E+00
   5.015E-03   1.006E+00
   5.044E-03   1.012E+00
   5.073E-03   1.015E+00
   5.102E-03   1.017E+00
   5.130E-03   1.016E+00
   5.159E-03   1.018E+00
   5.188E-03   1.019E+00
   5.217E-03   1.021E+00
   5.246E-03   1.025E+00
   5.274E-03   1.026E+00
   5.303E-03   1.031E+00
   5.332E-03   1.038E+00
   5.361E-03   1.033E+00
   5.390E-03   1.033E+00
   5.419E-03   1.040E+00
   5.447E-03   1.041E+00
   5.476E-03   1.047E+00
   5.505E-03   1.048E+00
   5.534E-03   1.052E+00
   5.563E-03   1.053E+00
   5.591E-03   1.055E+00
   5.620E-03   1.059E+00
   5.649E-03   1.062E+00
   5.678E-03   1.066E+00
   5.707E-03   1.070E+00
   5.736E-03   1.073E+00
   5.764E-03   1.072E+00
   5.793E-03   1.079E+00
   5.822E-03   1.079E+00
   5.851E-03   1.086E+00
   5.880E-03   1.090E+00
   5.909E-03   1.095E+00
   5.937E-03   1.097E+00
   5.966E-03   1.102E+00
   5.995E-03   1.103E+00
   6.024E-03   1.106E+00
   6.053E-03   1.111E+00
   6.081E-03   1.111E+00
   6.110E-03   1.119E+00
   6.139E-03   1.126E+00
   6.168E-03   1.123E+00
   6.197E-03   1.130E+00
   6.226E-03   1.130E+00
   6.254E-03   1.136E+00
   6.283E-03   1.145E+00
   6.312E-03   1.148E+00
   6.341E-03   1.152E+00
   6.370E-03   1.153E+00
   6.398E-03   1.156E+00
   6.427E-03   1.161E+00
   6.456E-03   1.161E+00
   6.485E-03   1.170E+00
   6.514E-03   1.172E+00
   6.543E-03   1.173E+00
   6.571E-03   1.179E+00
   6.600E-03   1.179E+00
   6.629E-03   1.187E+00
   6.658E-03   1.187E+00
   6.687E-03   1.184E+00
   6.716E-03   1.193E+00
   6.744E-03   1.196E+00
   6.773E-03   1.197E+00
   6.802E-03   1.196E+00
   6.831E-03   1.200E+00
   6.860E-03   1.197E+00
   6.888E-03   1.206E+00
   6.917E-03   1.205E+00
   6.946E-03   1.207E+00
   6.975E-03   1.208E+00
   7.004E-03   1.208E+00
   7.033E-03   1.214E+00
   7.061E-03   1.211E+00
   7.090E-03   1.206E+00
   7.119E-03   1.205E+00
   7.148E-03   1.205E+00
   7.177E-03   1.212E+00
   7.206E-03   1.202E+00
   7.234E-03   1.198E+00
   7.263E-03   1.202E+00
   7.292E-03   1.196E+00
   7.321E-03   1.190E+00
   7.350E-03   1.190E+00
   7.378E-03   1.183E+00
   7.407E-03   1.184E+00
   7.436E-03   1.178E+00
   7.465E-03   1.171E+00
   7.494E-03   1.171E+00
   7.523E-03   1.165E+00
   7.551E-03   1.159E+00
   7.580E-03   1.149E+00
   7.609E-03   1.143E+00
   7.638E-03   1.142E+00
   7.667E-03   1.133E+00
   7.695E-03   1.121E+00
   7.724E-03   1.114E+00
   7.753E-03   1.112E+00
   7.782E-03   1.099E+00
   7.811E-03   1.089E+00
   7.840E-03   1.082E+00
   7.868E-03   1.074E+00
   7.897E-03   1.065E+00
   7.926E-03   1.056E+00
   7.955E-03   1.050E+00
   7.984E-03   1.039E+00
   8.013E-03   1.028E+00
   8.041E-03   1.018E+00
   8.070E-03   1.006E+00
   8.099E-03   9.972E-01
   8.128E-03   9.855E-01
   8.157E-03   9.780E-01
   8.185E-03   9.655E-01
   8.214E-03   9.549E-01
   8.243E-03   9.414E-01
   8.272E-03   9.343E-01
   8.301E-03   9.195E-01
   8.330E-03   9.061E-01
   8.358E-03   8.965E-01
   8.387E-03   8.861E-01
   8.416E-03   8.746E-01
   8.445E-03   8.588E-01
   8.474E-03   8.485E-01
   8.503E-03   8.395E-01
   8.531E-03   8.275E-01
   8.560E-03   8.192E-01
   8.589E-03   8.062E-01
   8.618E-03   7.949E-01
   8.647E-03   7.867E-01
   8.675E-03   7.766E-01
   8.704E-03   7.674E-01
   8.733E-03   7.590E-01
   8.762E-03   7.490E-01
   8.791E-03   7.417E-01
   8.820E-03   7.371E-01
   8.848E-03   7.291E-01
   8.877E-03   7.214E-01
   8.906E-03   7.163E-01
   8.935E-03   7.105E-01
   8.964E-03   7.075E-01
   8.992E-03   7.049E-01
   9.021E-03   7.042E-01
   9.050E-03   7.004E-01
   9.079E-03   6.988E-01
   9.108E-03   6.995E-01
   9.137E-03   6.999E-01
   9.165E-03   7.024E-01
   9.194E-03   7.033E-01
   9.223E-03   7.052E-01
   9.252E-03   7.101E-01
   9.281E-03   7.166E-01
   9.310E-03   7.188E-01
   9.338E-03   7.300E-01
   9.367E-03   7.384E-01
   9.396E-03   7.465E-01
   9.425E-03   7.561E-01
   9.454E-03   7.667E-01
   9.482E-03   7.780E-01
   9.511E-03   7.945E-01
   9.540E-03   8.064E-01
   9.569E-03   8.236E-01
   9.598E-03   8.407E-01
   9.627E-03   8.556E-01
   9.655E-03   8.738E-01
   9.684E-03   8.957E-01
   9.713E-03   9.168E-01
   9.742E-03   9.400E-01
   9.771E-03   9.621E-01
   9.799E-03   9.905E-01
   9.828E-03   1.014E+00
   9.857E-03   1.039E+00
   9.886E-03   1.066E+00
   9.915E-03   1.103E+00
   9.944E-03   1.133E+00
   9.972E-03   1.170E+00
   1.000E-02   1.208E+00
   1.003E-02   1.251E+00
   1.006E-02   1.290E+00
   1.009E-02   1.335E+00
   1.012E-02   1.378E+00
   1.015E-02   1.431E+00
   1.017E-02   1.482E+00
   1.020E-02   1.544E+00
   1.023E-02   1.611E+00
   1.026E-02   1.667E+00
   1.029E-02   1.733E+00
   1.032E-02   1.813E+00
   1.035E-02   1.882E+00
   1.038E-02   1.979E+00
   1.040E-02   2.062E+00
   1.043E-02   2.154E+00
   1.046E-02   2.264E+00
   1.049E-02   2.369E+00
   1.052E-02   2.497E+00
   1.055E-02   2.629E+00
   1.058E-02   2.800E+00
   1.061E-02   2.936E+00
   1.064E-02   3.127E+00
   1.066E-02   3.331E+00
   1.069E-02   3.579E+00
   1.072E-02   3.835E+00
   1.075E-02   4.119E+00
   1.078E-02   4.449E+00
   1.081E-02   4.802E+00
   1.084E-02   5.287E+00
   1.087E-02   5.815E+00
   1.089E-02   6.410E+00
   1.092E-02   7.195E+00
   1.095E-02   8.176E+00
   1.098E-02   9.015E+00
   1.101E-02   1.021E+01
   1.104E-02   1.191E+01
   1.107E-02   1.418E+01
   1.110E-02   1.670E+01
   1.113E-02   1.993E+01
   1.115E-02   2.499E+01
   1.118E-02   3.096E+01
   1.121E-02   4.003E+01
   1.124E-02   5.111E+01
   1.127E-02   6.746E+01
   1.130E-02   9.154E+01
   1.133E-02   1.255E+02
   1.136E-02   1.825E+02
   1.138E-02   2.736E+02
   1.141E-02   4.384E+02
   1.144E-02   7.758E+02
   1.147E-02   1.622E+03
   1.150E-02   4.886E+10
