   2.980E+02   7.180E-01
   3.015E+02   3.429E+00
   3.050E+02   4.564E+00
   3.085E+02   5.455E+00
   3.121E+02   6.245E+00
   3.156E+02   6.952E+00
   3.191E+02   7.593E+00
   3.226E+02   8.182E+00
   3.261E+02   8.723E+00
   3.296E+02   9.231E+00
   3.331E+02   9.704E+00
   3.367E+02   1.014E+01
   3.402E+02   1.056E+01
   3.437E+02   1.096E+01
   3.472E+02   1.133E+01
   3.507E+02   1.168E+01
   3.542E+02   1.204E+01
   3.577E+02   1.237E+01
   3.612E+02   1.268E+01
   3.648E+02   1.299E+01
   3.683E+02   1.327E+01
   3.718E+02   1.355E+01
   3.753E+02   1.380E+01
   3.788E+02   1.406E+01
   3.823E+02   1.432E+01
   3.858E+02   1.456E+01
   3.894E+02   1.480E+01
   3.929E+02   1.502E+01
   3.964E+02   1.525E+01
   3.999E+02   1.545E+01
   4.034E+02   1.566E+01
   4.069E+02   1.584E+01
   4.104E+02   1.603E+01
   4.140E+02   1.622E+01
   4.175E+02   1.639E+01
   4.210E+02   1.657E+01
   4.245E+02   1.672E+01
   4.280E+02   1.688E+01
   4.315E+02   1.704E+01
   4.350E+02   1.720E+01
   4.386E+02   1.735E+01
   4.421E+02   1.748E+01
   4.456E+02   1.761E+01
   4.491E+02   1.774E+01
   4.526E+02   1.787E+01
   4.561E+02   1.799E+01
   4.596E+02   1.812E+01
   4.631E+02   1.825E+01
   4.667E+02   1.834E+01
   4.702E+02   1.845E+01
   4.737E+02   1.857E+01
   4.772E+02   1.867E+01
   4.807E+02   1.877E+01
   4.842E+02   1.887E+01
   4.877E+02   1.896E+01
   4.913E+02   1.907E+01
   4.948E+02   1.915E+01
   4.983E+02   1.922E+01
   5.018E+02   1.932E+01
   5.053E+02   1.938E+01
   5.088E+02   1.948E+01
   5.123E+02   1.956E+01
   5.159E+02   1.962E+01
   5.194E+02   1.970E+01
   5.229E+02   1.977E+01
   5.264E+02   1.982E+01
   5.299E+02   1.989E+01
   5.334E+02   1.996E+01
   5.369E+02   2.003E+01
   5.405E+02   2.007E+01
   5.440E+02   2.012E+01
   5.475E+02   2.017E+01
   5.510E+02   2.024E+01
   5.545E+02   2.030E+01
   5.580E+02   2.032E+01
   5.615E+02   2.036E+01
   5.650E+02   2.042E+01
   5.686E+02   2.049E+01
   5.721E+02   2.052E+01
   5.756E+02   2.053E+01
   5.791E+02   2.060E+01
   5.826E+02   2.064E+01
   5.861E+02   2.067E+01
   5.896E+02   2.068E+01
   5.932E+02   2.073E+01
   5.967E+02   2.074E+01
   6.002E+02   2.078E+01
   6.037E+02   2.081E+01
   6.072E+02   2.083E+01
   6.107E+02   2.086E+01
   6.142E+02   2.088E+01
   6.178E+02   2.090E+01
   6.213E+02   2.090E+01
   6.248E+02   2.090E+01
   6.283E+02   2.093E+01
   6.318E+02   2.095E+01
   6.353E+02   2.096E+01
   6.388E+02   2.099E+01
   6.424E+02   2.097E+01
   6.459E+02   2.098E+01
   6.494E+02   2.098E+01
   6.529E+02   2.099E+01
   6.564E+02   2.099E+01
   6.599E+02   2.100E+01
   6.634E+02   2.097E+01
   6.669E+02   2.098E+01
   6.705E+02   2.097E+01
   6.740E+02   2.097E+01
   6.775E+02   2.096E+01
   6.810E+02   2.096E+01
   6.845E+02   2.096E+01
   6.880E+02   2.092E+01
   6.915E+02   2.094E+01
   6.951E+02   2.091E+01
   6.986E+02   2.089E+01
   7.021E+02   2.089E+01
   7.056E+02   2.087E+01
   7.091E+02   2.085E+01
   7.126E+02   2.084E+01
   7.161E+02   2.080E+01
   7.197E+02   2.079E+01
   7.232E+02   2.077E+01
   7.267E+02   2.073E+01
   7.302E+02   2.070E+01
   7.337E+02   2.070E+01
   7.372E+02   2.067E+01
   7.407E+02   2.063E+01
   7.443E+02   2.060E+01
   7.478E+02   2.056E+01
   7.513E+02   2.053E+01
   7.548E+02   2.051E+01
   7.583E+02   2.047E+01
   7.618E+02   2.046E+01
   7.653E+02   2.042E+01
   7.688E+02   2.037E+01
   7.724E+02   2.034E+01
   7.759E+02   2.030E+01
   7.794E+02   2.026E+01
   7.829E+02   2.021E+01
   7.864E+02   2.018E+01
   7.899E+02   2.014E+01
   7.934E+02   2.010E+01
   7.970E+02   2.004E+01
   8.005E+02   2.000E+01
   8.040E+02   1.995E+01
   8.075E+02   1.989E+01
   8.110E+02   1.986E+01
   8.145E+02   1.981E+01
   8.180E+02   1.978E+01
   8.216E+02   1.972E+01
   8.251E+02   1.968E+01
   8.286E+02   1.962E+01
   8.321E+02   1.957E+01
   8.356E+02   1.952E+01
   8.391E+02   1.945E+01
   8.426E+02   1.940E+01
   8.462E+02   1.934E+01
   8.497E+02   1.930E+01
   8.532E+02   1.922E+01
   8.567E+02   1.919E+01
   8.602E+02   1.910E+01
   8.637E+02   1.905E+01
   8.672E+02   1.899E+01
   8.707E+02   1.893E+01
   8.743E+02   1.887E+01
   8.778E+02   1.880E+01
   8.813E+02   1.873E+01
   8.848E+02   1.866E+01
   8.883E+02   1.858E+01
   8.918E+02   1.852E+01
   8.953E+02   1.845E+01
   8.989E+02   1.838E+01
   9.024E+02   1.831E+01
   9.059E+02   1.823E+01
   9.094E+02   1.815E+01
   9.129E+02   1.808E+01
   9.164E+02   1.800E+01
   9.199E+02   1.793E+01
   9.235E+02   1.785E+01
   9.270E+02   1.777E+01
   9.305E+02   1.771E+01
   9.340E+02   1.761E+01
   9.375E+02   1.752E+01
   9.410E+02   1.743E+01
   9.445E+02   1.737E+01
   9.481E+02   1.728E+01
   9.516E+02   1.716E+01
   9.551E+02   1.709E+01
   9.586E+02   1.700E+01
   9.621E+02   1.693E+01
   9.656E+02   1.682E+01
   9.691E+02   1.673E+01
   9.726E+02   1.663E+01
   9.762E+02   1.653E+01
   9.797E+02   1.646E+01
   9.832E+02   1.633E+01
   9.867E+02   1.624E+01
   9.902E+02   1.615E+01
   9.937E+02   1.603E+01
   9.972E+02   1.592E+01
   1.001E+03   1.582E+01
   1.004E+03   1.573E+01
   1.008E+03   1.561E+01
   1.011E+03   1.549E+01
   1.015E+03   1.539E+01
   1.018E+03   1.527E+01
   1.022E+03   1.517E+01
   1.025E+03   1.504E+01
   1.029E+03   1.492E+01
   1.032E+03   1.480E+01
   1.036E+03   1.467E+01
   1.039E+03   1.455E+01
   1.043E+03   1.444E+01
   1.046E+03   1.430E+01
   1.050E+03   1.417E+01
   1.053E+03   1.406E+01
   1.057E+03   1.391E+01
   1.060E+03   1.379E+01
   1.064E+03   1.364E+01
   1.068E+03   1.350E+01
   1.071E+03   1.337E+01
   1.075E+03   1.322E+01
   1.078E+03   1.309E+01
   1.082E+03   1.295E+01
   1.085E+03   1.279E+01
   1.089E+03   1.265E+01
   1.092E+03   1.250E+01
   1.096E+03   1.235E+01
   1.099E+03   1.220E+01
   1.103E+03   1.203E+01
   1.106E+03   1.188E+01
   1.110E+03   1.172E+01
   1.113E+03   1.157E+01
   1.117E+03   1.140E+01
   1.120E+03   1.123E+01
   1.124E+03   1.107E+01
   1.127E+03   1.090E+01
   1.131E+03   1.073E+01
   1.134E+03   1.057E+01
   1.138E+03   1.037E+01
   1.141E+03   1.021E+01
   1.145E+03   1.002E+01
   1.148E+03   9.838E+00
   1.152E+03   9.659E+00
   1.155E+03   9.482E+00
   1.159E+03   9.294E+00
   1.162E+03   9.113E+00
   1.166E+03   8.926E+00
   1.169E+03   8.739E+00
   1.173E+03   8.541E+00
   1.176E+03   8.348E+00
   1.180E+03   8.155E+00
   1.183E+03   7.967E+00
   1.187E+03   7.767E+00
   1.191E+03   7.567E+00
   1.194E+03   7.365E+00
   1.198E+03   7.172E+00
   1.201E+03   6.971E+00
   1.205E+03   6.777E+00
   1.208E+03   6.578E+00
   1.212E+03   6.379E+00
   1.215E+03   6.187E+00
   1.219E+03   5.995E+00
   1.222E+03   5.802E+00
   1.226E+03   5.601E+00
   1.229E+03   5.410E+00
   1.233E+03   5.216E+00
   1.236E+03   5.019E+00
   1.240E+03   4.821E+00
   1.243E+03   4.643E+00
   1.247E+03   4.452E+00
   1.250E+03   4.256E+00
   1.254E+03   4.074E+00
   1.257E+03   3.894E+00
   1.261E+03   3.708E+00
   1.264E+03   3.528E+00
   1.268E+03   3.358E+00
   1.271E+03   3.187E+00
   1.275E+03   3.010E+00
   1.278E+03   2.846E+00
   1.282E+03   2.678E+00
   1.285E+03   2.519E+00
   1.289E+03   2.362E+00
   1.292E+03   2.215E+00
   1.296E+03   2.067E+00
   1.299E+03   1.925E+00
   1.303E+03   1.790E+00
   1.306E+03   1.658E+00
   1.310E+03   1.534E+00
   1.313E+03   1.414E+00
   1.317E+03   1.299E+00
   1.321E+03   1.187E+00
   1.324E+03   1.083E+00
   1.328E+03   9.879E-01
   1.331E+03   8.941E-01
   1.335E+03   8.069E-01
   1.338E+03   7.214E-01
   1.342E+03   6.415E-01
   1.345E+03   5.683E-01
   1.349E+03   5.019E-01
   1.352E+03   4.429E-01
   1.356E+03   3.887E-01
   1.359E+03   3.372E-01
   1.363E+03   2.880E-01
   1.366E+03   2.456E-01
   1.370E+03   2.092E-01
   1.373E+03   1.773E-01
   1.377E+03   1.511E-01
   1.380E+03   1.287E-01
   1.384E+03   1.096E-01
   1.387E+03   9.438E-02
   1.391E+03   8.192E-02
   1.394E+03   7.387E-02
   1.398E+03   6.892E-02
   1.401E+03   6.642E-02
   1.405E+03   6.685E-02
   1.408E+03   6.893E-02
   1.412E+03   7.428E-02
   1.415E+03   8.286E-02
   1.419E+03   9.297E-02
   1.422E+03   1.034E-01
   1.426E+03   1.152E-01
   1.429E+03   1.294E-01
   1.433E+03   1.453E-01
   1.436E+03   1.618E-01
   1.440E+03   1.782E-01
   1.443E+03   1.948E-01
   1.447E+03   2.121E-01
   1.451E+03   2.286E-01
   1.454E+03   2.441E-01
   1.458E+03   2.591E-01
   1.461E+03   2.743E-01
   1.465E+03   2.883E-01
   1.468E+03   3.024E-01
   1.472E+03   3.150E-01
   1.475E+03   3.281E-01
   1.479E+03   3.399E-01
   1.482E+03   3.504E-01
   1.486E+03   3.595E-01
   1.489E+03   3.679E-01
   1.493E+03   3.755E-01
   1.496E+03   3.835E-01
   1.500E+03   3.904E-01
   1.503E+03   3.972E-01
   1.507E+03   4.039E-01
   1.510E+03   4.105E-01
   1.514E+03   4.158E-01
   1.517E+03   4.205E-01
   1.521E+03   4.251E-01
   1.524E+03   4.279E-01
   1.528E+03   4.313E-01
   1.531E+03   4.339E-01
   1.535E+03   4.351E-01
   1.538E+03   4.366E-01
   1.542E+03   4.374E-01
   1.545E+03   4.383E-01
   1.549E+03   4.381E-01
   1.552E+03   4.371E-01
   1.556E+03   4.349E-01
   1.559E+03   4.327E-01
   1.563E+03   4.300E-01
   1.566E+03   4.276E-01
   1.570E+03   4.238E-01
   1.574E+03   4.201E-01
   1.577E+03   4.159E-01
   1.581E+03   4.117E-01
   1.584E+03   4.075E-01
   1.588E+03   4.042E-01
   1.591E+03   4.009E-01
   1.595E+03   3.975E-01
   1.598E+03   3.931E-01
   1.602E+03   3.896E-01
   1.605E+03   3.870E-01
   1.609E+03   3.853E-01
   1.612E+03   3.813E-01
   1.616E+03   3.769E-01
   1.619E+03   3.728E-01
   1.623E+03   3.689E-01
   1.626E+03   3.656E-01
   1.630E+03   3.618E-01
   1.633E+03   3.574E-01
   1.637E+03   3.522E-01
   1.640E+03   3.471E-01
   1.644E+03   3.420E-01
   1.647E+03   3.375E-01
   1.651E+03   3.312E-01
   1.654E+03   3.257E-01
   1.658E+03   3.194E-01
   1.661E+03   3.123E-01
   1.665E+03   3.099E-01
   1.668E+03   3.073E-01
   1.672E+03   3.019E-01
   1.675E+03   2.971E-01
   1.679E+03   2.959E-01
   1.682E+03   2.958E-01
   1.686E+03   2.864E-01
   1.689E+03   2.799E-01
   1.693E+03   2.705E-01
   1.696E+03   2.614E-01
   1.700E+03   2.352E-01
