   0.000E+00   3.527E+01
   2.882E-05   1.787E+00
   5.764E-05   1.115E+00
   8.647E-05   8.603E-01
   1.153E-04   7.252E-01
   1.441E-04   6.363E-01
   1.729E-04   5.770E-01
   2.018E-04   5.314E-01
   2.306E-04   4.959E-01
   2.594E-04   4.685E-01
   2.882E-04   4.446E-01
   3.170E-04   4.214E-01
   3.459E-04   3.956E-01
   3.747E-04   3.691E-01
   4.035E-04   3.417E-01
   4.323E-04   3.158E-01
   4.612E-04   2.928E-01
   4.900E-04   2.723E-01
   5.188E-04   2.547E-01
   5.476E-04   2.398E-01
   5.764E-04   2.271E-01
   6.053E-04   2.162E-01
   6.341E-04   2.070E-01
   6.629E-04   1.994E-01
   6.917E-04   1.931E-01
   7.206E-04   1.882E-01
   7.494E-04   1.841E-01
   7.782E-04   1.805E-01
   8.070E-04   1.777E-01
   8.358E-04   1.758E-01
   8.647E-04   1.738E-01
   8.935E-04   1.726E-01
   9.223E-04   1.716E-01
   9.511E-04   1.708E-01
   9.799E-04   1.699E-01
   1.009E-03   1.696E-01
   1.038E-03   1.694E-01
   1.066E-03   1.693E-01
   1.095E-03   1.692E-01
   1.124E-03   1.695E-01
   1.153E-03   1.696E-01
   1.182E-03   1.706E-01
   1.211E-03   1.711E-01
   1.239E-03   1.719E-01
   1.268E-03   1.724E-01
   1.297E-03   1.732E-01
   1.326E-03   1.740E-01
   1.355E-03   1.741E-01
   1.383E-03   1.753E-01
   1.412E-03   1.761E-01
   1.441E-03   1.773E-01
   1.470E-03   1.787E-01
   1.499E-03   1.793E-01
   1.528E-03   1.801E-01
   1.556E-03   1.809E-01
   1.585E-03   1.824E-01
   1.614E-03   1.837E-01
   1.643E-03   1.850E-01
   1.672E-03   1.860E-01
   1.701E-03   1.876E-01
   1.729E-03   1.891E-01
   1.758E-03   1.905E-01
   1.787E-03   1.924E-01
   1.816E-03   1.940E-01
   1.845E-03   1.951E-01
   1.873E-03   1.972E-01
   1.902E-03   1.984E-01
   1.931E-03   2.002E-01
   1.960E-03   2.017E-01
   1.989E-03   2.030E-01
   2.018E-03   2.047E-01
   2.046E-03   2.067E-01
   2.075E-03   2.079E-01
   2.104E-03   2.097E-01
   2.133E-03   2.117E-01
   2.162E-03   2.132E-01
   2.190E-03   2.146E-01
   2.219E-03   2.165E-01
   2.248E-03   2.180E-01
   2.277E-03   2.199E-01
   2.306E-03   2.224E-01
   2.335E-03   2.250E-01
   2.363E-03   2.261E-01
   2.392E-03   2.285E-01
   2.421E-03   2.311E-01
   2.450E-03   2.317E-01
   2.479E-03   2.337E-01
   2.508E-03   2.355E-01
   2.536E-03   2.378E-01
   2.565E-03   2.402E-01
   2.594E-03   2.415E-01
   2.623E-03   2.438E-01
   2.652E-03   2.454E-01
   2.680E-03   2.479E-01
   2.709E-03   2.496E-01
   2.738E-03   2.522E-01
   2.767E-03   2.553E-01
   2.796E-03   2.568E-01
   2.825E-03   2.592E-01
   2.853E-03   2.615E-01
   2.882E-03   2.630E-01
   2.911E-03   2.651E-01
   2.940E-03   2.677E-01
   2.969E-03   2.693E-01
   2.997E-03   2.720E-01
   3.026E-03   2.736E-01
   3.055E-03   2.771E-01
   3.084E-03   2.785E-01
   3.113E-03   2.807E-01
   3.142E-03   2.834E-01
   3.170E-03   2.859E-01
   3.199E-03   2.883E-01
   3.228E-03   2.897E-01
   3.257E-03   2.931E-01
   3.286E-03   2.963E-01
   3.315E-03   2.978E-01
   3.343E-03   3.010E-01
   3.372E-03   3.033E-01
   3.401E-03   3.061E-01
   3.430E-03   3.081E-01
   3.459E-03   3.112E-01
   3.487E-03   3.149E-01
   3.516E-03   3.165E-01
   3.545E-03   3.180E-01
   3.574E-03   3.216E-01
   3.603E-03   3.256E-01
   3.632E-03   3.273E-01
   3.660E-03   3.315E-01
   3.689E-03   3.345E-01
   3.718E-03   3.358E-01
   3.747E-03   3.394E-01
   3.776E-03   3.439E-01
   3.805E-03   3.453E-01
   3.833E-03   3.495E-01
   3.862E-03   3.532E-01
   3.891E-03   3.572E-01
   3.920E-03   3.626E-01
   3.949E-03   3.643E-01
   3.977E-03   3.682E-01
   4.006E-03   3.735E-01
   4.035E-03   3.748E-01
   4.064E-03   3.795E-01
   4.093E-03   3.854E-01
   4.122E-03   3.835E-01
   4.150E-03   3.891E-01
   4.179E-03   3.954E-01
   4.208E-03   4.001E-01
   4.237E-03   4.029E-01
   4.266E-03   4.111E-01
   4.294E-03   4.140E-01
   4.323E-03   4.206E-01
   4.352E-03   4.282E-01
   4.381E-03   4.369E-01
   4.410E-03   4.431E-01
   4.439E-03   4.475E-01
   4.467E-03   4.506E-01
   4.496E-03   4.674E-01
   4.525E-03   4.741E-01
   4.554E-03   4.639E-01
   4.583E-03   4.739E-01
   4.612E-03   4.932E-01
   4.640E-03   5.040E-01
   4.669E-03   4.907E-01
   4.698E-03   5.118E-01
   4.727E-03   5.232E-01
   4.756E-03   5.517E-01
   4.784E-03   5.350E-01
   4.813E-03   5.315E-01
   4.842E-03   6.018E-01
   4.871E-03   5.804E-01
   4.900E-03   5.952E-01
   4.929E-03   5.909E-01
   4.957E-03   6.254E-01
   4.986E-03   6.182E-01
   5.015E-03   6.463E-01
   5.044E-03   6.550E-01
   5.073E-03   6.771E-01
   5.102E-03   6.906E-01
   5.130E-03   7.054E-01
   5.159E-03   7.260E-01
   5.188E-03   7.576E-01
   5.217E-03   7.526E-01
   5.246E-03   8.213E-01
   5.274E-03   8.619E-01
   5.303E-03   8.667E-01
   5.332E-03   8.802E-01
   5.361E-03   9.507E-01
   5.390E-03   9.891E-01
   5.419E-03   1.024E+00
   5.447E-03   9.946E-01
   5.476E-03   1.065E+00
   5.505E-03   1.027E+00
   5.534E-03   1.105E+00
   5.563E-03   1.179E+00
   5.591E-03   1.152E+00
   5.620E-03   1.283E+00
   5.649E-03   1.471E+00
   5.678E-03   1.354E+00
   5.707E-03   1.534E+00
   5.736E-03   1.468E+00
   5.764E-03   1.403E+00
   5.793E-03   1.635E+00
   5.822E-03   1.752E+00
   5.851E-03   1.780E+00
   5.880E-03   2.040E+00
   5.909E-03   2.093E+00
   5.937E-03   2.041E+00
   5.966E-03   2.053E+00
   5.995E-03   2.444E+00
   6.024E-03   2.405E+00
   6.053E-03   2.392E+00
   6.081E-03   2.969E+00
   6.110E-03   2.802E+00
   6.139E-03   2.634E+00
   6.168E-03   2.869E+00
   6.197E-03   2.952E+00
   6.226E-03   3.513E+00
   6.254E-03   3.471E+00
   6.283E-03   3.412E+00
   6.312E-03   3.554E+00
   6.341E-03   3.877E+00
   6.370E-03   3.958E+00
   6.398E-03   3.921E+00
   6.427E-03   4.460E+00
   6.456E-03   4.473E+00
   6.485E-03   4.693E+00
   6.514E-03   4.617E+00
   6.543E-03   5.092E+00
   6.571E-03   5.233E+00
   6.600E-03   6.092E+00
   6.629E-03   5.971E+00
   6.658E-03   5.946E+00
   6.687E-03   5.777E+00
   6.716E-03   6.849E+00
   6.744E-03   7.521E+00
   6.773E-03   7.423E+00
   6.802E-03   7.394E+00
   6.831E-03   8.091E+00
   6.860E-03   8.433E+00
   6.888E-03   9.397E+00
   6.917E-03   9.281E+00
   6.946E-03   9.175E+00
   6.975E-03   1.032E+01
   7.004E-03   1.117E+01
   7.033E-03   1.258E+01
   7.061E-03   1.219E+01
   7.090E-03   1.351E+01
   7.119E-03   1.495E+01
   7.148E-03   1.287E+01
   7.177E-03   1.354E+01
   7.206E-03   1.502E+01
   7.234E-03   1.724E+01
   7.263E-03   1.607E+01
   7.292E-03   1.770E+01
   7.321E-03   1.805E+01
   7.350E-03   1.869E+01
   7.378E-03   1.947E+01
   7.407E-03   2.005E+01
   7.436E-03   2.135E+01
   7.465E-03   2.245E+01
   7.494E-03   2.496E+01
   7.523E-03   2.506E+01
   7.551E-03   2.558E+01
   7.580E-03   2.589E+01
   7.609E-03   2.838E+01
   7.638E-03   3.027E+01
   7.667E-03   3.037E+01
   7.695E-03   3.211E+01
   7.724E-03   3.423E+01
   7.753E-03   3.472E+01
   7.782E-03   3.778E+01
   7.811E-03   3.977E+01
   7.840E-03   4.056E+01
   7.868E-03   4.131E+01
   7.897E-03   4.466E+01
   7.926E-03   4.713E+01
   7.955E-03   4.713E+01
   7.984E-03   5.099E+01
   8.013E-03   5.184E+01
   8.041E-03   5.354E+01
   8.070E-03   5.914E+01
   8.099E-03   5.944E+01
   8.128E-03   6.226E+01
   8.157E-03   6.565E+01
   8.185E-03   6.712E+01
   8.214E-03   6.938E+01
   8.243E-03   7.256E+01
   8.272E-03   7.569E+01
   8.301E-03   7.687E+01
   8.330E-03   8.121E+01
   8.358E-03   8.594E+01
   8.387E-03   8.706E+01
   8.416E-03   9.273E+01
   8.445E-03   9.630E+01
   8.474E-03   9.962E+01
   8.503E-03   1.049E+02
   8.531E-03   1.094E+02
   8.560E-03   1.136E+02
   8.589E-03   1.189E+02
   8.618E-03   1.255E+02
   8.647E-03   1.316E+02
   8.675E-03   1.374E+02
   8.704E-03   1.429E+02
   8.733E-03   1.522E+02
   8.762E-03   1.547E+02
   8.791E-03   1.700E+02
   8.820E-03   1.736E+02
   8.848E-03   1.815E+02
   8.877E-03   1.913E+02
   8.906E-03   2.001E+02
   8.935E-03   2.094E+02
   8.964E-03   2.191E+02
   8.992E-03   2.340E+02
   9.021E-03   2.448E+02
   9.050E-03   2.538E+02
   9.079E-03   2.681E+02
   9.108E-03   2.880E+02
   9.137E-03   3.018E+02
   9.165E-03   3.129E+02
   9.194E-03   3.306E+02
   9.223E-03   3.427E+02
   9.252E-03   3.685E+02
   9.281E-03   3.852E+02
   9.310E-03   4.013E+02
   9.338E-03   4.258E+02
   9.367E-03   4.481E+02
   9.396E-03   4.742E+02
   9.425E-03   4.910E+02
   9.454E-03   5.196E+02
   9.482E-03   5.414E+02
   9.511E-03   5.761E+02
   9.540E-03   6.086E+02
   9.569E-03   6.397E+02
   9.598E-03   6.750E+02
   9.627E-03   7.107E+02
   9.655E-03   7.411E+02
   9.684E-03   7.953E+02
   9.713E-03   8.305E+02
   9.742E-03   8.806E+02
   9.771E-03   9.292E+02
   9.799E-03   9.893E+02
   9.828E-03   1.023E+03
   9.857E-03   1.090E+03
   9.886E-03   1.141E+03
   9.915E-03   1.213E+03
   9.944E-03   1.267E+03
   9.972E-03   1.339E+03
   1.000E-02   1.415E+03
   1.003E-02   1.493E+03
   1.006E-02   1.572E+03
   1.009E-02   1.656E+03
   1.012E-02   1.738E+03
   1.015E-02   1.827E+03
   1.017E-02   1.939E+03
   1.020E-02   2.057E+03
   1.023E-02   2.156E+03
   1.026E-02   2.265E+03
   1.029E-02   2.381E+03
   1.032E-02   2.526E+03
   1.035E-02   2.644E+03
   1.038E-02   2.786E+03
   1.040E-02   2.923E+03
   1.043E-02   3.094E+03
   1.046E-02   3.247E+03
   1.049E-02   3.418E+03
   1.052E-02   3.590E+03
   1.055E-02   3.763E+03
   1.058E-02   3.953E+03
   1.061E-02   4.136E+03
   1.064E-02   4.325E+03
   1.066E-02   4.551E+03
   1.069E-02   4.775E+03
   1.072E-02   4.999E+03
   1.075E-02   5.231E+03
   1.078E-02   5.472E+03
   1.081E-02   5.728E+03
   1.084E-02   5.984E+03
   1.087E-02   6.269E+03
   1.089E-02   6.576E+03
   1.092E-02   6.933E+03
   1.095E-02   7.270E+03
   1.098E-02   7.630E+03
   1.101E-02   8.037E+03
   1.104E-02   8.496E+03
   1.107E-02   9.003E+03
   1.110E-02   9.560E+03
   1.113E-02   1.024E+04
   1.115E-02   1.100E+04
   1.118E-02   1.185E+04
   1.121E-02   1.291E+04
   1.124E-02   1.417E+04
   1.127E-02   1.573E+04
   1.130E-02   1.765E+04
   1.133E-02   2.013E+04
   1.136E-02   2.352E+04
   1.138E-02   2.810E+04
   1.141E-02   3.480E+04
   1.144E-02   4.452E+04
   1.147E-02   5.972E+04
   1.150E-02   5.462E+11
