   0.000E+00   6.280E+00
   2.882E-05   2.545E+01
   5.764E-05   3.311E+01
   8.647E-05   3.900E+01
   1.153E-04   4.393E+01
   1.441E-04   4.831E+01
   1.729E-04   5.238E+01
   2.018E-04   5.626E+01
   2.306E-04   6.005E+01
   2.594E-04   6.384E+01
   2.882E-04   6.767E+01
   3.170E-04   7.148E+01
   3.459E-04   7.542E+01
   3.747E-04   7.944E+01
   4.035E-04   8.355E+01
   4.323E-04   8.777E+01
   4.612E-04   9.218E+01
   4.900E-04   9.672E+01
   5.188E-04   1.015E+02
   5.476E-04   1.064E+02
   5.764E-04   1.112E+02
   6.053E-04   1.163E+02
   6.341E-04   1.214E+02
   6.629E-04   1.265E+02
   6.917E-04   1.315E+02
   7.206E-04   1.365E+02
   7.494E-04   1.415E+02
   7.782E-04   1.465E+02
   8.070E-04   1.514E+02
   8.358E-04   1.561E+02
   8.647E-04   1.609E+02
   8.935E-04   1.655E+02
   9.223E-04   1.701E+02
   9.511E-04   1.746E+02
   9.799E-04   1.789E+02
   1.009E-03   1.833E+02
   1.038E-03   1.875E+02
   1.066E-03   1.917E+02
   1.095E-03   1.958E+02
   1.124E-03   1.995E+02
   1.153E-03   2.034E+02
   1.182E-03   2.072E+02
   1.211E-03   2.109E+02
   1.239E-03   2.144E+02
   1.268E-03   2.180E+02
   1.297E-03   2.215E+02
   1.326E-03   2.249E+02
   1.355E-03   2.281E+02
   1.383E-03   2.312E+02
   1.412E-03   2.342E+02
   1.441E-03   2.375E+02
   1.470E-03   2.404E+02
   1.499E-03   2.434E+02
   1.528E-03   2.463E+02
   1.556E-03   2.490E+02
   1.585E-03   2.519E+02
   1.614E-03   2.547E+02
   1.643E-03   2.572E+02
   1.672E-03   2.597E+02
   1.701E-03   2.621E+02
   1.729E-03   2.646E+02
   1.758E-03   2.672E+02
   1.787E-03   2.692E+02
   1.816E-03   2.716E+02
   1.845E-03   2.737E+02
   1.873E-03   2.762E+02
   1.902E-03   2.780E+02
   1.931E-03   2.801E+02
   1.960E-03   2.823E+02
   1.989E-03   2.840E+02
   2.018E-03   2.860E+02
   2.046E-03   2.879E+02
   2.075E-03   2.896E+02
   2.104E-03   2.916E+02
   2.133E-03   2.931E+02
   2.162E-03   2.949E+02
   2.190E-03   2.966E+02
   2.219E-03   2.981E+02
   2.248E-03   2.998E+02
   2.277E-03   3.014E+02
   2.306E-03   3.031E+02
   2.335E-03   3.044E+02
   2.363E-03   3.058E+02
   2.392E-03   3.067E+02
   2.421E-03   3.086E+02
   2.450E-03   3.096E+02
   2.479E-03   3.108E+02
   2.508E-03   3.122E+02
   2.536E-03   3.134E+02
   2.565E-03   3.144E+02
   2.594E-03   3.154E+02
   2.623E-03   3.166E+02
   2.652E-03   3.176E+02
   2.680E-03   3.187E+02
   2.709E-03   3.198E+02
   2.738E-03   3.207E+02
   2.767E-03   3.215E+02
   2.796E-03   3.227E+02
   2.825E-03   3.234E+02
   2.853E-03   3.245E+02
   2.882E-03   3.248E+02
   2.911E-03   3.255E+02
   2.940E-03   3.260E+02
   2.969E-03   3.268E+02
   2.997E-03   3.273E+02
   3.026E-03   3.285E+02
   3.055E-03   3.289E+02
   3.084E-03   3.292E+02
   3.113E-03   3.296E+02
   3.142E-03   3.305E+02
   3.170E-03   3.311E+02
   3.199E-03   3.311E+02
   3.228E-03   3.316E+02
   3.257E-03   3.318E+02
   3.286E-03   3.328E+02
   3.315E-03   3.326E+02
   3.343E-03   3.333E+02
   3.372E-03   3.336E+02
   3.401E-03   3.335E+02
   3.430E-03   3.337E+02
   3.459E-03   3.344E+02
   3.487E-03   3.342E+02
   3.516E-03   3.348E+02
   3.545E-03   3.349E+02
   3.574E-03   3.350E+02
   3.603E-03   3.352E+02
   3.632E-03   3.353E+02
   3.660E-03   3.355E+02
   3.689E-03   3.354E+02
   3.718E-03   3.355E+02
   3.747E-03   3.354E+02
   3.776E-03   3.356E+02
   3.805E-03   3.357E+02
   3.833E-03   3.354E+02
   3.862E-03   3.353E+02
   3.891E-03   3.356E+02
   3.920E-03   3.353E+02
   3.949E-03   3.354E+02
   3.977E-03   3.353E+02
   4.006E-03   3.348E+02
   4.035E-03   3.349E+02
   4.064E-03   3.346E+02
   4.093E-03   3.348E+02
   4.122E-03   3.340E+02
   4.150E-03   3.342E+02
   4.179E-03   3.343E+02
   4.208E-03   3.339E+02
   4.237E-03   3.337E+02
   4.266E-03   3.335E+02
   4.294E-03   3.331E+02
   4.323E-03   3.326E+02
   4.352E-03   3.324E+02
   4.381E-03   3.316E+02
   4.410E-03   3.318E+02
   4.439E-03   3.317E+02
   4.467E-03   3.308E+02
   4.496E-03   3.307E+02
   4.525E-03   3.301E+02
   4.554E-03   3.294E+02
   4.583E-03   3.292E+02
   4.612E-03   3.287E+02
   4.640E-03   3.284E+02
   4.669E-03   3.278E+02
   4.698E-03   3.272E+02
   4.727E-03   3.265E+02
   4.756E-03   3.260E+02
   4.784E-03   3.254E+02
   4.813E-03   3.249E+02
   4.842E-03   3.245E+02
   4.871E-03   3.245E+02
   4.900E-03   3.235E+02
   4.929E-03   3.230E+02
   4.957E-03   3.225E+02
   4.986E-03   3.219E+02
   5.015E-03   3.208E+02
   5.044E-03   3.205E+02
   5.073E-03   3.199E+02
   5.102E-03   3.191E+02
   5.130E-03   3.184E+02
   5.159E-03   3.173E+02
   5.188E-03   3.170E+02
   5.217E-03   3.164E+02
   5.246E-03   3.155E+02
   5.274E-03   3.147E+02
   5.303E-03   3.138E+02
   5.332E-03   3.136E+02
   5.361E-03   3.125E+02
   5.390E-03   3.119E+02
   5.419E-03   3.119E+02
   5.447E-03   3.097E+02
   5.476E-03   3.094E+02
   5.505E-03   3.087E+02
   5.534E-03   3.075E+02
   5.563E-03   3.072E+02
   5.591E-03   3.062E+02
   5.620E-03   3.053E+02
   5.649E-03   3.043E+02
   5.678E-03   3.033E+02
   5.707E-03   3.026E+02
   5.736E-03   3.015E+02
   5.764E-03   3.006E+02
   5.793E-03   2.999E+02
   5.822E-03   2.986E+02
   5.851E-03   2.978E+02
   5.880E-03   2.969E+02
   5.909E-03   2.960E+02
   5.937E-03   2.952E+02
   5.966E-03   2.942E+02
   5.995E-03   2.930E+02
   6.024E-03   2.921E+02
   6.053E-03   2.909E+02
   6.081E-03   2.903E+02
   6.110E-03   2.886E+02
   6.139E-03   2.879E+02
   6.168E-03   2.868E+02
   6.197E-03   2.854E+02
   6.226E-03   2.850E+02
   6.254E-03   2.833E+02
   6.283E-03   2.820E+02
   6.312E-03   2.807E+02
   6.341E-03   2.805E+02
   6.370E-03   2.790E+02
   6.398E-03   2.775E+02
   6.427E-03   2.765E+02
   6.456E-03   2.757E+02
   6.485E-03   2.741E+02
   6.514E-03   2.732E+02
   6.543E-03   2.722E+02
   6.571E-03   2.707E+02
   6.600E-03   2.695E+02
   6.629E-03   2.684E+02
   6.658E-03   2.668E+02
   6.687E-03   2.657E+02
   6.716E-03   2.648E+02
   6.744E-03   2.639E+02
   6.773E-03   2.618E+02
   6.802E-03   2.609E+02
   6.831E-03   2.593E+02
   6.860E-03   2.577E+02
   6.888E-03   2.566E+02
   6.917E-03   2.557E+02
   6.946E-03   2.543E+02
   6.975E-03   2.527E+02
   7.004E-03   2.518E+02
   7.033E-03   2.500E+02
   7.061E-03   2.489E+02
   7.090E-03   2.474E+02
   7.119E-03   2.457E+02
   7.148E-03   2.443E+02
   7.177E-03   2.432E+02
   7.206E-03   2.417E+02
   7.234E-03   2.403E+02
   7.263E-03   2.387E+02
   7.292E-03   2.376E+02
   7.321E-03   2.362E+02
   7.350E-03   2.345E+02
   7.378E-03   2.329E+02
   7.407E-03   2.315E+02
   7.436E-03   2.302E+02
   7.465E-03   2.284E+02
   7.494E-03   2.265E+02
   7.523E-03   2.258E+02
   7.551E-03   2.237E+02
   7.580E-03   2.224E+02
   7.609E-03   2.205E+02
   7.638E-03   2.192E+02
   7.667E-03   2.177E+02
   7.695E-03   2.162E+02
   7.724E-03   2.147E+02
   7.753E-03   2.127E+02
   7.782E-03   2.116E+02
   7.811E-03   2.099E+02
   7.840E-03   2.078E+02
   7.868E-03   2.064E+02
   7.897E-03   2.051E+02
   7.926E-03   2.030E+02
   7.955E-03   2.014E+02
   7.984E-03   2.000E+02
   8.013E-03   1.984E+02
   8.041E-03   1.965E+02
   8.070E-03   1.947E+02
   8.099E-03   1.932E+02
   8.128E-03   1.912E+02
   8.157E-03   1.898E+02
   8.185E-03   1.880E+02
   8.214E-03   1.863E+02
   8.243E-03   1.843E+02
   8.272E-03   1.828E+02
   8.301E-03   1.810E+02
   8.330E-03   1.794E+02
   8.358E-03   1.774E+02
   8.387E-03   1.758E+02
   8.416E-03   1.740E+02
   8.445E-03   1.722E+02
   8.474E-03   1.705E+02
   8.503E-03   1.687E+02
   8.531E-03   1.671E+02
   8.560E-03   1.653E+02
   8.589E-03   1.631E+02
   8.618E-03   1.614E+02
   8.647E-03   1.599E+02
   8.675E-03   1.576E+02
   8.704E-03   1.559E+02
   8.733E-03   1.542E+02
   8.762E-03   1.520E+02
   8.791E-03   1.504E+02
   8.820E-03   1.486E+02
   8.848E-03   1.467E+02
   8.877E-03   1.452E+02
   8.906E-03   1.428E+02
   8.935E-03   1.412E+02
   8.964E-03   1.392E+02
   8.992E-03   1.375E+02
   9.021E-03   1.357E+02
   9.050E-03   1.339E+02
   9.079E-03   1.319E+02
   9.108E-03   1.301E+02
   9.137E-03   1.287E+02
   9.165E-03   1.266E+02
   9.194E-03   1.245E+02
   9.223E-03   1.231E+02
   9.252E-03   1.210E+02
   9.281E-03   1.190E+02
   9.310E-03   1.170E+02
   9.338E-03   1.153E+02
   9.367E-03   1.135E+02
   9.396E-03   1.118E+02
   9.425E-03   1.098E+02
   9.454E-03   1.079E+02
   9.482E-03   1.062E+02
   9.511E-03   1.044E+02
   9.540E-03   1.027E+02
   9.569E-03   1.008E+02
   9.598E-03   9.880E+01
   9.627E-03   9.696E+01
   9.655E-03   9.528E+01
   9.684E-03   9.342E+01
   9.713E-03   9.170E+01
   9.742E-03   8.990E+01
   9.771E-03   8.824E+01
   9.799E-03   8.643E+01
   9.828E-03   8.456E+01
   9.857E-03   8.268E+01
   9.886E-03   8.097E+01
   9.915E-03   7.918E+01
   9.944E-03   7.751E+01
   9.972E-03   7.586E+01
   1.000E-02   7.420E+01
   1.003E-02   7.242E+01
   1.006E-02   7.077E+01
   1.009E-02   6.909E+01
   1.012E-02   6.743E+01
   1.015E-02   6.565E+01
   1.017E-02   6.419E+01
   1.020E-02   6.267E+01
   1.023E-02   6.103E+01
   1.026E-02   5.939E+01
   1.029E-02   5.765E+01
   1.032E-02   5.613E+01
   1.035E-02   5.456E+01
   1.038E-02   5.301E+01
   1.040E-02   5.152E+01
   1.043E-02   5.006E+01
   1.046E-02   4.851E+01
   1.049E-02   4.703E+01
   1.052E-02   4.559E+01
   1.055E-02   4.393E+01
   1.058E-02   4.257E+01
   1.061E-02   4.109E+01
   1.064E-02   3.965E+01
   1.066E-02   3.816E+01
   1.069E-02   3.681E+01
   1.072E-02   3.535E+01
   1.075E-02   3.406E+01
   1.078E-02   3.260E+01
   1.081E-02   3.127E+01
   1.084E-02   2.983E+01
   1.087E-02   2.857E+01
   1.089E-02   2.721E+01
   1.092E-02   2.589E+01
   1.095E-02   2.457E+01
   1.098E-02   2.327E+01
   1.101E-02   2.201E+01
   1.104E-02   2.073E+01
   1.107E-02   1.946E+01
   1.110E-02   1.825E+01
   1.113E-02   1.702E+01
   1.115E-02   1.580E+01
   1.118E-02   1.460E+01
   1.121E-02   1.343E+01
   1.124E-02   1.224E+01
   1.127E-02   1.109E+01
   1.130E-02   9.939E+00
   1.133E-02   8.789E+00
   1.136E-02   7.645E+00
   1.138E-02   6.499E+00
   1.141E-02   5.359E+00
   1.144E-02   4.224E+00
   1.147E-02   3.042E+00
   1.150E-02   1.008E+01
