   0.000E+00   1.635E+05
   2.882E-05   1.507E+02
   5.764E-05   5.438E+01
   8.647E-05   3.095E+01
   1.153E-04   2.163E+01
   1.441E-04   1.676E+01
   1.729E-04   1.390E+01
   2.018E-04   1.200E+01
   2.306E-04   1.069E+01
   2.594E-04   9.778E+00
   2.882E-04   9.098E+00
   3.170E-04   8.598E+00
   3.459E-04   8.200E+00
   3.747E-04   7.916E+00
   4.035E-04   7.684E+00
   4.323E-04   7.489E+00
   4.612E-04   7.328E+00
   4.900E-04   7.195E+00
   5.188E-04   7.085E+00
   5.476E-04   6.992E+00
   5.764E-04   6.910E+00
   6.053E-04   6.825E+00
   6.341E-04   6.762E+00
   6.629E-04   6.687E+00
   6.917E-04   6.610E+00
   7.206E-04   6.529E+00
   7.494E-04   6.446E+00
   7.782E-04   6.357E+00
   8.070E-04   6.283E+00
   8.358E-04   6.194E+00
   8.647E-04   6.114E+00
   8.935E-04   6.027E+00
   9.223E-04   5.945E+00
   9.511E-04   5.850E+00
   9.799E-04   5.761E+00
   1.009E-03   5.666E+00
   1.038E-03   5.548E+00
   1.066E-03   5.439E+00
   1.095E-03   5.309E+00
   1.124E-03   5.166E+00
   1.153E-03   5.024E+00
   1.182E-03   4.832E+00
   1.211E-03   4.664E+00
   1.239E-03   4.484E+00
   1.268E-03   4.293E+00
   1.297E-03   4.109E+00
   1.326E-03   3.936E+00
   1.355E-03   3.773E+00
   1.383E-03   3.617E+00
   1.412E-03   3.488E+00
   1.441E-03   3.367E+00
   1.470E-03   3.239E+00
   1.499E-03   3.122E+00
   1.528E-03   3.015E+00
   1.556E-03   2.931E+00
   1.585E-03   2.847E+00
   1.614E-03   2.770E+00
   1.643E-03   2.707E+00
   1.672E-03   2.646E+00
   1.701E-03   2.598E+00
   1.729E-03   2.552E+00
   1.758E-03   2.498E+00
   1.787E-03   2.455E+00
   1.816E-03   2.425E+00
   1.845E-03   2.387E+00
   1.873E-03   2.357E+00
   1.902E-03   2.326E+00
   1.931E-03   2.299E+00
   1.960E-03   2.268E+00
   1.989E-03   2.244E+00
   2.018E-03   2.228E+00
   2.046E-03   2.204E+00
   2.075E-03   2.192E+00
   2.104E-03   2.157E+00
   2.133E-03   2.144E+00
   2.162E-03   2.129E+00
   2.190E-03   2.114E+00
   2.219E-03   2.103E+00
   2.248E-03   2.092E+00
   2.277E-03   2.085E+00
   2.306E-03   2.070E+00
   2.335E-03   2.060E+00
   2.363E-03   2.049E+00
   2.392E-03   2.053E+00
   2.421E-03   2.033E+00
   2.450E-03   2.036E+00
   2.479E-03   2.039E+00
   2.508E-03   2.028E+00
   2.536E-03   2.022E+00
   2.565E-03   2.013E+00
   2.594E-03   2.013E+00
   2.623E-03   2.013E+00
   2.652E-03   2.019E+00
   2.680E-03   2.011E+00
   2.709E-03   2.014E+00
   2.738E-03   2.023E+00
   2.767E-03   2.007E+00
   2.796E-03   2.007E+00
   2.825E-03   2.015E+00
   2.853E-03   2.019E+00
   2.882E-03   2.033E+00
   2.911E-03   2.020E+00
   2.940E-03   2.034E+00
   2.969E-03   2.034E+00
   2.997E-03   2.062E+00
   3.026E-03   2.063E+00
   3.055E-03   2.058E+00
   3.084E-03   2.104E+00
   3.113E-03   2.110E+00
   3.142E-03   2.138E+00
   3.170E-03   2.102E+00
   3.199E-03   2.121E+00
   3.228E-03   2.152E+00
   3.257E-03   2.174E+00
   3.286E-03   2.192E+00
   3.315E-03   2.221E+00
   3.343E-03   2.205E+00
   3.372E-03   2.254E+00
   3.401E-03   2.259E+00
   3.430E-03   2.274E+00
   3.459E-03   2.304E+00
   3.487E-03   2.311E+00
   3.516E-03   2.382E+00
   3.545E-03   2.382E+00
   3.574E-03   2.384E+00
   3.603E-03   2.428E+00
   3.632E-03   2.455E+00
   3.660E-03   2.517E+00
   3.689E-03   2.528E+00
   3.718E-03   2.570E+00
   3.747E-03   2.697E+00
   3.776E-03   2.726E+00
   3.805E-03   2.662E+00
   3.833E-03   2.694E+00
   3.862E-03   2.762E+00
   3.891E-03   2.909E+00
   3.920E-03   2.880E+00
   3.949E-03   2.985E+00
   3.977E-03   3.065E+00
   4.006E-03   2.839E+00
   4.035E-03   3.128E+00
   4.064E-03   3.257E+00
   4.093E-03   3.101E+00
   4.122E-03   3.398E+00
   4.150E-03   3.404E+00
   4.179E-03   3.310E+00
   4.208E-03   3.460E+00
   4.237E-03   3.483E+00
   4.266E-03   3.387E+00
   4.294E-03   3.834E+00
   4.323E-03   3.884E+00
   4.352E-03   3.893E+00
   4.381E-03   3.909E+00
   4.410E-03   3.921E+00
   4.439E-03   4.123E+00
   4.467E-03   4.398E+00
   4.496E-03   4.221E+00
   4.525E-03   4.371E+00
   4.554E-03   4.321E+00
   4.583E-03   4.588E+00
   4.612E-03   4.689E+00
   4.640E-03   4.905E+00
   4.669E-03   5.055E+00
   4.698E-03   5.107E+00
   4.727E-03   5.100E+00
   4.756E-03   5.653E+00
   4.784E-03   5.902E+00
   4.813E-03   5.947E+00
   4.842E-03   6.190E+00
   4.871E-03   6.137E+00
   4.900E-03   6.051E+00
   4.929E-03   7.300E+00
   4.957E-03   6.951E+00
   4.986E-03   7.336E+00
   5.015E-03   7.992E+00
   5.044E-03   7.186E+00
   5.073E-03   9.205E+00
   5.102E-03   7.807E+00
   5.130E-03   9.100E+00
   5.159E-03   9.581E+00
   5.188E-03   1.085E+01
   5.217E-03   9.996E+00
   5.246E-03   9.115E+00
   5.274E-03   1.083E+01
   5.303E-03   1.374E+01
   5.332E-03   1.412E+01
   5.361E-03   1.024E+01
   5.390E-03   1.411E+01
   5.419E-03   1.387E+01
   5.447E-03   1.383E+01
   5.476E-03   1.394E+01
   5.505E-03   1.382E+01
   5.534E-03   1.559E+01
   5.563E-03   5.055E+01
   5.591E-03   1.335E+01
   5.620E-03   1.796E+01
   5.649E-03   1.778E+01
   5.678E-03   1.807E+01
   5.707E-03   2.263E+01
   5.736E-03   1.446E+01
   5.764E-03   2.289E+01
   5.793E-03   1.825E+01
   5.822E-03   2.438E+01
   5.851E-03   2.017E+01
   5.880E-03   1.958E+01
   5.909E-03   2.783E+01
   5.937E-03   2.491E+01
   5.966E-03   2.250E+01
   5.995E-03   2.829E+01
   6.024E-03   2.975E+01
   6.053E-03   2.988E+01
   6.081E-03   3.320E+01
   6.110E-03   3.157E+01
   6.139E-03   3.524E+01
   6.168E-03   3.630E+01
   6.197E-03   3.368E+01
   6.226E-03   3.673E+01
   6.254E-03   3.800E+01
   6.283E-03   4.830E+01
   6.312E-03   4.412E+01
   6.341E-03   5.062E+01
   6.370E-03   4.721E+01
   6.398E-03   5.692E+01
   6.427E-03   5.516E+01
   6.456E-03   6.309E+01
   6.485E-03   6.180E+01
   6.514E-03   7.356E+01
   6.543E-03   7.773E+01
   6.571E-03   8.860E+01
   6.600E-03   8.508E+01
   6.629E-03   9.187E+01
   6.658E-03   9.858E+01
   6.687E-03   1.004E+02
   6.716E-03   1.223E+02
   6.744E-03   1.283E+02
   6.773E-03   1.364E+02
   6.802E-03   1.623E+02
   6.831E-03   1.417E+02
   6.860E-03   1.880E+02
   6.888E-03   1.799E+02
   6.917E-03   2.213E+02
   6.946E-03   2.200E+02
   6.975E-03   3.488E+02
   7.004E-03   2.450E+02
   7.033E-03   2.901E+02
   7.061E-03   3.047E+02
   7.090E-03   3.235E+02
   7.119E-03   3.730E+02
   7.148E-03   3.624E+02
   7.177E-03   3.999E+02
   7.206E-03   4.831E+02
   7.234E-03   4.784E+02
   7.263E-03   5.002E+02
   7.292E-03   6.169E+02
   7.321E-03   6.291E+02
   7.350E-03   8.876E+02
   7.378E-03   6.486E+02
   7.407E-03   8.770E+02
   7.436E-03   1.065E+03
   7.465E-03   1.437E+03
   7.494E-03   1.245E+03
   7.523E-03   1.290E+03
   7.551E-03   1.474E+03
   7.580E-03   1.523E+03
   7.609E-03   1.640E+03
   7.638E-03   1.237E+03
   7.667E-03   2.101E+03
   7.695E-03   2.734E+03
   7.724E-03   2.831E+03
   7.753E-03   5.508E+03
   7.782E-03   2.999E+03
   7.811E-03   3.590E+03
   7.840E-03   3.308E+03
   7.868E-03   4.876E+03
   7.897E-03   5.973E+03
   7.926E-03   4.774E+03
   7.955E-03   4.712E+03
   7.984E-03   5.401E+03
   8.013E-03   6.944E+03
   8.041E-03   9.355E+03
   8.070E-03   7.366E+03
   8.099E-03   7.915E+03
   8.128E-03   8.940E+03
   8.157E-03   7.929E+03
   8.185E-03   1.102E+04
   8.214E-03   9.856E+03
   8.243E-03   1.340E+04
   8.272E-03   1.574E+04
   8.301E-03   1.126E+04
   8.330E-03   1.280E+04
   8.358E-03   1.641E+04
   8.387E-03   2.473E+04
   8.416E-03   1.851E+04
   8.445E-03   2.124E+04
   8.474E-03   2.612E+04
   8.503E-03   2.634E+04
   8.531E-03   2.299E+04
   8.560E-03   2.451E+04
   8.589E-03   4.226E+04
   8.618E-03   4.721E+04
   8.647E-03   3.695E+04
   8.675E-03   3.704E+04
   8.704E-03   4.192E+04
   8.733E-03   4.313E+04
   8.762E-03   4.554E+04
   8.791E-03   5.608E+04
   8.820E-03   7.722E+04
   8.848E-03   7.676E+04
   8.877E-03   7.831E+04
   8.906E-03   7.952E+04
   8.935E-03   9.017E+04
   8.964E-03   1.084E+05
   8.992E-03   1.268E+05
   9.021E-03   1.197E+05
   9.050E-03   1.483E+05
   9.079E-03   1.681E+05
   9.108E-03   1.615E+05
   9.137E-03   1.983E+05
   9.165E-03   2.240E+05
   9.194E-03   2.396E+05
   9.223E-03   2.752E+05
   9.252E-03   2.787E+05
   9.281E-03   3.756E+05
   9.310E-03   3.912E+05
   9.338E-03   4.463E+05
   9.367E-03   4.826E+05
   9.396E-03   5.751E+05
   9.425E-03   6.135E+05
   9.454E-03   6.890E+05
   9.482E-03   7.750E+05
   9.511E-03   8.527E+05
   9.540E-03   9.420E+05
   9.569E-03   9.770E+05
   9.598E-03   1.216E+06
   9.627E-03   1.293E+06
   9.655E-03   1.353E+06
   9.684E-03   1.533E+06
   9.713E-03   1.775E+06
   9.742E-03   1.936E+06
   9.771E-03   2.063E+06
   9.799E-03   2.300E+06
   9.828E-03   2.818E+06
   9.857E-03   3.013E+06
   9.886E-03   3.390E+06
   9.915E-03   3.756E+06
   9.944E-03   4.183E+06
   9.972E-03   4.749E+06
   1.000E-02   5.181E+06
   1.003E-02   6.270E+06
   1.006E-02   6.733E+06
   1.009E-02   7.492E+06
   1.012E-02   8.402E+06
   1.015E-02   9.684E+06
   1.017E-02   1.069E+07
   1.020E-02   1.152E+07
   1.023E-02   1.400E+07
   1.026E-02   1.563E+07
   1.029E-02   1.754E+07
   1.032E-02   1.989E+07
   1.035E-02   2.382E+07
   1.038E-02   2.760E+07
   1.040E-02   3.104E+07
   1.043E-02   3.626E+07
   1.046E-02   4.245E+07
   1.049E-02   5.086E+07
   1.052E-02   5.552E+07
   1.055E-02   6.571E+07
   1.058E-02   7.774E+07
   1.061E-02   9.006E+07
   1.064E-02   1.030E+08
   1.066E-02   1.197E+08
   1.069E-02   1.371E+08
   1.072E-02   1.584E+08
   1.075E-02   1.905E+08
   1.078E-02   2.167E+08
   1.081E-02   2.476E+08
   1.084E-02   2.895E+08
   1.087E-02   3.450E+08
   1.089E-02   3.926E+08
   1.092E-02   4.542E+08
   1.095E-02   5.109E+08
   1.098E-02   6.065E+08
   1.101E-02   7.006E+08
   1.104E-02   8.731E+08
   1.107E-02   1.100E+09
   1.110E-02   1.397E+09
   1.113E-02   1.727E+09
   1.115E-02   2.018E+09
   1.118E-02   2.468E+09
   1.121E-02   3.066E+09
   1.124E-02   4.053E+09
   1.127E-02   5.251E+09
   1.130E-02   6.885E+09
   1.133E-02   9.182E+09
   1.136E-02   1.257E+10
   1.138E-02   1.835E+10
   1.141E-02   2.965E+10
   1.144E-02   5.411E+10
   1.147E-02   1.222E+11
   1.150E-02   9.599E+43
