   0.000E+00   9.466E+03
   2.882E-05   3.164E+01
   5.764E-05   1.247E+01
   8.647E-05   7.104E+00
   1.153E-04   4.759E+00
   1.441E-04   3.477E+00
   1.729E-04   2.717E+00
   2.018E-04   2.201E+00
   2.306E-04   1.811E+00
   2.594E-04   1.519E+00
   2.882E-04   1.297E+00
   3.170E-04   1.125E+00
   3.459E-04   9.742E-01
   3.747E-04   8.555E-01
   4.035E-04   7.637E-01
   4.323E-04   6.787E-01
   4.612E-04   6.100E-01
   4.900E-04   5.467E-01
   5.188E-04   4.908E-01
   5.476E-04   4.446E-01
   5.764E-04   4.052E-01
   6.053E-04   3.703E-01
   6.341E-04   3.397E-01
   6.629E-04   3.130E-01
   6.917E-04   2.905E-01
   7.206E-04   2.705E-01
   7.494E-04   2.527E-01
   7.782E-04   2.371E-01
   8.070E-04   2.237E-01
   8.358E-04   2.119E-01
   8.647E-04   2.013E-01
   8.935E-04   1.920E-01
   9.223E-04   1.836E-01
   9.511E-04   1.760E-01
   9.799E-04   1.695E-01
   1.009E-03   1.633E-01
   1.038E-03   1.575E-01
   1.066E-03   1.524E-01
   1.095E-03   1.476E-01
   1.124E-03   1.434E-01
   1.153E-03   1.393E-01
   1.182E-03   1.354E-01
   1.211E-03   1.317E-01
   1.239E-03   1.286E-01
   1.268E-03   1.256E-01
   1.297E-03   1.227E-01
   1.326E-03   1.200E-01
   1.355E-03   1.176E-01
   1.383E-03   1.151E-01
   1.412E-03   1.131E-01
   1.441E-03   1.110E-01
   1.470E-03   1.090E-01
   1.499E-03   1.070E-01
   1.528E-03   1.049E-01
   1.556E-03   1.032E-01
   1.585E-03   1.014E-01
   1.614E-03   9.963E-02
   1.643E-03   9.812E-02
   1.672E-03   9.666E-02
   1.701E-03   9.513E-02
   1.729E-03   9.386E-02
   1.758E-03   9.245E-02
   1.787E-03   9.138E-02
   1.816E-03   9.022E-02
   1.845E-03   8.901E-02
   1.873E-03   8.781E-02
   1.902E-03   8.682E-02
   1.931E-03   8.574E-02
   1.960E-03   8.475E-02
   1.989E-03   8.377E-02
   2.018E-03   8.296E-02
   2.046E-03   8.203E-02
   2.075E-03   8.129E-02
   2.104E-03   8.038E-02
   2.133E-03   7.961E-02
   2.162E-03   7.876E-02
   2.190E-03   7.811E-02
   2.219E-03   7.737E-02
   2.248E-03   7.660E-02
   2.277E-03   7.580E-02
   2.306E-03   7.514E-02
   2.335E-03   7.445E-02
   2.363E-03   7.376E-02
   2.392E-03   7.316E-02
   2.421E-03   7.247E-02
   2.450E-03   7.192E-02
   2.479E-03   7.135E-02
   2.508E-03   7.080E-02
   2.536E-03   7.016E-02
   2.565E-03   6.968E-02
   2.594E-03   6.919E-02
   2.623E-03   6.868E-02
   2.652E-03   6.811E-02
   2.680E-03   6.760E-02
   2.709E-03   6.714E-02
   2.738E-03   6.668E-02
   2.767E-03   6.629E-02
   2.796E-03   6.582E-02
   2.825E-03   6.543E-02
   2.853E-03   6.503E-02
   2.882E-03   6.467E-02
   2.911E-03   6.434E-02
   2.940E-03   6.398E-02
   2.969E-03   6.357E-02
   2.997E-03   6.324E-02
   3.026E-03   6.274E-02
   3.055E-03   6.255E-02
   3.084E-03   6.234E-02
   3.113E-03   6.202E-02
   3.142E-03   6.172E-02
   3.170E-03   6.134E-02
   3.199E-03   6.117E-02
   3.228E-03   6.086E-02
   3.257E-03   6.058E-02
   3.286E-03   6.023E-02
   3.315E-03   6.009E-02
   3.343E-03   5.981E-02
   3.372E-03   5.952E-02
   3.401E-03   5.934E-02
   3.430E-03   5.910E-02
   3.459E-03   5.883E-02
   3.487E-03   5.866E-02
   3.516E-03   5.827E-02
   3.545E-03   5.806E-02
   3.574E-03   5.785E-02
   3.603E-03   5.765E-02
   3.632E-03   5.744E-02
   3.660E-03   5.726E-02
   3.689E-03   5.712E-02
   3.718E-03   5.694E-02
   3.747E-03   5.675E-02
   3.776E-03   5.652E-02
   3.805E-03   5.632E-02
   3.833E-03   5.622E-02
   3.862E-03   5.604E-02
   3.891E-03   5.580E-02
   3.920E-03   5.560E-02
   3.949E-03   5.546E-02
   3.977E-03   5.528E-02
   4.006E-03   5.524E-02
   4.035E-03   5.507E-02
   4.064E-03   5.493E-02
   4.093E-03   5.469E-02
   4.122E-03   5.461E-02
   4.150E-03   5.440E-02
   4.179E-03   5.423E-02
   4.208E-03   5.403E-02
   4.237E-03   5.400E-02
   4.266E-03   5.376E-02
   4.294E-03   5.370E-02
   4.323E-03   5.358E-02
   4.352E-03   5.341E-02
   4.381E-03   5.333E-02
   4.410E-03   5.323E-02
   4.439E-03   5.303E-02
   4.467E-03   5.308E-02
   4.496E-03   5.295E-02
   4.525E-03   5.288E-02
   4.554E-03   5.279E-02
   4.583E-03   5.282E-02
   4.612E-03   5.258E-02
   4.640E-03   5.243E-02
   4.669E-03   5.244E-02
   4.698E-03   5.246E-02
   4.727E-03   5.224E-02
   4.756E-03   5.229E-02
   4.784E-03   5.218E-02
   4.813E-03   5.212E-02
   4.842E-03   5.208E-02
   4.871E-03   5.189E-02
   4.900E-03   5.184E-02
   4.929E-03   5.179E-02
   4.957E-03   5.171E-02
   4.986E-03   5.170E-02
   5.015E-03   5.165E-02
   5.044E-03   5.155E-02
   5.073E-03   5.154E-02
   5.102E-03   5.151E-02
   5.130E-03   5.148E-02
   5.159E-03   5.146E-02
   5.188E-03   5.141E-02
   5.217E-03   5.133E-02
   5.246E-03   5.142E-02
   5.274E-03   5.136E-02
   5.303E-03   5.148E-02
   5.332E-03   5.125E-02
   5.361E-03   5.125E-02
   5.390E-03   5.120E-02
   5.419E-03   5.107E-02
   5.447E-03   5.129E-02
   5.476E-03   5.117E-02
   5.505E-03   5.116E-02
   5.534E-03   5.119E-02
   5.563E-03   5.107E-02
   5.591E-03   5.114E-02
   5.620E-03   5.109E-02
   5.649E-03   5.106E-02
   5.678E-03   5.106E-02
   5.707E-03   5.110E-02
   5.736E-03   5.115E-02
   5.764E-03   5.116E-02
   5.793E-03   5.115E-02
   5.822E-03   5.118E-02
   5.851E-03   5.124E-02
   5.880E-03   5.115E-02
   5.909E-03   5.114E-02
   5.937E-03   5.115E-02
   5.966E-03   5.114E-02
   5.995E-03   5.122E-02
   6.024E-03   5.126E-02
   6.053E-03   5.133E-02
   6.081E-03   5.122E-02
   6.110E-03   5.144E-02
   6.139E-03   5.139E-02
   6.168E-03   5.143E-02
   6.197E-03   5.159E-02
   6.226E-03   5.150E-02
   6.254E-03   5.159E-02
   6.283E-03   5.178E-02
   6.312E-03   5.184E-02
   6.341E-03   5.171E-02
   6.370E-03   5.178E-02
   6.398E-03   5.194E-02
   6.427E-03   5.200E-02
   6.456E-03   5.196E-02
   6.485E-03   5.213E-02
   6.514E-03   5.221E-02
   6.543E-03   5.231E-02
   6.571E-03   5.235E-02
   6.600E-03   5.239E-02
   6.629E-03   5.251E-02
   6.658E-03   5.261E-02
   6.687E-03   5.272E-02
   6.716E-03   5.273E-02
   6.744E-03   5.279E-02
   6.773E-03   5.299E-02
   6.802E-03   5.301E-02
   6.831E-03   5.316E-02
   6.860E-03   5.346E-02
   6.888E-03   5.349E-02
   6.917E-03   5.357E-02
   6.946E-03   5.362E-02
   6.975E-03   5.378E-02
   7.004E-03   5.387E-02
   7.033E-03   5.408E-02
   7.061E-03   5.424E-02
   7.090E-03   5.425E-02
   7.119E-03   5.450E-02
   7.148E-03   5.481E-02
   7.177E-03   5.485E-02
   7.206E-03   5.499E-02
   7.234E-03   5.518E-02
   7.263E-03   5.535E-02
   7.292E-03   5.551E-02
   7.321E-03   5.568E-02
   7.350E-03   5.580E-02
   7.378E-03   5.608E-02
   7.407E-03   5.613E-02
   7.436E-03   5.635E-02
   7.465E-03   5.648E-02
   7.494E-03   5.678E-02
   7.523E-03   5.687E-02
   7.551E-03   5.727E-02
   7.580E-03   5.732E-02
   7.609E-03   5.769E-02
   7.638E-03   5.784E-02
   7.667E-03   5.806E-02
   7.695E-03   5.827E-02
   7.724E-03   5.836E-02
   7.753E-03   5.855E-02
   7.782E-03   5.868E-02
   7.811E-03   5.896E-02
   7.840E-03   5.922E-02
   7.868E-03   5.959E-02
   7.897E-03   5.976E-02
   7.926E-03   5.996E-02
   7.955E-03   6.029E-02
   7.984E-03   6.058E-02
   8.013E-03   6.098E-02
   8.041E-03   6.128E-02
   8.070E-03   6.161E-02
   8.099E-03   6.184E-02
   8.128E-03   6.225E-02
   8.157E-03   6.263E-02
   8.185E-03   6.289E-02
   8.214E-03   6.342E-02
   8.243E-03   6.355E-02
   8.272E-03   6.404E-02
   8.301E-03   6.431E-02
   8.330E-03   6.451E-02
   8.358E-03   6.505E-02
   8.387E-03   6.548E-02
   8.416E-03   6.584E-02
   8.445E-03   6.628E-02
   8.474E-03   6.658E-02
   8.503E-03   6.713E-02
   8.531E-03   6.748E-02
   8.560E-03   6.807E-02
   8.589E-03   6.854E-02
   8.618E-03   6.900E-02
   8.647E-03   6.924E-02
   8.675E-03   7.003E-02
   8.704E-03   7.057E-02
   8.733E-03   7.087E-02
   8.762E-03   7.166E-02
   8.791E-03   7.202E-02
   8.820E-03   7.270E-02
   8.848E-03   7.338E-02
   8.877E-03   7.390E-02
   8.906E-03   7.448E-02
   8.935E-03   7.493E-02
   8.964E-03   7.553E-02
   8.992E-03   7.622E-02
   9.021E-03   7.682E-02
   9.050E-03   7.754E-02
   9.079E-03   7.808E-02
   9.108E-03   7.887E-02
   9.137E-03   7.937E-02
   9.165E-03   8.036E-02
   9.194E-03   8.119E-02
   9.223E-03   8.186E-02
   9.252E-03   8.273E-02
   9.281E-03   8.358E-02
   9.310E-03   8.468E-02
   9.338E-03   8.587E-02
   9.367E-03   8.658E-02
   9.396E-03   8.727E-02
   9.425E-03   8.836E-02
   9.454E-03   8.922E-02
   9.482E-03   8.996E-02
   9.511E-03   9.109E-02
   9.540E-03   9.193E-02
   9.569E-03   9.321E-02
   9.598E-03   9.484E-02
   9.627E-03   9.577E-02
   9.655E-03   9.717E-02
   9.684E-03   9.832E-02
   9.713E-03   9.975E-02
   9.742E-03   1.005E-01
   9.771E-03   1.018E-01
   9.799E-03   1.037E-01
   9.828E-03   1.050E-01
   9.857E-03   1.068E-01
   9.886E-03   1.087E-01
   9.915E-03   1.108E-01
   9.944E-03   1.125E-01
   9.972E-03   1.141E-01
   1.000E-02   1.156E-01
   1.003E-02   1.174E-01
   1.006E-02   1.197E-01
   1.009E-02   1.219E-01
   1.012E-02   1.238E-01
   1.015E-02   1.262E-01
   1.017E-02   1.281E-01
   1.020E-02   1.308E-01
   1.023E-02   1.329E-01
   1.026E-02   1.358E-01
   1.029E-02   1.385E-01
   1.032E-02   1.411E-01
   1.035E-02   1.442E-01
   1.038E-02   1.477E-01
   1.040E-02   1.507E-01
   1.043E-02   1.540E-01
   1.046E-02   1.587E-01
   1.049E-02   1.628E-01
   1.052E-02   1.667E-01
   1.055E-02   1.713E-01
   1.058E-02   1.753E-01
   1.061E-02   1.805E-01
   1.064E-02   1.856E-01
   1.066E-02   1.919E-01
   1.069E-02   1.972E-01
   1.072E-02   2.028E-01
   1.075E-02   2.094E-01
   1.078E-02   2.145E-01
   1.081E-02   2.220E-01
   1.084E-02   2.307E-01
   1.087E-02   2.390E-01
   1.089E-02   2.502E-01
   1.092E-02   2.610E-01
   1.095E-02   2.733E-01
   1.098E-02   2.874E-01
   1.101E-02   3.008E-01
   1.104E-02   3.178E-01
   1.107E-02   3.373E-01
   1.110E-02   3.559E-01
   1.113E-02   3.743E-01
   1.115E-02   4.001E-01
   1.118E-02   4.291E-01
   1.121E-02   4.643E-01
   1.124E-02   5.100E-01
   1.127E-02   5.645E-01
   1.130E-02   6.252E-01
   1.133E-02   7.062E-01
   1.136E-02   8.151E-01
   1.138E-02   9.854E-01
   1.141E-02   1.186E+00
   1.144E-02   1.533E+00
   1.147E-02   2.238E+00
   1.150E-02   1.732E+07
