   2.980E+02   3.167E-03
   3.015E+02   1.375E-01
   3.050E+02   2.444E-01
   3.085E+02   3.552E-01
   3.121E+02   4.673E-01
   3.156E+02   5.796E-01
   3.191E+02   6.894E-01
   3.226E+02   7.963E-01
   3.261E+02   9.031E-01
   3.296E+02   1.005E+00
   3.331E+02   1.105E+00
   3.367E+02   1.205E+00
   3.402E+02   1.303E+00
   3.437E+02   1.394E+00
   3.472E+02   1.484E+00
   3.507E+02   1.571E+00
   3.542E+02   1.655E+00
   3.577E+02   1.735E+00
   3.612E+02   1.811E+00
   3.648E+02   1.885E+00
   3.683E+02   1.961E+00
   3.718E+02   2.029E+00
   3.753E+02   2.096E+00
   3.788E+02   2.157E+00
   3.823E+02   2.212E+00
   3.858E+02   2.263E+00
   3.894E+02   2.318E+00
   3.929E+02   2.362E+00
   3.964E+02   2.402E+00
   3.999E+02   2.445E+00
   4.034E+02   2.480E+00
   4.069E+02   2.509E+00
   4.104E+02   2.537E+00
   4.140E+02   2.556E+00
   4.175E+02   2.574E+00
   4.210E+02   2.591E+00
   4.245E+02   2.603E+00
   4.280E+02   2.607E+00
   4.315E+02   2.609E+00
   4.350E+02   2.613E+00
   4.386E+02   2.608E+00
   4.421E+02   2.599E+00
   4.456E+02   2.587E+00
   4.491E+02   2.572E+00
   4.526E+02   2.552E+00
   4.561E+02   2.528E+00
   4.596E+02   2.504E+00
   4.631E+02   2.476E+00
   4.667E+02   2.442E+00
   4.702E+02   2.408E+00
   4.737E+02   2.369E+00
   4.772E+02   2.329E+00
   4.807E+02   2.282E+00
   4.842E+02   2.234E+00
   4.877E+02   2.188E+00
   4.913E+02   2.133E+00
   4.948E+02   2.079E+00
   4.983E+02   2.023E+00
   5.018E+02   1.963E+00
   5.053E+02   1.900E+00
   5.088E+02   1.839E+00
   5.123E+02   1.775E+00
   5.159E+02   1.709E+00
   5.194E+02   1.642E+00
   5.229E+02   1.575E+00
   5.264E+02   1.508E+00
   5.299E+02   1.442E+00
   5.334E+02   1.375E+00
   5.369E+02   1.308E+00
   5.405E+02   1.242E+00
   5.440E+02   1.178E+00
   5.475E+02   1.116E+00
   5.510E+02   1.056E+00
   5.545E+02   9.986E-01
   5.580E+02   9.475E-01
   5.615E+02   8.970E-01
   5.650E+02   8.527E-01
   5.686E+02   8.117E-01
   5.721E+02   7.789E-01
   5.756E+02   7.503E-01
   5.791E+02   7.262E-01
   5.826E+02   7.105E-01
   5.861E+02   6.990E-01
   5.896E+02   6.935E-01
   5.932E+02   6.919E-01
   5.967E+02   6.990E-01
   6.002E+02   7.085E-01
   6.037E+02   7.240E-01
   6.072E+02   7.433E-01
   6.107E+02   7.664E-01
   6.142E+02   7.938E-01
   6.178E+02   8.263E-01
   6.213E+02   8.591E-01
   6.248E+02   8.941E-01
   6.283E+02   9.327E-01
   6.318E+02   9.741E-01
   6.353E+02   1.012E+00
   6.388E+02   1.057E+00
   6.424E+02   1.099E+00
   6.459E+02   1.141E+00
   6.494E+02   1.186E+00
   6.529E+02   1.229E+00
   6.564E+02   1.270E+00
   6.599E+02   1.315E+00
   6.634E+02   1.355E+00
   6.669E+02   1.394E+00
   6.705E+02   1.433E+00
   6.740E+02   1.475E+00
   6.775E+02   1.508E+00
   6.810E+02   1.541E+00
   6.845E+02   1.578E+00
   6.880E+02   1.608E+00
   6.915E+02   1.639E+00
   6.951E+02   1.669E+00
   6.986E+02   1.695E+00
   7.021E+02   1.721E+00
   7.056E+02   1.745E+00
   7.091E+02   1.768E+00
   7.126E+02   1.790E+00
   7.161E+02   1.809E+00
   7.197E+02   1.830E+00
   7.232E+02   1.844E+00
   7.267E+02   1.858E+00
   7.302E+02   1.876E+00
   7.337E+02   1.883E+00
   7.372E+02   1.899E+00
   7.407E+02   1.906E+00
   7.443E+02   1.911E+00
   7.478E+02   1.919E+00
   7.513E+02   1.924E+00
   7.548E+02   1.931E+00
   7.583E+02   1.934E+00
   7.618E+02   1.935E+00
   7.653E+02   1.938E+00
   7.688E+02   1.938E+00
   7.724E+02   1.939E+00
   7.759E+02   1.936E+00
   7.794E+02   1.933E+00
   7.829E+02   1.929E+00
   7.864E+02   1.923E+00
   7.899E+02   1.919E+00
   7.934E+02   1.915E+00
   7.970E+02   1.908E+00
   8.005E+02   1.898E+00
   8.040E+02   1.892E+00
   8.075E+02   1.883E+00
   8.110E+02   1.872E+00
   8.145E+02   1.865E+00
   8.180E+02   1.853E+00
   8.216E+02   1.841E+00
   8.251E+02   1.830E+00
   8.286E+02   1.820E+00
   8.321E+02   1.806E+00
   8.356E+02   1.793E+00
   8.391E+02   1.780E+00
   8.426E+02   1.767E+00
   8.462E+02   1.754E+00
   8.497E+02   1.738E+00
   8.532E+02   1.724E+00
   8.567E+02   1.709E+00
   8.602E+02   1.695E+00
   8.637E+02   1.681E+00
   8.672E+02   1.664E+00
   8.707E+02   1.651E+00
   8.743E+02   1.635E+00
   8.778E+02   1.618E+00
   8.813E+02   1.602E+00
   8.848E+02   1.586E+00
   8.883E+02   1.570E+00
   8.918E+02   1.554E+00
   8.953E+02   1.538E+00
   8.989E+02   1.519E+00
   9.024E+02   1.505E+00
   9.059E+02   1.485E+00
   9.094E+02   1.470E+00
   9.129E+02   1.453E+00
   9.164E+02   1.438E+00
   9.199E+02   1.420E+00
   9.235E+02   1.404E+00
   9.270E+02   1.388E+00
   9.305E+02   1.369E+00
   9.340E+02   1.353E+00
   9.375E+02   1.337E+00
   9.410E+02   1.319E+00
   9.445E+02   1.305E+00
   9.481E+02   1.286E+00
   9.516E+02   1.271E+00
   9.551E+02   1.255E+00
   9.586E+02   1.238E+00
   9.621E+02   1.222E+00
   9.656E+02   1.205E+00
   9.691E+02   1.189E+00
   9.726E+02   1.174E+00
   9.762E+02   1.156E+00
   9.797E+02   1.141E+00
   9.832E+02   1.124E+00
   9.867E+02   1.109E+00
   9.902E+02   1.093E+00
   9.937E+02   1.077E+00
   9.972E+02   1.063E+00
   1.001E+03   1.047E+00
   1.004E+03   1.032E+00
   1.008E+03   1.018E+00
   1.011E+03   1.001E+00
   1.015E+03   9.868E-01
   1.018E+03   9.722E-01
   1.022E+03   9.580E-01
   1.025E+03   9.427E-01
   1.029E+03   9.288E-01
   1.032E+03   9.145E-01
   1.036E+03   9.007E-01
   1.039E+03   8.862E-01
   1.043E+03   8.731E-01
   1.046E+03   8.570E-01
   1.050E+03   8.434E-01
   1.053E+03   8.302E-01
   1.057E+03   8.171E-01
   1.060E+03   8.038E-01
   1.064E+03   7.899E-01
   1.068E+03   7.771E-01
   1.071E+03   7.640E-01
   1.075E+03   7.502E-01
   1.078E+03   7.378E-01
   1.082E+03   7.250E-01
   1.085E+03   7.130E-01
   1.089E+03   7.010E-01
   1.092E+03   6.883E-01
   1.096E+03   6.760E-01
   1.099E+03   6.644E-01
   1.103E+03   6.517E-01
   1.106E+03   6.390E-01
   1.110E+03   6.272E-01
   1.113E+03   6.160E-01
   1.117E+03   6.043E-01
   1.120E+03   5.932E-01
   1.124E+03   5.816E-01
   1.127E+03   5.699E-01
   1.131E+03   5.593E-01
   1.134E+03   5.474E-01
   1.138E+03   5.364E-01
   1.141E+03   5.256E-01
   1.145E+03   5.142E-01
   1.148E+03   5.039E-01
   1.152E+03   4.934E-01
   1.155E+03   4.829E-01
   1.159E+03   4.718E-01
   1.162E+03   4.610E-01
   1.166E+03   4.507E-01
   1.169E+03   4.406E-01
   1.173E+03   4.305E-01
   1.176E+03   4.205E-01
   1.180E+03   4.101E-01
   1.183E+03   4.002E-01
   1.187E+03   3.901E-01
   1.191E+03   3.802E-01
   1.194E+03   3.706E-01
   1.198E+03   3.613E-01
   1.201E+03   3.516E-01
   1.205E+03   3.418E-01
   1.208E+03   3.326E-01
   1.212E+03   3.230E-01
   1.215E+03   3.142E-01
   1.219E+03   3.052E-01
   1.222E+03   2.960E-01
   1.226E+03   2.870E-01
   1.229E+03   2.782E-01
   1.233E+03   2.694E-01
   1.236E+03   2.607E-01
   1.240E+03   2.523E-01
   1.243E+03   2.437E-01
   1.247E+03   2.353E-01
   1.250E+03   2.273E-01
   1.254E+03   2.194E-01
   1.257E+03   2.113E-01
   1.261E+03   2.032E-01
   1.264E+03   1.952E-01
   1.268E+03   1.871E-01
   1.271E+03   1.797E-01
   1.275E+03   1.722E-01
   1.278E+03   1.646E-01
   1.282E+03   1.571E-01
   1.285E+03   1.497E-01
   1.289E+03   1.425E-01
   1.292E+03   1.354E-01
   1.296E+03   1.286E-01
   1.299E+03   1.215E-01
   1.303E+03   1.147E-01
   1.306E+03   1.081E-01
   1.310E+03   1.016E-01
   1.313E+03   9.548E-02
   1.317E+03   8.935E-02
   1.321E+03   8.327E-02
   1.324E+03   7.744E-02
   1.328E+03   7.195E-02
   1.331E+03   6.655E-02
   1.335E+03   6.141E-02
   1.338E+03   5.646E-02
   1.342E+03   5.167E-02
   1.345E+03   4.723E-02
   1.349E+03   4.296E-02
   1.352E+03   3.874E-02
   1.356E+03   3.479E-02
   1.359E+03   3.110E-02
   1.363E+03   2.749E-02
   1.366E+03   2.414E-02
   1.370E+03   2.115E-02
   1.373E+03   1.837E-02
   1.377E+03   1.572E-02
   1.380E+03   1.328E-02
   1.384E+03   1.104E-02
   1.387E+03   9.099E-03
   1.391E+03   7.575E-03
   1.394E+03   6.360E-03
   1.398E+03   5.398E-03
   1.401E+03   4.441E-03
   1.405E+03   3.790E-03
   1.408E+03   3.492E-03
   1.412E+03   3.377E-03
   1.415E+03   3.453E-03
   1.419E+03   3.732E-03
   1.422E+03   4.620E-03
   1.426E+03   5.817E-03
   1.429E+03   7.189E-03
   1.433E+03   8.677E-03
   1.436E+03   1.017E-02
   1.440E+03   1.156E-02
   1.443E+03   1.278E-02
   1.447E+03   1.406E-02
   1.451E+03   1.530E-02
   1.454E+03   1.654E-02
   1.458E+03   1.777E-02
   1.461E+03   1.895E-02
   1.465E+03   2.001E-02
   1.468E+03   2.092E-02
   1.472E+03   2.182E-02
   1.475E+03   2.262E-02
   1.479E+03   2.338E-02
   1.482E+03   2.417E-02
   1.486E+03   2.477E-02
   1.489E+03   2.532E-02
   1.493E+03   2.580E-02
   1.496E+03   2.625E-02
   1.500E+03   2.660E-02
   1.503E+03   2.690E-02
   1.507E+03   2.719E-02
   1.510E+03   2.738E-02
   1.514E+03   2.755E-02
   1.517E+03   2.761E-02
   1.521E+03   2.764E-02
   1.524E+03   2.758E-02
   1.528E+03   2.765E-02
   1.531E+03   2.763E-02
   1.535E+03   2.762E-02
   1.538E+03   2.744E-02
   1.542E+03   2.727E-02
   1.545E+03   2.709E-02
   1.549E+03   2.686E-02
   1.552E+03   2.669E-02
   1.556E+03   2.645E-02
   1.559E+03   2.623E-02
   1.563E+03   2.600E-02
   1.566E+03   2.572E-02
   1.570E+03   2.540E-02
   1.574E+03   2.508E-02
   1.577E+03   2.468E-02
   1.581E+03   2.434E-02
   1.584E+03   2.387E-02
   1.588E+03   2.343E-02
   1.591E+03   2.296E-02
   1.595E+03   2.253E-02
   1.598E+03   2.201E-02
   1.602E+03   2.144E-02
   1.605E+03   2.096E-02
   1.609E+03   2.048E-02
   1.612E+03   2.001E-02
   1.616E+03   1.954E-02
   1.619E+03   1.904E-02
   1.623E+03   1.858E-02
   1.626E+03   1.811E-02
   1.630E+03   1.761E-02
   1.633E+03   1.712E-02
   1.637E+03   1.657E-02
   1.640E+03   1.609E-02
   1.644E+03   1.562E-02
   1.647E+03   1.523E-02
   1.651E+03   1.477E-02
   1.654E+03   1.440E-02
   1.658E+03   1.394E-02
   1.661E+03   1.359E-02
   1.665E+03   1.330E-02
   1.668E+03   1.289E-02
   1.672E+03   1.239E-02
   1.675E+03   1.198E-02
   1.679E+03   1.156E-02
   1.682E+03   1.103E-02
   1.686E+03   1.077E-02
   1.689E+03   1.057E-02
   1.693E+03   1.052E-02
   1.696E+03   1.011E-02
   1.700E+03   8.557E-03
