   0.000E+00   7.600E+03
   2.882E-05   7.454E+01
   5.764E-05   4.766E+01
   8.647E-05   3.789E+01
   1.153E-04   3.235E+01
   1.441E-04   2.853E+01
   1.729E-04   2.576E+01
   2.018E-04   2.356E+01
   2.306E-04   2.161E+01
   2.594E-04   1.984E+01
   2.882E-04   1.829E+01
   3.170E-04   1.695E+01
   3.459E-04   1.565E+01
   3.747E-04   1.449E+01
   4.035E-04   1.353E+01
   4.323E-04   1.254E+01
   4.612E-04   1.164E+01
   4.900E-04   1.081E+01
   5.188E-04   1.003E+01
   5.476E-04   9.347E+00
   5.764E-04   8.722E+00
   6.053E-04   8.134E+00
   6.341E-04   7.614E+00
   6.629E-04   7.142E+00
   6.917E-04   6.731E+00
   7.206E-04   6.351E+00
   7.494E-04   6.010E+00
   7.782E-04   5.698E+00
   8.070E-04   5.411E+00
   8.358E-04   5.159E+00
   8.647E-04   4.925E+00
   8.935E-04   4.713E+00
   9.223E-04   4.515E+00
   9.511E-04   4.335E+00
   9.799E-04   4.181E+00
   1.009E-03   4.024E+00
   1.038E-03   3.889E+00
   1.066E-03   3.761E+00
   1.095E-03   3.641E+00
   1.124E-03   3.535E+00
   1.153E-03   3.429E+00
   1.182E-03   3.334E+00
   1.211E-03   3.241E+00
   1.239E-03   3.157E+00
   1.268E-03   3.074E+00
   1.297E-03   2.997E+00
   1.326E-03   2.925E+00
   1.355E-03   2.855E+00
   1.383E-03   2.792E+00
   1.412E-03   2.729E+00
   1.441E-03   2.669E+00
   1.470E-03   2.612E+00
   1.499E-03   2.556E+00
   1.528E-03   2.503E+00
   1.556E-03   2.453E+00
   1.585E-03   2.404E+00
   1.614E-03   2.356E+00
   1.643E-03   2.310E+00
   1.672E-03   2.271E+00
   1.701E-03   2.227E+00
   1.729E-03   2.187E+00
   1.758E-03   2.145E+00
   1.787E-03   2.111E+00
   1.816E-03   2.076E+00
   1.845E-03   2.039E+00
   1.873E-03   2.006E+00
   1.902E-03   1.973E+00
   1.931E-03   1.944E+00
   1.960E-03   1.912E+00
   1.989E-03   1.882E+00
   2.018E-03   1.855E+00
   2.046E-03   1.825E+00
   2.075E-03   1.799E+00
   2.104E-03   1.771E+00
   2.133E-03   1.748E+00
   2.162E-03   1.723E+00
   2.190E-03   1.697E+00
   2.219E-03   1.673E+00
   2.248E-03   1.651E+00
   2.277E-03   1.629E+00
   2.306E-03   1.605E+00
   2.335E-03   1.582E+00
   2.363E-03   1.563E+00
   2.392E-03   1.545E+00
   2.421E-03   1.522E+00
   2.450E-03   1.503E+00
   2.479E-03   1.484E+00
   2.508E-03   1.464E+00
   2.536E-03   1.447E+00
   2.565E-03   1.430E+00
   2.594E-03   1.413E+00
   2.623E-03   1.397E+00
   2.652E-03   1.378E+00
   2.680E-03   1.362E+00
   2.709E-03   1.348E+00
   2.738E-03   1.334E+00
   2.767E-03   1.317E+00
   2.796E-03   1.305E+00
   2.825E-03   1.290E+00
   2.853E-03   1.275E+00
   2.882E-03   1.263E+00
   2.911E-03   1.250E+00
   2.940E-03   1.237E+00
   2.969E-03   1.224E+00
   2.997E-03   1.213E+00
   3.026E-03   1.200E+00
   3.055E-03   1.191E+00
   3.084E-03   1.179E+00
   3.113E-03   1.168E+00
   3.142E-03   1.157E+00
   3.170E-03   1.147E+00
   3.199E-03   1.139E+00
   3.228E-03   1.129E+00
   3.257E-03   1.119E+00
   3.286E-03   1.110E+00
   3.315E-03   1.103E+00
   3.343E-03   1.093E+00
   3.372E-03   1.084E+00
   3.401E-03   1.077E+00
   3.430E-03   1.072E+00
   3.459E-03   1.064E+00
   3.487E-03   1.057E+00
   3.516E-03   1.046E+00
   3.545E-03   1.040E+00
   3.574E-03   1.037E+00
   3.603E-03   1.026E+00
   3.632E-03   1.024E+00
   3.660E-03   1.018E+00
   3.689E-03   1.011E+00
   3.718E-03   1.007E+00
   3.747E-03   1.002E+00
   3.776E-03   9.975E-01
   3.805E-03   9.916E-01
   3.833E-03   9.891E-01
   3.862E-03   9.847E-01
   3.891E-03   9.816E-01
   3.920E-03   9.793E-01
   3.949E-03   9.742E-01
   3.977E-03   9.685E-01
   4.006E-03   9.693E-01
   4.035E-03   9.646E-01
   4.064E-03   9.622E-01
   4.093E-03   9.578E-01
   4.122E-03   9.598E-01
   4.150E-03   9.559E-01
   4.179E-03   9.530E-01
   4.208E-03   9.506E-01
   4.237E-03   9.471E-01
   4.266E-03   9.480E-01
   4.294E-03   9.477E-01
   4.323E-03   9.480E-01
   4.352E-03   9.450E-01
   4.381E-03   9.471E-01
   4.410E-03   9.449E-01
   4.439E-03   9.434E-01
   4.467E-03   9.453E-01
   4.496E-03   9.429E-01
   4.525E-03   9.464E-01
   4.554E-03   9.483E-01
   4.583E-03   9.458E-01
   4.612E-03   9.425E-01
   4.640E-03   9.446E-01
   4.669E-03   9.486E-01
   4.698E-03   9.476E-01
   4.727E-03   9.489E-01
   4.756E-03   9.486E-01
   4.784E-03   9.527E-01
   4.813E-03   9.528E-01
   4.842E-03   9.538E-01
   4.871E-03   9.529E-01
   4.900E-03   9.527E-01
   4.929E-03   9.587E-01
   4.957E-03   9.562E-01
   4.986E-03   9.613E-01
   5.015E-03   9.668E-01
   5.044E-03   9.694E-01
   5.073E-03   9.692E-01
   5.102E-03   9.683E-01
   5.130E-03   9.710E-01
   5.159E-03   9.827E-01
   5.188E-03   9.842E-01
   5.217E-03   9.801E-01
   5.246E-03   9.880E-01
   5.274E-03   9.936E-01
   5.303E-03   9.960E-01
   5.332E-03   9.967E-01
   5.361E-03   9.986E-01
   5.390E-03   1.002E+00
   5.419E-03   1.003E+00
   5.447E-03   1.007E+00
   5.476E-03   1.014E+00
   5.505E-03   1.017E+00
   5.534E-03   1.023E+00
   5.563E-03   1.023E+00
   5.591E-03   1.025E+00
   5.620E-03   1.033E+00
   5.649E-03   1.032E+00
   5.678E-03   1.040E+00
   5.707E-03   1.043E+00
   5.736E-03   1.047E+00
   5.764E-03   1.047E+00
   5.793E-03   1.052E+00
   5.822E-03   1.057E+00
   5.851E-03   1.060E+00
   5.880E-03   1.063E+00
   5.909E-03   1.069E+00
   5.937E-03   1.070E+00
   5.966E-03   1.078E+00
   5.995E-03   1.081E+00
   6.024E-03   1.088E+00
   6.053E-03   1.087E+00
   6.081E-03   1.092E+00
   6.110E-03   1.091E+00
   6.139E-03   1.099E+00
   6.168E-03   1.100E+00
   6.197E-03   1.111E+00
   6.226E-03   1.110E+00
   6.254E-03   1.112E+00
   6.283E-03   1.121E+00
   6.312E-03   1.128E+00
   6.341E-03   1.125E+00
   6.370E-03   1.130E+00
   6.398E-03   1.133E+00
   6.427E-03   1.142E+00
   6.456E-03   1.138E+00
   6.485E-03   1.149E+00
   6.514E-03   1.147E+00
   6.543E-03   1.147E+00
   6.571E-03   1.151E+00
   6.600E-03   1.154E+00
   6.629E-03   1.154E+00
   6.658E-03   1.163E+00
   6.687E-03   1.162E+00
   6.716E-03   1.167E+00
   6.744E-03   1.171E+00
   6.773E-03   1.168E+00
   6.802E-03   1.172E+00
   6.831E-03   1.182E+00
   6.860E-03   1.181E+00
   6.888E-03   1.184E+00
   6.917E-03   1.182E+00
   6.946E-03   1.181E+00
   6.975E-03   1.187E+00
   7.004E-03   1.183E+00
   7.033E-03   1.186E+00
   7.061E-03   1.187E+00
   7.090E-03   1.188E+00
   7.119E-03   1.182E+00
   7.148E-03   1.190E+00
   7.177E-03   1.183E+00
   7.206E-03   1.184E+00
   7.234E-03   1.186E+00
   7.263E-03   1.184E+00
   7.292E-03   1.180E+00
   7.321E-03   1.178E+00
   7.350E-03   1.171E+00
   7.378E-03   1.164E+00
   7.407E-03   1.168E+00
   7.436E-03   1.161E+00
   7.465E-03   1.161E+00
   7.494E-03   1.158E+00
   7.523E-03   1.155E+00
   7.551E-03   1.148E+00
   7.580E-03   1.148E+00
   7.609E-03   1.136E+00
   7.638E-03   1.129E+00
   7.667E-03   1.122E+00
   7.695E-03   1.120E+00
   7.724E-03   1.111E+00
   7.753E-03   1.101E+00
   7.782E-03   1.089E+00
   7.811E-03   1.090E+00
   7.840E-03   1.080E+00
   7.868E-03   1.069E+00
   7.897E-03   1.066E+00
   7.926E-03   1.049E+00
   7.955E-03   1.041E+00
   7.984E-03   1.039E+00
   8.013E-03   1.026E+00
   8.041E-03   1.014E+00
   8.070E-03   1.010E+00
   8.099E-03   9.988E-01
   8.128E-03   9.900E-01
   8.157E-03   9.770E-01
   8.185E-03   9.653E-01
   8.214E-03   9.589E-01
   8.243E-03   9.436E-01
   8.272E-03   9.316E-01
   8.301E-03   9.225E-01
   8.330E-03   9.128E-01
   8.358E-03   8.957E-01
   8.387E-03   8.866E-01
   8.416E-03   8.746E-01
   8.445E-03   8.653E-01
   8.474E-03   8.539E-01
   8.503E-03   8.428E-01
   8.531E-03   8.326E-01
   8.560E-03   8.244E-01
   8.589E-03   8.112E-01
   8.618E-03   8.008E-01
   8.647E-03   7.905E-01
   8.675E-03   7.832E-01
   8.704E-03   7.734E-01
   8.733E-03   7.645E-01
   8.762E-03   7.533E-01
   8.791E-03   7.459E-01
   8.820E-03   7.379E-01
   8.848E-03   7.298E-01
   8.877E-03   7.264E-01
   8.906E-03   7.145E-01
   8.935E-03   7.104E-01
   8.964E-03   7.041E-01
   8.992E-03   7.038E-01
   9.021E-03   6.979E-01
   9.050E-03   6.944E-01
   9.079E-03   6.922E-01
   9.108E-03   6.911E-01
   9.137E-03   6.908E-01
   9.165E-03   6.945E-01
   9.194E-03   6.934E-01
   9.223E-03   6.933E-01
   9.252E-03   6.977E-01
   9.281E-03   7.039E-01
   9.310E-03   7.079E-01
   9.338E-03   7.165E-01
   9.367E-03   7.219E-01
   9.396E-03   7.303E-01
   9.425E-03   7.400E-01
   9.454E-03   7.539E-01
   9.482E-03   7.626E-01
   9.511E-03   7.745E-01
   9.540E-03   7.907E-01
   9.569E-03   8.067E-01
   9.598E-03   8.252E-01
   9.627E-03   8.429E-01
   9.655E-03   8.668E-01
   9.684E-03   8.845E-01
   9.713E-03   9.105E-01
   9.742E-03   9.311E-01
   9.771E-03   9.548E-01
   9.799E-03   9.863E-01
   9.828E-03   1.018E+00
   9.857E-03   1.051E+00
   9.886E-03   1.083E+00
   9.915E-03   1.120E+00
   9.944E-03   1.153E+00
   9.972E-03   1.201E+00
   1.000E-02   1.238E+00
   1.003E-02   1.274E+00
   1.006E-02   1.330E+00
   1.009E-02   1.376E+00
   1.012E-02   1.442E+00
   1.015E-02   1.483E+00
   1.017E-02   1.539E+00
   1.020E-02   1.603E+00
   1.023E-02   1.664E+00
   1.026E-02   1.728E+00
   1.029E-02   1.813E+00
   1.032E-02   1.890E+00
   1.035E-02   1.975E+00
   1.038E-02   2.091E+00
   1.040E-02   2.189E+00
   1.043E-02   2.275E+00
   1.046E-02   2.404E+00
   1.049E-02   2.521E+00
   1.052E-02   2.682E+00
   1.055E-02   2.826E+00
   1.058E-02   2.988E+00
   1.061E-02   3.150E+00
   1.064E-02   3.407E+00
   1.066E-02   3.597E+00
   1.069E-02   3.877E+00
   1.072E-02   4.156E+00
   1.075E-02   4.514E+00
   1.078E-02   4.795E+00
   1.081E-02   5.254E+00
   1.084E-02   5.764E+00
   1.087E-02   6.546E+00
   1.089E-02   7.069E+00
   1.092E-02   7.745E+00
   1.095E-02   9.046E+00
   1.098E-02   1.031E+01
   1.101E-02   1.174E+01
   1.104E-02   1.414E+01
   1.107E-02   1.680E+01
   1.110E-02   2.063E+01
   1.113E-02   2.547E+01
   1.115E-02   3.392E+01
   1.118E-02   4.516E+01
   1.121E-02   6.061E+01
   1.124E-02   8.701E+01
   1.127E-02   1.231E+02
   1.130E-02   1.928E+02
   1.133E-02   3.036E+02
   1.136E-02   4.901E+02
   1.138E-02   8.470E+02
   1.141E-02   1.538E+03
   1.144E-02   3.547E+03
   1.147E-02   1.204E+04
   1.150E-02   4.052E+32
