   0.000E+00   6.134E+01
   2.882E-05   1.772E+00
   5.764E-05   1.096E+00
   8.647E-05   8.444E-01
   1.153E-04   7.142E-01
   1.441E-04   6.326E-01
   1.729E-04   5.730E-01
   2.018E-04   5.281E-01
   2.306E-04   4.928E-01
   2.594E-04   4.634E-01
   2.882E-04   4.364E-01
   3.170E-04   4.100E-01
   3.459E-04   3.841E-01
   3.747E-04   3.571E-01
   4.035E-04   3.306E-01
   4.323E-04   3.069E-01
   4.612E-04   2.851E-01
   4.900E-04   2.645E-01
   5.188E-04   2.463E-01
   5.476E-04   2.309E-01
   5.764E-04   2.181E-01
   6.053E-04   2.072E-01
   6.341E-04   1.982E-01
   6.629E-04   1.904E-01
   6.917E-04   1.837E-01
   7.206E-04   1.784E-01
   7.494E-04   1.734E-01
   7.782E-04   1.694E-01
   8.070E-04   1.664E-01
   8.358E-04   1.640E-01
   8.647E-04   1.619E-01
   8.935E-04   1.605E-01
   9.223E-04   1.592E-01
   9.511E-04   1.580E-01
   9.799E-04   1.576E-01
   1.009E-03   1.568E-01
   1.038E-03   1.561E-01
   1.066E-03   1.556E-01
   1.095E-03   1.554E-01
   1.124E-03   1.555E-01
   1.153E-03   1.560E-01
   1.182E-03   1.555E-01
   1.211E-03   1.561E-01
   1.239E-03   1.568E-01
   1.268E-03   1.572E-01
   1.297E-03   1.576E-01
   1.326E-03   1.582E-01
   1.355E-03   1.593E-01
   1.383E-03   1.598E-01
   1.412E-03   1.616E-01
   1.441E-03   1.625E-01
   1.470E-03   1.634E-01
   1.499E-03   1.639E-01
   1.528E-03   1.642E-01
   1.556E-03   1.655E-01
   1.585E-03   1.662E-01
   1.614E-03   1.669E-01
   1.643E-03   1.684E-01
   1.672E-03   1.694E-01
   1.701E-03   1.709E-01
   1.729E-03   1.724E-01
   1.758E-03   1.731E-01
   1.787E-03   1.746E-01
   1.816E-03   1.765E-01
   1.845E-03   1.775E-01
   1.873E-03   1.788E-01
   1.902E-03   1.805E-01
   1.931E-03   1.817E-01
   1.960E-03   1.829E-01
   1.989E-03   1.845E-01
   2.018E-03   1.863E-01
   2.046E-03   1.878E-01
   2.075E-03   1.898E-01
   2.104E-03   1.904E-01
   2.133E-03   1.917E-01
   2.162E-03   1.933E-01
   2.190E-03   1.952E-01
   2.219E-03   1.969E-01
   2.248E-03   1.983E-01
   2.277E-03   1.996E-01
   2.306E-03   2.012E-01
   2.335E-03   2.025E-01
   2.363E-03   2.039E-01
   2.392E-03   2.065E-01
   2.421E-03   2.072E-01
   2.450E-03   2.094E-01
   2.479E-03   2.110E-01
   2.508E-03   2.130E-01
   2.536E-03   2.142E-01
   2.565E-03   2.156E-01
   2.594E-03   2.176E-01
   2.623E-03   2.195E-01
   2.652E-03   2.214E-01
   2.680E-03   2.228E-01
   2.709E-03   2.245E-01
   2.738E-03   2.265E-01
   2.767E-03   2.278E-01
   2.796E-03   2.293E-01
   2.825E-03   2.315E-01
   2.853E-03   2.328E-01
   2.882E-03   2.356E-01
   2.911E-03   2.369E-01
   2.940E-03   2.396E-01
   2.969E-03   2.406E-01
   2.997E-03   2.431E-01
   3.026E-03   2.445E-01
   3.055E-03   2.466E-01
   3.084E-03   2.504E-01
   3.113E-03   2.518E-01
   3.142E-03   2.540E-01
   3.170E-03   2.544E-01
   3.199E-03   2.574E-01
   3.228E-03   2.597E-01
   3.257E-03   2.625E-01
   3.286E-03   2.637E-01
   3.315E-03   2.667E-01
   3.343E-03   2.676E-01
   3.372E-03   2.705E-01
   3.401E-03   2.728E-01
   3.430E-03   2.750E-01
   3.459E-03   2.776E-01
   3.487E-03   2.790E-01
   3.516E-03   2.821E-01
   3.545E-03   2.838E-01
   3.574E-03   2.855E-01
   3.603E-03   2.884E-01
   3.632E-03   2.907E-01
   3.660E-03   2.947E-01
   3.689E-03   2.960E-01
   3.718E-03   2.982E-01
   3.747E-03   3.031E-01
   3.776E-03   3.052E-01
   3.805E-03   3.055E-01
   3.833E-03   3.084E-01
   3.862E-03   3.108E-01
   3.891E-03   3.154E-01
   3.920E-03   3.177E-01
   3.949E-03   3.214E-01
   3.977E-03   3.251E-01
   4.006E-03   3.222E-01
   4.035E-03   3.297E-01
   4.064E-03   3.319E-01
   4.093E-03   3.325E-01
   4.122E-03   3.405E-01
   4.150E-03   3.428E-01
   4.179E-03   3.415E-01
   4.208E-03   3.479E-01
   4.237E-03   3.501E-01
   4.266E-03   3.481E-01
   4.294E-03   3.565E-01
   4.323E-03   3.628E-01
   4.352E-03   3.636E-01
   4.381E-03   3.659E-01
   4.410E-03   3.684E-01
   4.439E-03   3.764E-01
   4.467E-03   3.846E-01
   4.496E-03   3.854E-01
   4.525E-03   3.862E-01
   4.554E-03   3.846E-01
   4.583E-03   3.942E-01
   4.612E-03   3.985E-01
   4.640E-03   4.048E-01
   4.669E-03   4.066E-01
   4.698E-03   4.128E-01
   4.727E-03   4.160E-01
   4.756E-03   4.317E-01
   4.784E-03   4.412E-01
   4.813E-03   4.342E-01
   4.842E-03   4.410E-01
   4.871E-03   4.447E-01
   4.900E-03   4.497E-01
   4.929E-03   4.724E-01
   4.957E-03   4.674E-01
   4.986E-03   4.755E-01
   5.015E-03   4.857E-01
   5.044E-03   4.704E-01
   5.073E-03   5.489E-01
   5.102E-03   4.883E-01
   5.130E-03   5.292E-01
   5.159E-03   5.557E-01
   5.188E-03   5.655E-01
   5.217E-03   5.469E-01
   5.246E-03   5.666E-01
   5.274E-03   5.562E-01
   5.303E-03   6.102E-01
   5.332E-03   6.398E-01
   5.361E-03   5.422E-01
   5.390E-03   6.590E-01
   5.419E-03   7.252E-01
   5.447E-03   6.306E-01
   5.476E-03   6.559E-01
   5.505E-03   6.248E-01
   5.534E-03   7.169E-01
   5.563E-03   8.886E-01
   5.591E-03   6.367E-01
   5.620E-03   7.571E-01
   5.649E-03   7.721E-01
   5.678E-03   7.383E-01
   5.707E-03   8.240E-01
   5.736E-03   6.609E-01
   5.764E-03   9.021E-01
   5.793E-03   7.916E-01
   5.822E-03   8.864E-01
   5.851E-03   8.010E-01
   5.880E-03   7.694E-01
   5.909E-03   1.060E+00
   5.937E-03   9.134E-01
   5.966E-03   8.300E-01
   5.995E-03   9.681E-01
   6.024E-03   1.045E+00
   6.053E-03   9.426E-01
   6.081E-03   1.057E+00
   6.110E-03   1.029E+00
   6.139E-03   1.119E+00
   6.168E-03   1.189E+00
   6.197E-03   1.069E+00
   6.226E-03   1.112E+00
   6.254E-03   1.172E+00
   6.283E-03   1.238E+00
   6.312E-03   1.260E+00
   6.341E-03   1.338E+00
   6.370E-03   1.301E+00
   6.398E-03   1.514E+00
   6.427E-03   1.463E+00
   6.456E-03   1.521E+00
   6.485E-03   1.579E+00
   6.514E-03   1.745E+00
   6.543E-03   1.893E+00
   6.571E-03   2.133E+00
   6.600E-03   2.108E+00
   6.629E-03   2.158E+00
   6.658E-03   2.442E+00
   6.687E-03   2.321E+00
   6.716E-03   2.745E+00
   6.744E-03   2.825E+00
   6.773E-03   2.754E+00
   6.802E-03   3.136E+00
   6.831E-03   2.998E+00
   6.860E-03   3.594E+00
   6.888E-03   3.539E+00
   6.917E-03   4.210E+00
   6.946E-03   4.546E+00
   6.975E-03   5.175E+00
   7.004E-03   5.238E+00
   7.033E-03   5.372E+00
   7.061E-03   5.462E+00
   7.090E-03   5.426E+00
   7.119E-03   6.012E+00
   7.148E-03   6.172E+00
   7.177E-03   7.797E+00
   7.206E-03   8.297E+00
   7.234E-03   7.789E+00
   7.263E-03   8.687E+00
   7.292E-03   8.320E+00
   7.321E-03   1.100E+01
   7.350E-03   1.089E+01
   7.378E-03   1.002E+01
   7.407E-03   1.293E+01
   7.436E-03   1.403E+01
   7.465E-03   1.594E+01
   7.494E-03   1.449E+01
   7.523E-03   2.154E+01
   7.551E-03   1.734E+01
   7.580E-03   1.702E+01
   7.609E-03   2.283E+01
   7.638E-03   1.741E+01
   7.667E-03   2.775E+01
   7.695E-03   2.564E+01
   7.724E-03   2.293E+01
   7.753E-03   3.139E+01
   7.782E-03   3.256E+01
   7.811E-03   4.902E+01
   7.840E-03   3.322E+01
   7.868E-03   4.313E+01
   7.897E-03   4.215E+01
   7.926E-03   4.037E+01
   7.955E-03   4.566E+01
   7.984E-03   5.483E+01
   8.013E-03   5.633E+01
   8.041E-03   7.049E+01
   8.070E-03   5.844E+01
   8.099E-03   6.202E+01
   8.128E-03   7.315E+01
   8.157E-03   6.666E+01
   8.185E-03   7.831E+01
   8.214E-03   8.054E+01
   8.243E-03   9.259E+01
   8.272E-03   1.058E+02
   8.301E-03   1.001E+02
   8.330E-03   1.039E+02
   8.358E-03   1.170E+02
   8.387E-03   1.594E+02
   8.416E-03   1.347E+02
   8.445E-03   1.485E+02
   8.474E-03   1.886E+02
   8.503E-03   1.862E+02
   8.531E-03   1.864E+02
   8.560E-03   1.949E+02
   8.589E-03   2.301E+02
   8.618E-03   2.858E+02
   8.647E-03   2.489E+02
   8.675E-03   2.653E+02
   8.704E-03   2.879E+02
   8.733E-03   2.995E+02
   8.762E-03   3.226E+02
   8.791E-03   3.730E+02
   8.820E-03   4.219E+02
   8.848E-03   4.666E+02
   8.877E-03   5.527E+02
   8.906E-03   4.698E+02
   8.935E-03   5.161E+02
   8.964E-03   6.120E+02
   8.992E-03   6.630E+02
   9.021E-03   7.436E+02
   9.050E-03   7.913E+02
   9.079E-03   8.155E+02
   9.108E-03   8.530E+02
   9.137E-03   9.802E+02
   9.165E-03   9.851E+02
   9.194E-03   1.150E+03
   9.223E-03   1.200E+03
   9.252E-03   1.374E+03
   9.281E-03   1.549E+03
   9.310E-03   1.723E+03
   9.338E-03   1.891E+03
   9.367E-03   1.932E+03
   9.396E-03   2.292E+03
   9.425E-03   2.358E+03
   9.454E-03   2.700E+03
   9.482E-03   3.067E+03
   9.511E-03   3.282E+03
   9.540E-03   3.478E+03
   9.569E-03   3.877E+03
   9.598E-03   4.547E+03
   9.627E-03   4.751E+03
   9.655E-03   4.771E+03
   9.684E-03   5.260E+03
   9.713E-03   6.039E+03
   9.742E-03   6.444E+03
   9.771E-03   6.511E+03
   9.799E-03   7.440E+03
   9.828E-03   8.553E+03
   9.857E-03   9.012E+03
   9.886E-03   9.871E+03
   9.915E-03   1.107E+04
   9.944E-03   1.223E+04
   9.972E-03   1.362E+04
   1.000E-02   1.501E+04
   1.003E-02   1.609E+04
   1.006E-02   1.776E+04
   1.009E-02   1.936E+04
   1.012E-02   2.152E+04
   1.015E-02   2.402E+04
   1.017E-02   2.710E+04
   1.020E-02   3.031E+04
   1.023E-02   3.528E+04
   1.026E-02   4.108E+04
   1.029E-02   4.690E+04
   1.032E-02   5.071E+04
   1.035E-02   5.782E+04
   1.038E-02   6.552E+04
   1.040E-02   7.156E+04
   1.043E-02   7.706E+04
   1.046E-02   8.739E+04
   1.049E-02   9.544E+04
   1.052E-02   1.045E+05
   1.055E-02   1.280E+05
   1.058E-02   1.423E+05
   1.061E-02   1.568E+05
   1.064E-02   1.698E+05
   1.066E-02   1.885E+05
   1.069E-02   2.103E+05
   1.072E-02   2.417E+05
   1.075E-02   2.769E+05
   1.078E-02   3.051E+05
   1.081E-02   3.298E+05
   1.084E-02   3.711E+05
   1.087E-02   4.077E+05
   1.089E-02   4.534E+05
   1.092E-02   5.012E+05
   1.095E-02   5.353E+05
   1.098E-02   5.933E+05
   1.101E-02   6.656E+05
   1.104E-02   7.867E+05
   1.107E-02   9.354E+05
   1.110E-02   1.137E+06
   1.113E-02   1.366E+06
   1.115E-02   1.549E+06
   1.118E-02   1.822E+06
   1.121E-02   2.168E+06
   1.124E-02   2.666E+06
   1.127E-02   3.276E+06
   1.130E-02   4.151E+06
   1.133E-02   5.195E+06
   1.136E-02   6.486E+06
   1.138E-02   8.512E+06
   1.141E-02   1.263E+07
   1.144E-02   2.079E+07
   1.147E-02   4.225E+07
   1.150E-02   1.830E+44
