   2.980E+02   1.527E+04
   3.015E+02   1.081E+05
   3.050E+02   1.720E+05
   3.085E+02   2.325E+05
   3.121E+02   2.906E+05
   3.156E+02   3.463E+05
   3.191E+02   3.995E+05
   3.226E+02   4.508E+05
   3.261E+02   5.015E+05
   3.296E+02   5.496E+05
   3.331E+02   5.973E+05
   3.367E+02   6.447E+05
   3.402E+02   6.914E+05
   3.437E+02   7.365E+05
   3.472E+02   7.812E+05
   3.507E+02   8.251E+05
   3.542E+02   8.682E+05
   3.577E+02   9.102E+05
   3.612E+02   9.518E+05
   3.648E+02   9.932E+05
   3.683E+02   1.036E+06
   3.718E+02   1.077E+06
   3.753E+02   1.117E+06
   3.788E+02   1.157E+06
   3.823E+02   1.196E+06
   3.858E+02   1.232E+06
   3.894E+02   1.272E+06
   3.929E+02   1.309E+06
   3.964E+02   1.345E+06
   3.999E+02   1.384E+06
   4.034E+02   1.420E+06
   4.069E+02   1.454E+06
   4.104E+02   1.490E+06
   4.140E+02   1.523E+06
   4.175E+02   1.556E+06
   4.210E+02   1.591E+06
   4.245E+02   1.624E+06
   4.280E+02   1.655E+06
   4.315E+02   1.687E+06
   4.350E+02   1.722E+06
   4.386E+02   1.752E+06
   4.421E+02   1.782E+06
   4.456E+02   1.814E+06
   4.491E+02   1.845E+06
   4.526E+02   1.872E+06
   4.561E+02   1.900E+06
   4.596E+02   1.932E+06
   4.631E+02   1.962E+06
   4.667E+02   1.988E+06
   4.702E+02   2.017E+06
   4.737E+02   2.042E+06
   4.772E+02   2.070E+06
   4.807E+02   2.095E+06
   4.842E+02   2.123E+06
   4.877E+02   2.148E+06
   4.913E+02   2.175E+06
   4.948E+02   2.202E+06
   4.983E+02   2.227E+06
   5.018E+02   2.249E+06
   5.053E+02   2.272E+06
   5.088E+02   2.295E+06
   5.123E+02   2.317E+06
   5.159E+02   2.342E+06
   5.194E+02   2.363E+06
   5.229E+02   2.388E+06
   5.264E+02   2.409E+06
   5.299E+02   2.432E+06
   5.334E+02   2.452E+06
   5.369E+02   2.474E+06
   5.405E+02   2.492E+06
   5.440E+02   2.513E+06
   5.475E+02   2.533E+06
   5.510E+02   2.552E+06
   5.545E+02   2.570E+06
   5.580E+02   2.588E+06
   5.615E+02   2.608E+06
   5.650E+02   2.625E+06
   5.686E+02   2.642E+06
   5.721E+02   2.658E+06
   5.756E+02   2.676E+06
   5.791E+02   2.692E+06
   5.826E+02   2.708E+06
   5.861E+02   2.719E+06
   5.896E+02   2.737E+06
   5.932E+02   2.748E+06
   5.967E+02   2.765E+06
   6.002E+02   2.774E+06
   6.037E+02   2.789E+06
   6.072E+02   2.802E+06
   6.107E+02   2.814E+06
   6.142E+02   2.824E+06
   6.178E+02   2.840E+06
   6.213E+02   2.849E+06
   6.248E+02   2.859E+06
   6.283E+02   2.869E+06
   6.318E+02   2.882E+06
   6.353E+02   2.887E+06
   6.388E+02   2.899E+06
   6.424E+02   2.909E+06
   6.459E+02   2.917E+06
   6.494E+02   2.926E+06
   6.529E+02   2.934E+06
   6.564E+02   2.939E+06
   6.599E+02   2.950E+06
   6.634E+02   2.956E+06
   6.669E+02   2.962E+06
   6.705E+02   2.967E+06
   6.740E+02   2.979E+06
   6.775E+02   2.980E+06
   6.810E+02   2.982E+06
   6.845E+02   2.991E+06
   6.880E+02   2.992E+06
   6.915E+02   2.997E+06
   6.951E+02   3.002E+06
   6.986E+02   3.004E+06
   7.021E+02   3.008E+06
   7.056E+02   3.010E+06
   7.091E+02   3.013E+06
   7.126E+02   3.018E+06
   7.161E+02   3.017E+06
   7.197E+02   3.024E+06
   7.232E+02   3.021E+06
   7.267E+02   3.021E+06
   7.302E+02   3.026E+06
   7.337E+02   3.021E+06
   7.372E+02   3.027E+06
   7.407E+02   3.024E+06
   7.443E+02   3.019E+06
   7.478E+02   3.020E+06
   7.513E+02   3.018E+06
   7.548E+02   3.021E+06
   7.583E+02   3.018E+06
   7.618E+02   3.015E+06
   7.653E+02   3.015E+06
   7.688E+02   3.012E+06
   7.724E+02   3.012E+06
   7.759E+02   3.007E+06
   7.794E+02   3.004E+06
   7.829E+02   3.000E+06
   7.864E+02   2.995E+06
   7.899E+02   2.993E+06
   7.934E+02   2.992E+06
   7.970E+02   2.986E+06
   8.005E+02   2.978E+06
   8.040E+02   2.978E+06
   8.075E+02   2.973E+06
   8.110E+02   2.966E+06
   8.145E+02   2.964E+06
   8.180E+02   2.957E+06
   8.216E+02   2.950E+06
   8.251E+02   2.945E+06
   8.286E+02   2.941E+06
   8.321E+02   2.933E+06
   8.356E+02   2.926E+06
   8.391E+02   2.920E+06
   8.426E+02   2.914E+06
   8.462E+02   2.909E+06
   8.497E+02   2.898E+06
   8.532E+02   2.892E+06
   8.567E+02   2.885E+06
   8.602E+02   2.878E+06
   8.637E+02   2.871E+06
   8.672E+02   2.861E+06
   8.707E+02   2.857E+06
   8.743E+02   2.850E+06
   8.778E+02   2.840E+06
   8.813E+02   2.830E+06
   8.848E+02   2.823E+06
   8.883E+02   2.814E+06
   8.918E+02   2.806E+06
   8.953E+02   2.796E+06
   8.989E+02   2.783E+06
   9.024E+02   2.778E+06
   9.059E+02   2.764E+06
   9.094E+02   2.756E+06
   9.129E+02   2.746E+06
   9.164E+02   2.738E+06
   9.199E+02   2.727E+06
   9.235E+02   2.717E+06
   9.270E+02   2.707E+06
   9.305E+02   2.694E+06
   9.340E+02   2.684E+06
   9.375E+02   2.674E+06
   9.410E+02   2.661E+06
   9.445E+02   2.653E+06
   9.481E+02   2.637E+06
   9.516E+02   2.628E+06
   9.551E+02   2.617E+06
   9.586E+02   2.604E+06
   9.621E+02   2.593E+06
   9.656E+02   2.578E+06
   9.691E+02   2.567E+06
   9.726E+02   2.556E+06
   9.762E+02   2.541E+06
   9.797E+02   2.528E+06
   9.832E+02   2.514E+06
   9.867E+02   2.501E+06
   9.902E+02   2.488E+06
   9.937E+02   2.473E+06
   9.972E+02   2.461E+06
   1.001E+03   2.447E+06
   1.004E+03   2.433E+06
   1.008E+03   2.421E+06
   1.011E+03   2.403E+06
   1.015E+03   2.390E+06
   1.018E+03   2.376E+06
   1.022E+03   2.362E+06
   1.025E+03   2.345E+06
   1.029E+03   2.332E+06
   1.032E+03   2.317E+06
   1.036E+03   2.302E+06
   1.039E+03   2.285E+06
   1.043E+03   2.272E+06
   1.046E+03   2.250E+06
   1.050E+03   2.235E+06
   1.053E+03   2.220E+06
   1.057E+03   2.204E+06
   1.060E+03   2.188E+06
   1.064E+03   2.170E+06
   1.068E+03   2.153E+06
   1.071E+03   2.136E+06
   1.075E+03   2.117E+06
   1.078E+03   2.101E+06
   1.082E+03   2.083E+06
   1.085E+03   2.067E+06
   1.089E+03   2.050E+06
   1.092E+03   2.031E+06
   1.096E+03   2.013E+06
   1.099E+03   1.996E+06
   1.103E+03   1.975E+06
   1.106E+03   1.954E+06
   1.110E+03   1.936E+06
   1.113E+03   1.918E+06
   1.117E+03   1.898E+06
   1.120E+03   1.880E+06
   1.124E+03   1.859E+06
   1.127E+03   1.839E+06
   1.131E+03   1.820E+06
   1.134E+03   1.798E+06
   1.138E+03   1.777E+06
   1.141E+03   1.757E+06
   1.145E+03   1.734E+06
   1.148E+03   1.714E+06
   1.152E+03   1.693E+06
   1.155E+03   1.672E+06
   1.159E+03   1.648E+06
   1.162E+03   1.625E+06
   1.166E+03   1.603E+06
   1.169E+03   1.581E+06
   1.173E+03   1.558E+06
   1.176E+03   1.535E+06
   1.180E+03   1.511E+06
   1.183E+03   1.487E+06
   1.187E+03   1.463E+06
   1.191E+03   1.439E+06
   1.194E+03   1.415E+06
   1.198E+03   1.392E+06
   1.201E+03   1.367E+06
   1.205E+03   1.341E+06
   1.208E+03   1.316E+06
   1.212E+03   1.290E+06
   1.215E+03   1.266E+06
   1.219E+03   1.241E+06
   1.222E+03   1.215E+06
   1.226E+03   1.189E+06
   1.229E+03   1.163E+06
   1.233E+03   1.137E+06
   1.236E+03   1.111E+06
   1.240E+03   1.085E+06
   1.243E+03   1.058E+06
   1.247E+03   1.032E+06
   1.250E+03   1.007E+06
   1.254E+03   9.816E+05
   1.257E+03   9.547E+05
   1.261E+03   9.279E+05
   1.264E+03   9.006E+05
   1.268E+03   8.724E+05
   1.271E+03   8.471E+05
   1.275E+03   8.208E+05
   1.278E+03   7.938E+05
   1.282E+03   7.665E+05
   1.285E+03   7.391E+05
   1.289E+03   7.119E+05
   1.292E+03   6.853E+05
   1.296E+03   6.591E+05
   1.299E+03   6.311E+05
   1.303E+03   6.040E+05
   1.306E+03   5.777E+05
   1.310E+03   5.514E+05
   1.313E+03   5.260E+05
   1.317E+03   5.004E+05
   1.321E+03   4.744E+05
   1.324E+03   4.492E+05
   1.328E+03   4.252E+05
   1.331E+03   4.011E+05
   1.335E+03   3.778E+05
   1.338E+03   3.549E+05
   1.342E+03   3.323E+05
   1.345E+03   3.112E+05
   1.349E+03   2.901E+05
   1.352E+03   2.689E+05
   1.356E+03   2.485E+05
   1.359E+03   2.290E+05
   1.363E+03   2.091E+05
   1.366E+03   1.901E+05
   1.370E+03   1.728E+05
   1.373E+03   1.562E+05
   1.377E+03   1.395E+05
   1.380E+03   1.234E+05
   1.384E+03   1.079E+05
   1.387E+03   9.380E+04
   1.391E+03   8.246E+04
   1.394E+03   7.307E+04
   1.398E+03   6.532E+04
   1.401E+03   5.657E+04
   1.405E+03   5.046E+04
   1.408E+03   4.773E+04
   1.412E+03   4.655E+04
   1.415E+03   4.711E+04
   1.419E+03   4.942E+04
   1.422E+03   5.845E+04
   1.426E+03   7.005E+04
   1.429E+03   8.269E+04
   1.433E+03   9.581E+04
   1.436E+03   1.085E+05
   1.440E+03   1.199E+05
   1.443E+03   1.293E+05
   1.447E+03   1.390E+05
   1.451E+03   1.481E+05
   1.454E+03   1.573E+05
   1.458E+03   1.665E+05
   1.461E+03   1.752E+05
   1.465E+03   1.830E+05
   1.468E+03   1.894E+05
   1.472E+03   1.957E+05
   1.475E+03   2.014E+05
   1.479E+03   2.068E+05
   1.482E+03   2.127E+05
   1.486E+03   2.171E+05
   1.489E+03   2.213E+05
   1.493E+03   2.252E+05
   1.496E+03   2.288E+05
   1.500E+03   2.319E+05
   1.503E+03   2.347E+05
   1.507E+03   2.373E+05
   1.510E+03   2.391E+05
   1.514E+03   2.407E+05
   1.517E+03   2.416E+05
   1.521E+03   2.423E+05
   1.524E+03   2.425E+05
   1.528E+03   2.438E+05
   1.531E+03   2.443E+05
   1.535E+03   2.451E+05
   1.538E+03   2.444E+05
   1.542E+03   2.441E+05
   1.545E+03   2.439E+05
   1.549E+03   2.429E+05
   1.552E+03   2.423E+05
   1.556E+03   2.412E+05
   1.559E+03   2.403E+05
   1.563E+03   2.392E+05
   1.566E+03   2.375E+05
   1.570E+03   2.356E+05
   1.574E+03   2.335E+05
   1.577E+03   2.311E+05
   1.581E+03   2.297E+05
   1.584E+03   2.274E+05
   1.588E+03   2.251E+05
   1.591E+03   2.222E+05
   1.595E+03   2.192E+05
   1.598E+03   2.151E+05
   1.602E+03   2.107E+05
   1.605E+03   2.073E+05
   1.609E+03   2.037E+05
   1.612E+03   2.000E+05
   1.616E+03   1.960E+05
   1.619E+03   1.916E+05
   1.623E+03   1.875E+05
   1.626E+03   1.833E+05
   1.630E+03   1.789E+05
   1.633E+03   1.745E+05
   1.637E+03   1.691E+05
   1.640E+03   1.647E+05
   1.644E+03   1.593E+05
   1.647E+03   1.558E+05
   1.651E+03   1.525E+05
   1.654E+03   1.510E+05
   1.658E+03   1.465E+05
   1.661E+03   1.439E+05
   1.665E+03   1.427E+05
   1.668E+03   1.383E+05
   1.672E+03   1.335E+05
   1.675E+03   1.297E+05
   1.679E+03   1.243E+05
   1.682E+03   1.178E+05
   1.686E+03   1.159E+05
   1.689E+03   1.166E+05
   1.693E+03   1.168E+05
   1.696E+03   1.096E+05
   1.700E+03   9.862E+04
