   2.980E+02   1.486E-01
   3.015E+02   7.690E+00
   3.050E+02   1.278E+01
   3.085E+02   1.772E+01
   3.121E+02   2.257E+01
   3.156E+02   2.727E+01
   3.191E+02   3.181E+01
   3.226E+02   3.623E+01
   3.261E+02   4.062E+01
   3.296E+02   4.482E+01
   3.331E+02   4.899E+01
   3.367E+02   5.316E+01
   3.402E+02   5.726E+01
   3.437E+02   6.124E+01
   3.472E+02   6.520E+01
   3.507E+02   6.909E+01
   3.542E+02   7.292E+01
   3.577E+02   7.665E+01
   3.612E+02   8.037E+01
   3.648E+02   8.407E+01
   3.683E+02   8.786E+01
   3.718E+02   9.152E+01
   3.753E+02   9.515E+01
   3.788E+02   9.870E+01
   3.823E+02   1.022E+02
   3.858E+02   1.055E+02
   3.894E+02   1.090E+02
   3.929E+02   1.124E+02
   3.964E+02   1.157E+02
   3.999E+02   1.191E+02
   4.034E+02   1.224E+02
   4.069E+02   1.256E+02
   4.104E+02   1.288E+02
   4.140E+02   1.318E+02
   4.175E+02   1.348E+02
   4.210E+02   1.380E+02
   4.245E+02   1.411E+02
   4.280E+02   1.439E+02
   4.315E+02   1.468E+02
   4.350E+02   1.500E+02
   4.386E+02   1.529E+02
   4.421E+02   1.556E+02
   4.456E+02   1.586E+02
   4.491E+02   1.615E+02
   4.526E+02   1.640E+02
   4.561E+02   1.667E+02
   4.596E+02   1.696E+02
   4.631E+02   1.724E+02
   4.667E+02   1.749E+02
   4.702E+02   1.777E+02
   4.737E+02   1.800E+02
   4.772E+02   1.828E+02
   4.807E+02   1.851E+02
   4.842E+02   1.878E+02
   4.877E+02   1.902E+02
   4.913E+02   1.928E+02
   4.948E+02   1.954E+02
   4.983E+02   1.979E+02
   5.018E+02   2.000E+02
   5.053E+02   2.023E+02
   5.088E+02   2.046E+02
   5.123E+02   2.068E+02
   5.159E+02   2.093E+02
   5.194E+02   2.114E+02
   5.229E+02   2.139E+02
   5.264E+02   2.160E+02
   5.299E+02   2.183E+02
   5.334E+02   2.205E+02
   5.369E+02   2.227E+02
   5.405E+02   2.246E+02
   5.440E+02   2.268E+02
   5.475E+02   2.288E+02
   5.510E+02   2.309E+02
   5.545E+02   2.328E+02
   5.580E+02   2.347E+02
   5.615E+02   2.369E+02
   5.650E+02   2.387E+02
   5.686E+02   2.406E+02
   5.721E+02   2.424E+02
   5.756E+02   2.444E+02
   5.791E+02   2.462E+02
   5.826E+02   2.480E+02
   5.861E+02   2.494E+02
   5.896E+02   2.514E+02
   5.932E+02   2.528E+02
   5.967E+02   2.547E+02
   6.002E+02   2.560E+02
   6.037E+02   2.578E+02
   6.072E+02   2.593E+02
   6.107E+02   2.608E+02
   6.142E+02   2.622E+02
   6.178E+02   2.641E+02
   6.213E+02   2.653E+02
   6.248E+02   2.667E+02
   6.283E+02   2.681E+02
   6.318E+02   2.698E+02
   6.353E+02   2.707E+02
   6.388E+02   2.722E+02
   6.424E+02   2.737E+02
   6.459E+02   2.748E+02
   6.494E+02   2.762E+02
   6.529E+02   2.775E+02
   6.564E+02   2.785E+02
   6.599E+02   2.800E+02
   6.634E+02   2.810E+02
   6.669E+02   2.821E+02
   6.705E+02   2.831E+02
   6.740E+02   2.848E+02
   6.775E+02   2.854E+02
   6.810E+02   2.860E+02
   6.845E+02   2.875E+02
   6.880E+02   2.881E+02
   6.915E+02   2.892E+02
   6.951E+02   2.901E+02
   6.986E+02   2.909E+02
   7.021E+02   2.919E+02
   7.056E+02   2.926E+02
   7.091E+02   2.936E+02
   7.126E+02   2.946E+02
   7.161E+02   2.951E+02
   7.197E+02   2.963E+02
   7.232E+02   2.967E+02
   7.267E+02   2.973E+02
   7.302E+02   2.984E+02
   7.337E+02   2.985E+02
   7.372E+02   2.998E+02
   7.407E+02   3.000E+02
   7.443E+02   3.001E+02
   7.478E+02   3.009E+02
   7.513E+02   3.013E+02
   7.548E+02   3.022E+02
   7.583E+02   3.025E+02
   7.618E+02   3.029E+02
   7.653E+02   3.036E+02
   7.688E+02   3.040E+02
   7.724E+02   3.046E+02
   7.759E+02   3.048E+02
   7.794E+02   3.051E+02
   7.829E+02   3.054E+02
   7.864E+02   3.055E+02
   7.899E+02   3.061E+02
   7.934E+02   3.066E+02
   7.970E+02   3.067E+02
   8.005E+02   3.066E+02
   8.040E+02   3.072E+02
   8.075E+02   3.074E+02
   8.110E+02   3.074E+02
   8.145E+02   3.080E+02
   8.180E+02   3.079E+02
   8.216E+02   3.078E+02
   8.251E+02   3.080E+02
   8.286E+02   3.084E+02
   8.321E+02   3.082E+02
   8.356E+02   3.082E+02
   8.391E+02   3.082E+02
   8.426E+02   3.084E+02
   8.462E+02   3.086E+02
   8.497E+02   3.081E+02
   8.532E+02   3.083E+02
   8.567E+02   3.082E+02
   8.602E+02   3.082E+02
   8.637E+02   3.083E+02
   8.672E+02   3.079E+02
   8.707E+02   3.082E+02
   8.743E+02   3.081E+02
   8.778E+02   3.077E+02
   8.813E+02   3.074E+02
   8.848E+02   3.074E+02
   8.883E+02   3.071E+02
   8.918E+02   3.070E+02
   8.953E+02   3.068E+02
   8.989E+02   3.059E+02
   9.024E+02   3.062E+02
   9.059E+02   3.053E+02
   9.094E+02   3.051E+02
   9.129E+02   3.049E+02
   9.164E+02   3.047E+02
   9.199E+02   3.041E+02
   9.235E+02   3.038E+02
   9.270E+02   3.034E+02
   9.305E+02   3.026E+02
   9.340E+02   3.022E+02
   9.375E+02   3.019E+02
   9.410E+02   3.010E+02
   9.445E+02   3.008E+02
   9.481E+02   2.998E+02
   9.516E+02   2.994E+02
   9.551E+02   2.989E+02
   9.586E+02   2.980E+02
   9.621E+02   2.975E+02
   9.656E+02   2.964E+02
   9.691E+02   2.958E+02
   9.726E+02   2.953E+02
   9.762E+02   2.941E+02
   9.797E+02   2.934E+02
   9.832E+02   2.923E+02
   9.867E+02   2.914E+02
   9.902E+02   2.905E+02
   9.937E+02   2.895E+02
   9.972E+02   2.887E+02
   1.001E+03   2.876E+02
   1.004E+03   2.865E+02
   1.008E+03   2.858E+02
   1.011E+03   2.842E+02
   1.015E+03   2.832E+02
   1.018E+03   2.821E+02
   1.022E+03   2.810E+02
   1.025E+03   2.796E+02
   1.029E+03   2.784E+02
   1.032E+03   2.772E+02
   1.036E+03   2.759E+02
   1.039E+03   2.744E+02
   1.043E+03   2.732E+02
   1.046E+03   2.711E+02
   1.050E+03   2.697E+02
   1.053E+03   2.683E+02
   1.057E+03   2.669E+02
   1.060E+03   2.653E+02
   1.064E+03   2.635E+02
   1.068E+03   2.620E+02
   1.071E+03   2.602E+02
   1.075E+03   2.581E+02
   1.078E+03   2.565E+02
   1.082E+03   2.547E+02
   1.085E+03   2.530E+02
   1.089E+03   2.513E+02
   1.092E+03   2.492E+02
   1.096E+03   2.473E+02
   1.099E+03   2.454E+02
   1.103E+03   2.431E+02
   1.106E+03   2.407E+02
   1.110E+03   2.386E+02
   1.113E+03   2.365E+02
   1.117E+03   2.343E+02
   1.120E+03   2.322E+02
   1.124E+03   2.298E+02
   1.127E+03   2.273E+02
   1.131E+03   2.251E+02
   1.134E+03   2.223E+02
   1.138E+03   2.198E+02
   1.141E+03   2.173E+02
   1.145E+03   2.145E+02
   1.148E+03   2.121E+02
   1.152E+03   2.094E+02
   1.155E+03   2.068E+02
   1.159E+03   2.037E+02
   1.162E+03   2.007E+02
   1.166E+03   1.979E+02
   1.169E+03   1.951E+02
   1.173E+03   1.922E+02
   1.176E+03   1.892E+02
   1.180E+03   1.860E+02
   1.183E+03   1.829E+02
   1.187E+03   1.797E+02
   1.191E+03   1.764E+02
   1.194E+03   1.733E+02
   1.198E+03   1.702E+02
   1.201E+03   1.668E+02
   1.205E+03   1.633E+02
   1.208E+03   1.601E+02
   1.212E+03   1.566E+02
   1.215E+03   1.534E+02
   1.219E+03   1.500E+02
   1.222E+03   1.465E+02
   1.226E+03   1.430E+02
   1.229E+03   1.395E+02
   1.233E+03   1.360E+02
   1.236E+03   1.325E+02
   1.240E+03   1.291E+02
   1.243E+03   1.254E+02
   1.247E+03   1.219E+02
   1.250E+03   1.185E+02
   1.254E+03   1.151E+02
   1.257E+03   1.116E+02
   1.261E+03   1.080E+02
   1.264E+03   1.044E+02
   1.268E+03   1.007E+02
   1.271E+03   9.741E+01
   1.275E+03   9.398E+01
   1.278E+03   9.046E+01
   1.282E+03   8.693E+01
   1.285E+03   8.343E+01
   1.289E+03   7.997E+01
   1.292E+03   7.660E+01
   1.296E+03   7.330E+01
   1.299E+03   6.983E+01
   1.303E+03   6.647E+01
   1.306E+03   6.325E+01
   1.310E+03   6.002E+01
   1.313E+03   5.695E+01
   1.317E+03   5.386E+01
   1.321E+03   5.076E+01
   1.324E+03   4.778E+01
   1.328E+03   4.497E+01
   1.331E+03   4.217E+01
   1.335E+03   3.950E+01
   1.338E+03   3.688E+01
   1.342E+03   3.433E+01
   1.345E+03   3.196E+01
   1.349E+03   2.963E+01
   1.352E+03   2.730E+01
   1.356E+03   2.510E+01
   1.359E+03   2.300E+01
   1.363E+03   2.089E+01
   1.366E+03   1.889E+01
   1.370E+03   1.709E+01
   1.373E+03   1.537E+01
   1.377E+03   1.366E+01
   1.380E+03   1.204E+01
   1.384E+03   1.048E+01
   1.387E+03   9.076E+00
   1.391E+03   7.954E+00
   1.394E+03   7.028E+00
   1.398E+03   6.267E+00
   1.401E+03   5.417E+00
   1.405E+03   4.824E+00
   1.408E+03   4.555E+00
   1.412E+03   4.438E+00
   1.415E+03   4.486E+00
   1.419E+03   4.702E+00
   1.422E+03   5.562E+00
   1.426E+03   6.669E+00
   1.429E+03   7.875E+00
   1.433E+03   9.122E+00
   1.436E+03   1.032E+01
   1.440E+03   1.139E+01
   1.443E+03   1.226E+01
   1.447E+03   1.315E+01
   1.451E+03   1.398E+01
   1.454E+03   1.481E+01
   1.458E+03   1.563E+01
   1.461E+03   1.640E+01
   1.465E+03   1.707E+01
   1.468E+03   1.762E+01
   1.472E+03   1.815E+01
   1.475E+03   1.861E+01
   1.479E+03   1.904E+01
   1.482E+03   1.951E+01
   1.486E+03   1.985E+01
   1.489E+03   2.015E+01
   1.493E+03   2.042E+01
   1.496E+03   2.068E+01
   1.500E+03   2.087E+01
   1.503E+03   2.104E+01
   1.507E+03   2.120E+01
   1.510E+03   2.129E+01
   1.514E+03   2.135E+01
   1.517E+03   2.136E+01
   1.521E+03   2.135E+01
   1.524E+03   2.130E+01
   1.528E+03   2.135E+01
   1.531E+03   2.132E+01
   1.535E+03   2.132E+01
   1.538E+03   2.119E+01
   1.542E+03   2.110E+01
   1.545E+03   2.098E+01
   1.549E+03   2.085E+01
   1.552E+03   2.074E+01
   1.556E+03   2.059E+01
   1.559E+03   2.046E+01
   1.563E+03   2.031E+01
   1.566E+03   2.013E+01
   1.570E+03   1.993E+01
   1.574E+03   1.972E+01
   1.577E+03   1.952E+01
   1.581E+03   1.936E+01
   1.584E+03   1.915E+01
   1.588E+03   1.893E+01
   1.591E+03   1.868E+01
   1.595E+03   1.843E+01
   1.598E+03   1.811E+01
   1.602E+03   1.777E+01
   1.605E+03   1.746E+01
   1.609E+03   1.718E+01
   1.612E+03   1.690E+01
   1.616E+03   1.661E+01
   1.619E+03   1.628E+01
   1.623E+03   1.597E+01
   1.626E+03   1.565E+01
   1.630E+03   1.533E+01
   1.633E+03   1.497E+01
   1.637E+03   1.462E+01
   1.640E+03   1.436E+01
   1.644E+03   1.398E+01
   1.647E+03   1.368E+01
   1.651E+03   1.344E+01
   1.654E+03   1.324E+01
   1.658E+03   1.291E+01
   1.661E+03   1.269E+01
   1.665E+03   1.239E+01
   1.668E+03   1.202E+01
   1.672E+03   1.168E+01
   1.675E+03   1.136E+01
   1.679E+03   1.086E+01
   1.682E+03   1.062E+01
   1.686E+03   1.056E+01
   1.689E+03   1.072E+01
   1.693E+03   1.083E+01
   1.696E+03   1.054E+01
   1.700E+03   9.807E+00
