   2.980E+02   3.240E+01
   3.015E+02   1.060E+00
   3.050E+02   1.522E+00
   3.085E+02   2.063E+00
   3.121E+02   2.647E+00
   3.156E+02   3.235E+00
   3.191E+02   3.812E+00
   3.226E+02   4.376E+00
   3.261E+02   4.933E+00
   3.296E+02   5.464E+00
   3.331E+02   5.988E+00
   3.367E+02   6.502E+00
   3.402E+02   7.010E+00
   3.437E+02   7.486E+00
   3.472E+02   7.957E+00
   3.507E+02   8.418E+00
   3.542E+02   8.853E+00
   3.577E+02   9.282E+00
   3.612E+02   9.696E+00
   3.648E+02   1.009E+01
   3.683E+02   1.050E+01
   3.718E+02   1.089E+01
   3.753E+02   1.127E+01
   3.788E+02   1.161E+01
   3.823E+02   1.194E+01
   3.858E+02   1.225E+01
   3.894E+02   1.261E+01
   3.929E+02   1.289E+01
   3.964E+02   1.318E+01
   3.999E+02   1.349E+01
   4.034E+02   1.376E+01
   4.069E+02   1.400E+01
   4.104E+02   1.426E+01
   4.140E+02   1.447E+01
   4.175E+02   1.470E+01
   4.210E+02   1.494E+01
   4.245E+02   1.514E+01
   4.280E+02   1.531E+01
   4.315E+02   1.549E+01
   4.350E+02   1.571E+01
   4.386E+02   1.587E+01
   4.421E+02   1.603E+01
   4.456E+02   1.618E+01
   4.491E+02   1.633E+01
   4.526E+02   1.644E+01
   4.561E+02   1.656E+01
   4.596E+02   1.672E+01
   4.631E+02   1.682E+01
   4.667E+02   1.691E+01
   4.702E+02   1.702E+01
   4.737E+02   1.709E+01
   4.772E+02   1.718E+01
   4.807E+02   1.724E+01
   4.842E+02   1.733E+01
   4.877E+02   1.737E+01
   4.913E+02   1.746E+01
   4.948E+02   1.750E+01
   4.983E+02   1.756E+01
   5.018E+02   1.755E+01
   5.053E+02   1.760E+01
   5.088E+02   1.763E+01
   5.123E+02   1.761E+01
   5.159E+02   1.766E+01
   5.194E+02   1.765E+01
   5.229E+02   1.770E+01
   5.264E+02   1.767E+01
   5.299E+02   1.768E+01
   5.334E+02   1.766E+01
   5.369E+02   1.766E+01
   5.405E+02   1.762E+01
   5.440E+02   1.760E+01
   5.475E+02   1.758E+01
   5.510E+02   1.755E+01
   5.545E+02   1.753E+01
   5.580E+02   1.744E+01
   5.615E+02   1.742E+01
   5.650E+02   1.737E+01
   5.686E+02   1.732E+01
   5.721E+02   1.728E+01
   5.756E+02   1.722E+01
   5.791E+02   1.714E+01
   5.826E+02   1.709E+01
   5.861E+02   1.700E+01
   5.896E+02   1.697E+01
   5.932E+02   1.685E+01
   5.967E+02   1.682E+01
   6.002E+02   1.670E+01
   6.037E+02   1.665E+01
   6.072E+02   1.655E+01
   6.107E+02   1.645E+01
   6.142E+02   1.638E+01
   6.178E+02   1.630E+01
   6.213E+02   1.619E+01
   6.248E+02   1.611E+01
   6.283E+02   1.602E+01
   6.318E+02   1.591E+01
   6.353E+02   1.581E+01
   6.388E+02   1.572E+01
   6.424E+02   1.565E+01
   6.459E+02   1.554E+01
   6.494E+02   1.544E+01
   6.529E+02   1.534E+01
   6.564E+02   1.522E+01
   6.599E+02   1.514E+01
   6.634E+02   1.503E+01
   6.669E+02   1.493E+01
   6.705E+02   1.485E+01
   6.740E+02   1.476E+01
   6.775E+02   1.465E+01
   6.810E+02   1.456E+01
   6.845E+02   1.444E+01
   6.880E+02   1.434E+01
   6.915E+02   1.424E+01
   6.951E+02   1.417E+01
   6.986E+02   1.406E+01
   7.021E+02   1.399E+01
   7.056E+02   1.387E+01
   7.091E+02   1.380E+01
   7.126E+02   1.371E+01
   7.161E+02   1.362E+01
   7.197E+02   1.355E+01
   7.232E+02   1.347E+01
   7.267E+02   1.341E+01
   7.302E+02   1.333E+01
   7.337E+02   1.325E+01
   7.372E+02   1.319E+01
   7.407E+02   1.313E+01
   7.443E+02   1.307E+01
   7.478E+02   1.303E+01
   7.513E+02   1.296E+01
   7.548E+02   1.291E+01
   7.583E+02   1.286E+01
   7.618E+02   1.285E+01
   7.653E+02   1.281E+01
   7.688E+02   1.278E+01
   7.724E+02   1.275E+01
   7.759E+02   1.272E+01
   7.794E+02   1.273E+01
   7.829E+02   1.272E+01
   7.864E+02   1.269E+01
   7.899E+02   1.271E+01
   7.934E+02   1.276E+01
   7.970E+02   1.273E+01
   8.005E+02   1.276E+01
   8.040E+02   1.279E+01
   8.075E+02   1.282E+01
   8.110E+02   1.286E+01
   8.145E+02   1.290E+01
   8.180E+02   1.295E+01
   8.216E+02   1.305E+01
   8.251E+02   1.310E+01
   8.286E+02   1.318E+01
   8.321E+02   1.325E+01
   8.356E+02   1.334E+01
   8.391E+02   1.342E+01
   8.426E+02   1.354E+01
   8.462E+02   1.366E+01
   8.497E+02   1.376E+01
   8.532E+02   1.385E+01
   8.567E+02   1.399E+01
   8.602E+02   1.412E+01
   8.637E+02   1.426E+01
   8.672E+02   1.440E+01
   8.707E+02   1.457E+01
   8.743E+02   1.468E+01
   8.778E+02   1.486E+01
   8.813E+02   1.502E+01
   8.848E+02   1.519E+01
   8.883E+02   1.535E+01
   8.918E+02   1.554E+01
   8.953E+02   1.573E+01
   8.989E+02   1.586E+01
   9.024E+02   1.608E+01
   9.059E+02   1.625E+01
   9.094E+02   1.646E+01
   9.129E+02   1.667E+01
   9.164E+02   1.686E+01
   9.199E+02   1.704E+01
   9.235E+02   1.727E+01
   9.270E+02   1.749E+01
   9.305E+02   1.767E+01
   9.340E+02   1.793E+01
   9.375E+02   1.811E+01
   9.410E+02   1.830E+01
   9.445E+02   1.856E+01
   9.481E+02   1.875E+01
   9.516E+02   1.900E+01
   9.551E+02   1.924E+01
   9.586E+02   1.944E+01
   9.621E+02   1.967E+01
   9.656E+02   1.987E+01
   9.691E+02   2.011E+01
   9.726E+02   2.036E+01
   9.762E+02   2.055E+01
   9.797E+02   2.080E+01
   9.832E+02   2.101E+01
   9.867E+02   2.125E+01
   9.902E+02   2.146E+01
   9.937E+02   2.166E+01
   9.972E+02   2.190E+01
   1.001E+03   2.213E+01
   1.004E+03   2.235E+01
   1.008E+03   2.263E+01
   1.011E+03   2.278E+01
   1.015E+03   2.301E+01
   1.018E+03   2.322E+01
   1.022E+03   2.344E+01
   1.025E+03   2.362E+01
   1.029E+03   2.383E+01
   1.032E+03   2.404E+01
   1.036E+03   2.425E+01
   1.039E+03   2.446E+01
   1.043E+03   2.465E+01
   1.046E+03   2.478E+01
   1.050E+03   2.497E+01
   1.053E+03   2.514E+01
   1.057E+03   2.536E+01
   1.060E+03   2.553E+01
   1.064E+03   2.567E+01
   1.068E+03   2.585E+01
   1.071E+03   2.600E+01
   1.075E+03   2.609E+01
   1.078E+03   2.628E+01
   1.082E+03   2.642E+01
   1.085E+03   2.656E+01
   1.089E+03   2.671E+01
   1.092E+03   2.682E+01
   1.096E+03   2.692E+01
   1.099E+03   2.706E+01
   1.103E+03   2.713E+01
   1.106E+03   2.716E+01
   1.110E+03   2.727E+01
   1.113E+03   2.736E+01
   1.117E+03   2.742E+01
   1.120E+03   2.752E+01
   1.124E+03   2.755E+01
   1.127E+03   2.756E+01
   1.131E+03   2.763E+01
   1.134E+03   2.761E+01
   1.138E+03   2.763E+01
   1.141E+03   2.764E+01
   1.145E+03   2.761E+01
   1.148E+03   2.762E+01
   1.152E+03   2.758E+01
   1.155E+03   2.756E+01
   1.159E+03   2.746E+01
   1.162E+03   2.739E+01
   1.166E+03   2.732E+01
   1.169E+03   2.724E+01
   1.173E+03   2.717E+01
   1.176E+03   2.704E+01
   1.180E+03   2.691E+01
   1.183E+03   2.678E+01
   1.187E+03   2.663E+01
   1.191E+03   2.645E+01
   1.194E+03   2.630E+01
   1.198E+03   2.612E+01
   1.201E+03   2.593E+01
   1.205E+03   2.566E+01
   1.208E+03   2.545E+01
   1.212E+03   2.522E+01
   1.215E+03   2.498E+01
   1.219E+03   2.473E+01
   1.222E+03   2.443E+01
   1.226E+03   2.416E+01
   1.229E+03   2.385E+01
   1.233E+03   2.355E+01
   1.236E+03   2.321E+01
   1.240E+03   2.289E+01
   1.243E+03   2.253E+01
   1.247E+03   2.217E+01
   1.250E+03   2.183E+01
   1.254E+03   2.146E+01
   1.257E+03   2.107E+01
   1.261E+03   2.066E+01
   1.264E+03   2.025E+01
   1.268E+03   1.979E+01
   1.271E+03   1.939E+01
   1.275E+03   1.895E+01
   1.278E+03   1.849E+01
   1.282E+03   1.802E+01
   1.285E+03   1.753E+01
   1.289E+03   1.705E+01
   1.292E+03   1.656E+01
   1.296E+03   1.608E+01
   1.299E+03   1.553E+01
   1.303E+03   1.501E+01
   1.306E+03   1.449E+01
   1.310E+03   1.397E+01
   1.313E+03   1.345E+01
   1.317E+03   1.292E+01
   1.321E+03   1.238E+01
   1.324E+03   1.184E+01
   1.328E+03   1.133E+01
   1.331E+03   1.080E+01
   1.335E+03   1.029E+01
   1.338E+03   9.771E+00
   1.342E+03   9.263E+00
   1.345E+03   8.781E+00
   1.349E+03   8.291E+00
   1.352E+03   7.789E+00
   1.356E+03   7.302E+00
   1.359E+03   6.822E+00
   1.363E+03   6.323E+00
   1.366E+03   5.843E+00
   1.370E+03   5.402E+00
   1.373E+03   4.966E+00
   1.377E+03   4.522E+00
   1.380E+03   4.084E+00
   1.384E+03   3.651E+00
   1.387E+03   3.247E+00
   1.391E+03   2.926E+00
   1.394E+03   2.649E+00
   1.398E+03   2.413E+00
   1.401E+03   2.135E+00
   1.405E+03   1.933E+00
   1.408E+03   1.848E+00
   1.412E+03   1.807E+00
   1.415E+03   1.815E+00
   1.419E+03   1.879E+00
   1.422E+03   2.171E+00
   1.426E+03   2.543E+00
   1.429E+03   2.939E+00
   1.433E+03   3.343E+00
   1.436E+03   3.725E+00
   1.440E+03   4.061E+00
   1.443E+03   4.343E+00
   1.447E+03   4.629E+00
   1.451E+03   4.893E+00
   1.454E+03   5.158E+00
   1.458E+03   5.418E+00
   1.461E+03   5.664E+00
   1.465E+03   5.881E+00
   1.468E+03   6.066E+00
   1.472E+03   6.241E+00
   1.475E+03   6.401E+00
   1.479E+03   6.557E+00
   1.482E+03   6.721E+00
   1.486E+03   6.854E+00
   1.489E+03   6.974E+00
   1.493E+03   7.085E+00
   1.496E+03   7.190E+00
   1.500E+03   7.274E+00
   1.503E+03   7.359E+00
   1.507E+03   7.438E+00
   1.510E+03   7.503E+00
   1.514E+03   7.571E+00
   1.517E+03   7.615E+00
   1.521E+03   7.650E+00
   1.524E+03   7.683E+00
   1.528E+03   7.731E+00
   1.531E+03   7.750E+00
   1.535E+03   7.779E+00
   1.538E+03   7.764E+00
   1.542E+03   7.763E+00
   1.545E+03   7.756E+00
   1.549E+03   7.739E+00
   1.552E+03   7.743E+00
   1.556E+03   7.734E+00
   1.559E+03   7.725E+00
   1.563E+03   7.715E+00
   1.566E+03   7.683E+00
   1.570E+03   7.652E+00
   1.574E+03   7.609E+00
   1.577E+03   7.556E+00
   1.581E+03   7.511E+00
   1.584E+03   7.466E+00
   1.588E+03   7.401E+00
   1.591E+03   7.334E+00
   1.595E+03   7.274E+00
   1.598E+03   7.198E+00
   1.602E+03   7.100E+00
   1.605E+03   7.001E+00
   1.609E+03   6.922E+00
   1.612E+03   6.859E+00
   1.616E+03   6.788E+00
   1.619E+03   6.708E+00
   1.623E+03   6.632E+00
   1.626E+03   6.543E+00
   1.630E+03   6.437E+00
   1.633E+03   6.318E+00
   1.637E+03   6.205E+00
   1.640E+03   6.094E+00
   1.644E+03   5.976E+00
   1.647E+03   5.831E+00
   1.651E+03   5.726E+00
   1.654E+03   5.568E+00
   1.658E+03   5.439E+00
   1.661E+03   5.341E+00
   1.665E+03   5.154E+00
   1.668E+03   4.971E+00
   1.672E+03   4.836E+00
   1.675E+03   4.775E+00
   1.679E+03   4.671E+00
   1.682E+03   4.557E+00
   1.686E+03   4.647E+00
   1.689E+03   4.682E+00
   1.693E+03   4.625E+00
   1.696E+03   4.531E+00
   1.700E+03   4.022E+00
