   2.980E+02   9.888E-06
   3.015E+02   3.746E-04
   3.050E+02   7.280E-04
   3.085E+02   1.180E-03
   3.121E+02   1.733E-03
   3.156E+02   2.416E-03
   3.191E+02   3.190E-03
   3.226E+02   4.073E-03
   3.261E+02   5.133E-03
   3.296E+02   6.261E-03
   3.331E+02   7.574E-03
   3.367E+02   9.055E-03
   3.402E+02   1.071E-02
   3.437E+02   1.249E-02
   3.472E+02   1.438E-02
   3.507E+02   1.649E-02
   3.542E+02   1.885E-02
   3.577E+02   2.135E-02
   3.612E+02   2.396E-02
   3.648E+02   2.683E-02
   3.683E+02   3.000E-02
   3.718E+02   3.339E-02
   3.753E+02   3.692E-02
   3.788E+02   4.078E-02
   3.823E+02   4.479E-02
   3.858E+02   4.893E-02
   3.894E+02   5.375E-02
   3.929E+02   5.834E-02
   3.964E+02   6.328E-02
   3.999E+02   6.900E-02
   4.034E+02   7.453E-02
   4.069E+02   8.030E-02
   4.104E+02   8.664E-02
   4.140E+02   9.285E-02
   4.175E+02   9.962E-02
   4.210E+02   1.069E-01
   4.245E+02   1.144E-01
   4.280E+02   1.218E-01
   4.315E+02   1.297E-01
   4.350E+02   1.388E-01
   4.386E+02   1.471E-01
   4.421E+02   1.563E-01
   4.456E+02   1.660E-01
   4.491E+02   1.759E-01
   4.526E+02   1.853E-01
   4.561E+02   1.960E-01
   4.596E+02   2.079E-01
   4.631E+02   2.199E-01
   4.667E+02   2.309E-01
   4.702E+02   2.436E-01
   4.737E+02   2.558E-01
   4.772E+02   2.688E-01
   4.807E+02   2.821E-01
   4.842E+02   2.971E-01
   4.877E+02   3.108E-01
   4.913E+02   3.265E-01
   4.948E+02   3.431E-01
   4.983E+02   3.584E-01
   5.018E+02   3.735E-01
   5.053E+02   3.915E-01
   5.088E+02   4.083E-01
   5.123E+02   4.254E-01
   5.159E+02   4.455E-01
   5.194E+02   4.639E-01
   5.229E+02   4.855E-01
   5.264E+02   5.048E-01
   5.299E+02   5.260E-01
   5.334E+02   5.469E-01
   5.369E+02   5.699E-01
   5.405E+02   5.906E-01
   5.440E+02   6.147E-01
   5.475E+02   6.385E-01
   5.510E+02   6.637E-01
   5.545E+02   6.888E-01
   5.580E+02   7.134E-01
   5.615E+02   7.411E-01
   5.650E+02   7.673E-01
   5.686E+02   7.945E-01
   5.721E+02   8.233E-01
   5.756E+02   8.533E-01
   5.791E+02   8.829E-01
   5.826E+02   9.150E-01
   5.861E+02   9.436E-01
   5.896E+02   9.785E-01
   5.932E+02   1.007E+00
   5.967E+02   1.044E+00
   6.002E+02   1.075E+00
   6.037E+02   1.112E+00
   6.072E+02   1.147E+00
   6.107E+02   1.183E+00
   6.142E+02   1.220E+00
   6.178E+02   1.263E+00
   6.213E+02   1.299E+00
   6.248E+02   1.338E+00
   6.283E+02   1.378E+00
   6.318E+02   1.423E+00
   6.353E+02   1.461E+00
   6.388E+02   1.507E+00
   6.424E+02   1.552E+00
   6.459E+02   1.596E+00
   6.494E+02   1.642E+00
   6.529E+02   1.690E+00
   6.564E+02   1.737E+00
   6.599E+02   1.789E+00
   6.634E+02   1.838E+00
   6.669E+02   1.888E+00
   6.705E+02   1.938E+00
   6.740E+02   1.998E+00
   6.775E+02   2.046E+00
   6.810E+02   2.097E+00
   6.845E+02   2.158E+00
   6.880E+02   2.212E+00
   6.915E+02   2.269E+00
   6.951E+02   2.328E+00
   6.986E+02   2.386E+00
   7.021E+02   2.450E+00
   7.056E+02   2.509E+00
   7.091E+02   2.573E+00
   7.126E+02   2.638E+00
   7.161E+02   2.700E+00
   7.197E+02   2.772E+00
   7.232E+02   2.832E+00
   7.267E+02   2.899E+00
   7.302E+02   2.977E+00
   7.337E+02   3.036E+00
   7.372E+02   3.116E+00
   7.407E+02   3.185E+00
   7.443E+02   3.249E+00
   7.478E+02   3.326E+00
   7.513E+02   3.398E+00
   7.548E+02   3.478E+00
   7.583E+02   3.553E+00
   7.618E+02   3.632E+00
   7.653E+02   3.713E+00
   7.688E+02   3.791E+00
   7.724E+02   3.877E+00
   7.759E+02   3.953E+00
   7.794E+02   4.035E+00
   7.829E+02   4.118E+00
   7.864E+02   4.197E+00
   7.899E+02   4.287E+00
   7.934E+02   4.376E+00
   7.970E+02   4.463E+00
   8.005E+02   4.542E+00
   8.040E+02   4.639E+00
   8.075E+02   4.727E+00
   8.110E+02   4.813E+00
   8.145E+02   4.912E+00
   8.180E+02   5.000E+00
   8.216E+02   5.086E+00
   8.251E+02   5.183E+00
   8.286E+02   5.281E+00
   8.321E+02   5.368E+00
   8.356E+02   5.464E+00
   8.391E+02   5.556E+00
   8.426E+02   5.655E+00
   8.462E+02   5.754E+00
   8.497E+02   5.842E+00
   8.532E+02   5.942E+00
   8.567E+02   6.038E+00
   8.602E+02   6.137E+00
   8.637E+02   6.237E+00
   8.672E+02   6.329E+00
   8.707E+02   6.439E+00
   8.743E+02   6.536E+00
   8.778E+02   6.629E+00
   8.813E+02   6.722E+00
   8.848E+02   6.825E+00
   8.883E+02   6.922E+00
   8.918E+02   7.024E+00
   8.953E+02   7.118E+00
   8.989E+02   7.202E+00
   9.024E+02   7.313E+00
   9.059E+02   7.396E+00
   9.094E+02   7.494E+00
   9.129E+02   7.592E+00
   9.164E+02   7.691E+00
   9.199E+02   7.780E+00
   9.235E+02   7.876E+00
   9.270E+02   7.967E+00
   9.305E+02   8.051E+00
   9.340E+02   8.143E+00
   9.375E+02   8.238E+00
   9.410E+02   8.314E+00
   9.445E+02   8.414E+00
   9.481E+02   8.484E+00
   9.516E+02   8.571E+00
   9.551E+02   8.660E+00
   9.586E+02   8.734E+00
   9.621E+02   8.816E+00
   9.656E+02   8.885E+00
   9.691E+02   8.963E+00
   9.726E+02   9.043E+00
   9.762E+02   9.098E+00
   9.797E+02   9.174E+00
   9.832E+02   9.234E+00
   9.867E+02   9.296E+00
   9.902E+02   9.360E+00
   9.937E+02   9.417E+00
   9.972E+02   9.479E+00
   1.001E+03   9.530E+00
   1.004E+03   9.579E+00
   1.008E+03   9.640E+00
   1.011E+03   9.668E+00
   1.015E+03   9.718E+00
   1.018E+03   9.761E+00
   1.022E+03   9.802E+00
   1.025E+03   9.828E+00
   1.029E+03   9.861E+00
   1.032E+03   9.891E+00
   1.036E+03   9.919E+00
   1.039E+03   9.934E+00
   1.043E+03   9.959E+00
   1.046E+03   9.946E+00
   1.050E+03   9.961E+00
   1.053E+03   9.970E+00
   1.057E+03   9.976E+00
   1.060E+03   9.977E+00
   1.064E+03   9.965E+00
   1.068E+03   9.960E+00
   1.071E+03   9.943E+00
   1.075E+03   9.912E+00
   1.078E+03   9.899E+00
   1.082E+03   9.872E+00
   1.085E+03   9.853E+00
   1.089E+03   9.823E+00
   1.092E+03   9.781E+00
   1.096E+03   9.741E+00
   1.099E+03   9.699E+00
   1.103E+03   9.639E+00
   1.106E+03   9.571E+00
   1.110E+03   9.512E+00
   1.113E+03   9.455E+00
   1.117E+03   9.385E+00
   1.120E+03   9.320E+00
   1.124E+03   9.240E+00
   1.127E+03   9.153E+00
   1.131E+03   9.075E+00
   1.134E+03   8.976E+00
   1.138E+03   8.879E+00
   1.141E+03   8.782E+00
   1.145E+03   8.670E+00
   1.148E+03   8.573E+00
   1.152E+03   8.461E+00
   1.155E+03   8.348E+00
   1.159E+03   8.218E+00
   1.162E+03   8.089E+00
   1.166E+03   7.963E+00
   1.169E+03   7.834E+00
   1.173E+03   7.700E+00
   1.176E+03   7.568E+00
   1.180E+03   7.414E+00
   1.183E+03   7.273E+00
   1.187E+03   7.118E+00
   1.191E+03   6.963E+00
   1.194E+03   6.812E+00
   1.198E+03   6.664E+00
   1.201E+03   6.500E+00
   1.205E+03   6.333E+00
   1.208E+03   6.173E+00
   1.212E+03   6.001E+00
   1.215E+03   5.848E+00
   1.219E+03   5.681E+00
   1.222E+03   5.515E+00
   1.226E+03   5.346E+00
   1.229E+03   5.175E+00
   1.233E+03   5.008E+00
   1.236E+03   4.837E+00
   1.240E+03   4.677E+00
   1.243E+03   4.503E+00
   1.247E+03   4.333E+00
   1.250E+03   4.179E+00
   1.254E+03   4.020E+00
   1.257E+03   3.853E+00
   1.261E+03   3.694E+00
   1.264E+03   3.536E+00
   1.268E+03   3.369E+00
   1.271E+03   3.224E+00
   1.275E+03   3.074E+00
   1.278E+03   2.922E+00
   1.282E+03   2.773E+00
   1.285E+03   2.627E+00
   1.289E+03   2.485E+00
   1.292E+03   2.349E+00
   1.296E+03   2.216E+00
   1.299E+03   2.082E+00
   1.303E+03   1.954E+00
   1.306E+03   1.833E+00
   1.310E+03   1.712E+00
   1.313E+03   1.599E+00
   1.317E+03   1.487E+00
   1.321E+03   1.378E+00
   1.324E+03   1.274E+00
   1.328E+03   1.179E+00
   1.331E+03   1.085E+00
   1.335E+03   9.973E-01
   1.338E+03   9.126E-01
   1.342E+03   8.324E-01
   1.345E+03   7.586E-01
   1.349E+03   6.887E-01
   1.352E+03   6.195E-01
   1.356E+03   5.558E-01
   1.359E+03   4.965E-01
   1.363E+03   4.394E-01
   1.366E+03   3.863E-01
   1.370E+03   3.393E-01
   1.373E+03   2.958E-01
   1.377E+03   2.542E-01
   1.380E+03   2.158E-01
   1.384E+03   1.807E-01
   1.387E+03   1.499E-01
   1.391E+03   1.259E-01
   1.394E+03   1.067E-01
   1.398E+03   9.165E-02
   1.401E+03   7.637E-02
   1.405E+03   6.612E-02
   1.408E+03   6.193E-02
   1.412E+03   6.100E-02
   1.415E+03   6.366E-02
   1.419E+03   7.033E-02
   1.422E+03   8.917E-02
   1.426E+03   1.150E-01
   1.429E+03   1.458E-01
   1.433E+03   1.806E-01
   1.436E+03   2.172E-01
   1.440E+03   2.535E-01
   1.443E+03   2.878E-01
   1.447E+03   3.254E-01
   1.451E+03   3.639E-01
   1.454E+03   4.048E-01
   1.458E+03   4.478E-01
   1.461E+03   4.915E-01
   1.465E+03   5.346E-01
   1.468E+03   5.766E-01
   1.472E+03   6.198E-01
   1.475E+03   6.634E-01
   1.479E+03   7.071E-01
   1.482E+03   7.531E-01
   1.486E+03   7.960E-01
   1.489E+03   8.392E-01
   1.493E+03   8.815E-01
   1.496E+03   9.265E-01
   1.500E+03   9.687E-01
   1.503E+03   1.012E+00
   1.507E+03   1.056E+00
   1.510E+03   1.100E+00
   1.514E+03   1.144E+00
   1.517E+03   1.185E+00
   1.521E+03   1.224E+00
   1.524E+03   1.262E+00
   1.528E+03   1.305E+00
   1.531E+03   1.347E+00
   1.535E+03   1.388E+00
   1.538E+03   1.420E+00
   1.542E+03   1.453E+00
   1.545E+03   1.483E+00
   1.549E+03   1.516E+00
   1.552E+03   1.552E+00
   1.556E+03   1.584E+00
   1.559E+03   1.614E+00
   1.563E+03   1.646E+00
   1.566E+03   1.674E+00
   1.570E+03   1.699E+00
   1.574E+03   1.723E+00
   1.577E+03   1.743E+00
   1.581E+03   1.760E+00
   1.584E+03   1.771E+00
   1.588E+03   1.783E+00
   1.591E+03   1.792E+00
   1.595E+03   1.807E+00
   1.598E+03   1.815E+00
   1.602E+03   1.811E+00
   1.605E+03   1.807E+00
   1.609E+03   1.809E+00
   1.612E+03   1.811E+00
   1.616E+03   1.811E+00
   1.619E+03   1.805E+00
   1.623E+03   1.799E+00
   1.626E+03   1.790E+00
   1.630E+03   1.773E+00
   1.633E+03   1.759E+00
   1.637E+03   1.743E+00
   1.640E+03   1.732E+00
   1.644E+03   1.717E+00
   1.647E+03   1.695E+00
   1.651E+03   1.669E+00
   1.654E+03   1.642E+00
   1.658E+03   1.622E+00
   1.661E+03   1.601E+00
   1.665E+03   1.569E+00
   1.668E+03   1.549E+00
   1.672E+03   1.521E+00
   1.675E+03   1.493E+00
   1.679E+03   1.480E+00
   1.682E+03   1.464E+00
   1.686E+03   1.498E+00
   1.689E+03   1.512E+00
   1.693E+03   1.544E+00
   1.696E+03   1.530E+00
   1.700E+03   1.307E+00
