   0.000E+00   5.147E-01
   2.882E-05   6.083E-02
   5.764E-05   4.667E-02
   8.647E-05   3.952E-02
   1.153E-04   3.542E-02
   1.441E-04   3.231E-02
   1.729E-04   2.994E-02
   2.018E-04   2.811E-02
   2.306E-04   2.649E-02
   2.594E-04   2.509E-02
   2.882E-04   2.368E-02
   3.170E-04   2.242E-02
   3.459E-04   2.122E-02
   3.747E-04   2.009E-02
   4.035E-04   1.898E-02
   4.323E-04   1.795E-02
   4.612E-04   1.698E-02
   4.900E-04   1.599E-02
   5.188E-04   1.498E-02
   5.476E-04   1.405E-02
   5.764E-04   1.319E-02
   6.053E-04   1.238E-02
   6.341E-04   1.165E-02
   6.629E-04   1.098E-02
   6.917E-04   1.038E-02
   7.206E-04   9.841E-03
   7.494E-04   9.359E-03
   7.782E-04   8.903E-03
   8.070E-04   8.510E-03
   8.358E-04   8.139E-03
   8.647E-04   7.818E-03
   8.935E-04   7.531E-03
   9.223E-04   7.256E-03
   9.511E-04   7.015E-03
   9.799E-04   6.809E-03
   1.009E-03   6.599E-03
   1.038E-03   6.423E-03
   1.066E-03   6.257E-03
   1.095E-03   6.101E-03
   1.124E-03   5.975E-03
   1.153E-03   5.841E-03
   1.182E-03   5.727E-03
   1.211E-03   5.616E-03
   1.239E-03   5.520E-03
   1.268E-03   5.426E-03
   1.297E-03   5.340E-03
   1.326E-03   5.259E-03
   1.355E-03   5.185E-03
   1.383E-03   5.119E-03
   1.412E-03   5.061E-03
   1.441E-03   4.997E-03
   1.470E-03   4.941E-03
   1.499E-03   4.880E-03
   1.528E-03   4.822E-03
   1.556E-03   4.776E-03
   1.585E-03   4.724E-03
   1.614E-03   4.676E-03
   1.643E-03   4.636E-03
   1.672E-03   4.598E-03
   1.701E-03   4.564E-03
   1.729E-03   4.530E-03
   1.758E-03   4.482E-03
   1.787E-03   4.459E-03
   1.816E-03   4.432E-03
   1.845E-03   4.397E-03
   1.873E-03   4.368E-03
   1.902E-03   4.345E-03
   1.931E-03   4.321E-03
   1.960E-03   4.293E-03
   1.989E-03   4.271E-03
   2.018E-03   4.255E-03
   2.046E-03   4.233E-03
   2.075E-03   4.219E-03
   2.104E-03   4.188E-03
   2.133E-03   4.171E-03
   2.162E-03   4.157E-03
   2.190E-03   4.144E-03
   2.219E-03   4.126E-03
   2.248E-03   4.108E-03
   2.277E-03   4.090E-03
   2.306E-03   4.074E-03
   2.335E-03   4.057E-03
   2.363E-03   4.045E-03
   2.392E-03   4.041E-03
   2.421E-03   4.016E-03
   2.450E-03   4.012E-03
   2.479E-03   4.004E-03
   2.508E-03   3.990E-03
   2.536E-03   3.979E-03
   2.565E-03   3.968E-03
   2.594E-03   3.966E-03
   2.623E-03   3.958E-03
   2.652E-03   3.950E-03
   2.680E-03   3.937E-03
   2.709E-03   3.929E-03
   2.738E-03   3.921E-03
   2.767E-03   3.914E-03
   2.796E-03   3.904E-03
   2.825E-03   3.904E-03
   2.853E-03   3.894E-03
   2.882E-03   3.899E-03
   2.911E-03   3.894E-03
   2.940E-03   3.895E-03
   2.969E-03   3.882E-03
   2.997E-03   3.886E-03
   3.026E-03   3.876E-03
   3.055E-03   3.879E-03
   3.084E-03   3.889E-03
   3.113E-03   3.883E-03
   3.142E-03   3.875E-03
   3.170E-03   3.875E-03
   3.199E-03   3.880E-03
   3.228E-03   3.885E-03
   3.257E-03   3.885E-03
   3.286E-03   3.874E-03
   3.315E-03   3.883E-03
   3.343E-03   3.877E-03
   3.372E-03   3.881E-03
   3.401E-03   3.891E-03
   3.430E-03   3.890E-03
   3.459E-03   3.887E-03
   3.487E-03   3.896E-03
   3.516E-03   3.893E-03
   3.545E-03   3.892E-03
   3.574E-03   3.896E-03
   3.603E-03   3.898E-03
   3.632E-03   3.903E-03
   3.660E-03   3.908E-03
   3.689E-03   3.916E-03
   3.718E-03   3.924E-03
   3.747E-03   3.924E-03
   3.776E-03   3.921E-03
   3.805E-03   3.924E-03
   3.833E-03   3.937E-03
   3.862E-03   3.944E-03
   3.891E-03   3.939E-03
   3.920E-03   3.954E-03
   3.949E-03   3.955E-03
   3.977E-03   3.954E-03
   4.006E-03   3.970E-03
   4.035E-03   3.980E-03
   4.064E-03   3.983E-03
   4.093E-03   3.981E-03
   4.122E-03   3.990E-03
   4.150E-03   3.993E-03
   4.179E-03   3.995E-03
   4.208E-03   3.999E-03
   4.237E-03   4.019E-03
   4.266E-03   4.019E-03
   4.294E-03   4.023E-03
   4.323E-03   4.039E-03
   4.352E-03   4.041E-03
   4.381E-03   4.062E-03
   4.410E-03   4.060E-03
   4.439E-03   4.059E-03
   4.467E-03   4.090E-03
   4.496E-03   4.089E-03
   4.525E-03   4.102E-03
   4.554E-03   4.111E-03
   4.583E-03   4.129E-03
   4.612E-03   4.130E-03
   4.640E-03   4.142E-03
   4.669E-03   4.151E-03
   4.698E-03   4.166E-03
   4.727E-03   4.169E-03
   4.756E-03   4.198E-03
   4.784E-03   4.199E-03
   4.813E-03   4.213E-03
   4.842E-03   4.226E-03
   4.871E-03   4.225E-03
   4.900E-03   4.235E-03
   4.929E-03   4.255E-03
   4.957E-03   4.270E-03
   4.986E-03   4.281E-03
   5.015E-03   4.301E-03
   5.044E-03   4.309E-03
   5.073E-03   4.323E-03
   5.102E-03   4.336E-03
   5.130E-03   4.352E-03
   5.159E-03   4.378E-03
   5.188E-03   4.394E-03
   5.217E-03   4.390E-03
   5.246E-03   4.419E-03
   5.274E-03   4.440E-03
   5.303E-03   4.458E-03
   5.332E-03   4.464E-03
   5.361E-03   4.476E-03
   5.390E-03   4.486E-03
   5.419E-03   4.488E-03
   5.447E-03   4.533E-03
   5.476E-03   4.550E-03
   5.505E-03   4.555E-03
   5.534E-03   4.583E-03
   5.563E-03   4.583E-03
   5.591E-03   4.608E-03
   5.620E-03   4.633E-03
   5.649E-03   4.646E-03
   5.678E-03   4.667E-03
   5.707E-03   4.687E-03
   5.736E-03   4.708E-03
   5.764E-03   4.732E-03
   5.793E-03   4.739E-03
   5.822E-03   4.778E-03
   5.851E-03   4.790E-03
   5.880E-03   4.812E-03
   5.909E-03   4.839E-03
   5.937E-03   4.850E-03
   5.966E-03   4.872E-03
   5.995E-03   4.908E-03
   6.024E-03   4.933E-03
   6.053E-03   4.956E-03
   6.081E-03   4.973E-03
   6.110E-03   5.019E-03
   6.139E-03   5.045E-03
   6.168E-03   5.062E-03
   6.197E-03   5.105E-03
   6.226E-03   5.107E-03
   6.254E-03   5.158E-03
   6.283E-03   5.197E-03
   6.312E-03   5.225E-03
   6.341E-03   5.224E-03
   6.370E-03   5.271E-03
   6.398E-03   5.308E-03
   6.427E-03   5.334E-03
   6.456E-03   5.349E-03
   6.485E-03   5.399E-03
   6.514E-03   5.425E-03
   6.543E-03   5.476E-03
   6.571E-03   5.493E-03
   6.600E-03   5.535E-03
   6.629E-03   5.551E-03
   6.658E-03   5.595E-03
   6.687E-03   5.625E-03
   6.716E-03   5.646E-03
   6.744E-03   5.694E-03
   6.773E-03   5.756E-03
   6.802E-03   5.800E-03
   6.831E-03   5.822E-03
   6.860E-03   5.871E-03
   6.888E-03   5.903E-03
   6.917E-03   5.942E-03
   6.946E-03   5.969E-03
   6.975E-03   6.033E-03
   7.004E-03   6.060E-03
   7.033E-03   6.122E-03
   7.061E-03   6.152E-03
   7.090E-03   6.219E-03
   7.119E-03   6.274E-03
   7.148E-03   6.327E-03
   7.177E-03   6.354E-03
   7.206E-03   6.393E-03
   7.234E-03   6.440E-03
   7.263E-03   6.512E-03
   7.292E-03   6.570E-03
   7.321E-03   6.606E-03
   7.350E-03   6.671E-03
   7.378E-03   6.744E-03
   7.407E-03   6.787E-03
   7.436E-03   6.844E-03
   7.465E-03   6.934E-03
   7.494E-03   6.983E-03
   7.523E-03   7.013E-03
   7.551E-03   7.087E-03
   7.580E-03   7.174E-03
   7.609E-03   7.225E-03
   7.638E-03   7.278E-03
   7.667E-03   7.338E-03
   7.695E-03   7.406E-03
   7.724E-03   7.482E-03
   7.753E-03   7.538E-03
   7.782E-03   7.627E-03
   7.811E-03   7.659E-03
   7.840E-03   7.810E-03
   7.868E-03   7.855E-03
   7.897E-03   7.937E-03
   7.926E-03   8.016E-03
   7.955E-03   8.127E-03
   7.984E-03   8.210E-03
   8.013E-03   8.272E-03
   8.041E-03   8.399E-03
   8.070E-03   8.458E-03
   8.099E-03   8.562E-03
   8.128E-03   8.666E-03
   8.157E-03   8.768E-03
   8.185E-03   8.869E-03
   8.214E-03   8.959E-03
   8.243E-03   9.045E-03
   8.272E-03   9.133E-03
   8.301E-03   9.265E-03
   8.330E-03   9.366E-03
   8.358E-03   9.503E-03
   8.387E-03   9.613E-03
   8.416E-03   9.740E-03
   8.445E-03   9.841E-03
   8.474E-03   9.964E-03
   8.503E-03   1.005E-02
   8.531E-03   1.022E-02
   8.560E-03   1.037E-02
   8.589E-03   1.053E-02
   8.618E-03   1.064E-02
   8.647E-03   1.078E-02
   8.675E-03   1.095E-02
   8.704E-03   1.110E-02
   8.733E-03   1.122E-02
   8.762E-03   1.141E-02
   8.791E-03   1.160E-02
   8.820E-03   1.176E-02
   8.848E-03   1.191E-02
   8.877E-03   1.206E-02
   8.906E-03   1.230E-02
   8.935E-03   1.245E-02
   8.964E-03   1.265E-02
   8.992E-03   1.283E-02
   9.021E-03   1.306E-02
   9.050E-03   1.321E-02
   9.079E-03   1.351E-02
   9.108E-03   1.367E-02
   9.137E-03   1.390E-02
   9.165E-03   1.414E-02
   9.194E-03   1.442E-02
   9.223E-03   1.460E-02
   9.252E-03   1.488E-02
   9.281E-03   1.520E-02
   9.310E-03   1.547E-02
   9.338E-03   1.579E-02
   9.367E-03   1.607E-02
   9.396E-03   1.638E-02
   9.425E-03   1.668E-02
   9.454E-03   1.710E-02
   9.482E-03   1.738E-02
   9.511E-03   1.770E-02
   9.540E-03   1.814E-02
   9.569E-03   1.848E-02
   9.598E-03   1.893E-02
   9.627E-03   1.932E-02
   9.655E-03   1.974E-02
   9.684E-03   2.028E-02
   9.713E-03   2.081E-02
   9.742E-03   2.121E-02
   9.771E-03   2.177E-02
   9.799E-03   2.226E-02
   9.828E-03   2.288E-02
   9.857E-03   2.360E-02
   9.886E-03   2.420E-02
   9.915E-03   2.492E-02
   9.944E-03   2.554E-02
   9.972E-03   2.628E-02
   1.000E-02   2.697E-02
   1.003E-02   2.781E-02
   1.006E-02   2.868E-02
   1.009E-02   2.945E-02
   1.012E-02   3.037E-02
   1.015E-02   3.141E-02
   1.017E-02   3.234E-02
   1.020E-02   3.325E-02
   1.023E-02   3.439E-02
   1.026E-02   3.555E-02
   1.029E-02   3.694E-02
   1.032E-02   3.829E-02
   1.035E-02   3.986E-02
   1.038E-02   4.143E-02
   1.040E-02   4.287E-02
   1.043E-02   4.485E-02
   1.046E-02   4.666E-02
   1.049E-02   4.883E-02
   1.052E-02   5.107E-02
   1.055E-02   5.384E-02
   1.058E-02   5.624E-02
   1.061E-02   5.942E-02
   1.064E-02   6.301E-02
   1.066E-02   6.683E-02
   1.069E-02   7.056E-02
   1.072E-02   7.544E-02
   1.075E-02   8.041E-02
   1.078E-02   8.586E-02
   1.081E-02   9.146E-02
   1.084E-02   9.878E-02
   1.087E-02   1.053E-01
   1.089E-02   1.142E-01
   1.092E-02   1.222E-01
   1.095E-02   1.329E-01
   1.098E-02   1.442E-01
   1.101E-02   1.559E-01
   1.104E-02   1.693E-01
   1.107E-02   1.840E-01
   1.110E-02   2.001E-01
   1.113E-02   2.184E-01
   1.115E-02   2.401E-01
   1.118E-02   2.620E-01
   1.121E-02   2.883E-01
   1.124E-02   3.170E-01
   1.127E-02   3.469E-01
   1.130E-02   3.844E-01
   1.133E-02   4.318E-01
   1.136E-02   4.956E-01
   1.138E-02   5.826E-01
   1.141E-02   7.150E-01
   1.144E-02   9.292E-01
   1.147E-02   1.330E+00
   1.150E-02   9.628E+05
