   0.000E+00   7.058E-01
   2.882E-05   8.130E-02
   5.764E-05   6.256E-02
   8.647E-05   5.328E-02
   1.153E-04   4.796E-02
   1.441E-04   4.386E-02
   1.729E-04   4.057E-02
   2.018E-04   3.794E-02
   2.306E-04   3.561E-02
   2.594E-04   3.339E-02
   2.882E-04   3.135E-02
   3.170E-04   2.949E-02
   3.459E-04   2.778E-02
   3.747E-04   2.606E-02
   4.035E-04   2.447E-02
   4.323E-04   2.301E-02
   4.612E-04   2.160E-02
   4.900E-04   2.017E-02
   5.188E-04   1.878E-02
   5.476E-04   1.753E-02
   5.764E-04   1.638E-02
   6.053E-04   1.531E-02
   6.341E-04   1.437E-02
   6.629E-04   1.351E-02
   6.917E-04   1.272E-02
   7.206E-04   1.202E-02
   7.494E-04   1.138E-02
   7.782E-04   1.080E-02
   8.070E-04   1.028E-02
   8.358E-04   9.811E-03
   8.647E-04   9.398E-03
   8.935E-04   9.021E-03
   9.223E-04   8.667E-03
   9.511E-04   8.356E-03
   9.799E-04   8.089E-03
   1.009E-03   7.819E-03
   1.038E-03   7.593E-03
   1.066E-03   7.374E-03
   1.095E-03   7.171E-03
   1.124E-03   7.003E-03
   1.153E-03   6.829E-03
   1.182E-03   6.679E-03
   1.211E-03   6.531E-03
   1.239E-03   6.405E-03
   1.268E-03   6.280E-03
   1.297E-03   6.164E-03
   1.326E-03   6.054E-03
   1.355E-03   5.955E-03
   1.383E-03   5.864E-03
   1.412E-03   5.782E-03
   1.441E-03   5.696E-03
   1.470E-03   5.617E-03
   1.499E-03   5.537E-03
   1.528E-03   5.456E-03
   1.556E-03   5.393E-03
   1.585E-03   5.322E-03
   1.614E-03   5.253E-03
   1.643E-03   5.196E-03
   1.672E-03   5.143E-03
   1.701E-03   5.088E-03
   1.729E-03   5.039E-03
   1.758E-03   4.979E-03
   1.787E-03   4.940E-03
   1.816E-03   4.899E-03
   1.845E-03   4.849E-03
   1.873E-03   4.808E-03
   1.902E-03   4.770E-03
   1.931E-03   4.732E-03
   1.960E-03   4.693E-03
   1.989E-03   4.658E-03
   2.018E-03   4.631E-03
   2.046E-03   4.595E-03
   2.075E-03   4.568E-03
   2.104E-03   4.530E-03
   2.133E-03   4.504E-03
   2.162E-03   4.478E-03
   2.190E-03   4.450E-03
   2.219E-03   4.424E-03
   2.248E-03   4.398E-03
   2.277E-03   4.369E-03
   2.306E-03   4.345E-03
   2.335E-03   4.317E-03
   2.363E-03   4.294E-03
   2.392E-03   4.281E-03
   2.421E-03   4.249E-03
   2.450E-03   4.235E-03
   2.479E-03   4.216E-03
   2.508E-03   4.194E-03
   2.536E-03   4.176E-03
   2.565E-03   4.158E-03
   2.594E-03   4.144E-03
   2.623E-03   4.130E-03
   2.652E-03   4.111E-03
   2.680E-03   4.090E-03
   2.709E-03   4.077E-03
   2.738E-03   4.060E-03
   2.767E-03   4.045E-03
   2.796E-03   4.030E-03
   2.825E-03   4.021E-03
   2.853E-03   4.003E-03
   2.882E-03   4.001E-03
   2.911E-03   3.988E-03
   2.940E-03   3.983E-03
   2.969E-03   3.964E-03
   2.997E-03   3.960E-03
   3.026E-03   3.942E-03
   3.055E-03   3.940E-03
   3.084E-03   3.940E-03
   3.113E-03   3.927E-03
   3.142E-03   3.915E-03
   3.170E-03   3.907E-03
   3.199E-03   3.906E-03
   3.228E-03   3.902E-03
   3.257E-03   3.897E-03
   3.286E-03   3.882E-03
   3.315E-03   3.881E-03
   3.343E-03   3.871E-03
   3.372E-03   3.868E-03
   3.401E-03   3.868E-03
   3.430E-03   3.860E-03
   3.459E-03   3.854E-03
   3.487E-03   3.856E-03
   3.516E-03   3.845E-03
   3.545E-03   3.840E-03
   3.574E-03   3.839E-03
   3.603E-03   3.833E-03
   3.632E-03   3.834E-03
   3.660E-03   3.829E-03
   3.689E-03   3.830E-03
   3.718E-03   3.834E-03
   3.747E-03   3.827E-03
   3.776E-03   3.821E-03
   3.805E-03   3.818E-03
   3.833E-03   3.824E-03
   3.862E-03   3.822E-03
   3.891E-03   3.815E-03
   3.920E-03   3.821E-03
   3.949E-03   3.818E-03
   3.977E-03   3.810E-03
   4.006E-03   3.823E-03
   4.035E-03   3.819E-03
   4.064E-03   3.820E-03
   4.093E-03   3.816E-03
   4.122E-03   3.818E-03
   4.150E-03   3.813E-03
   4.179E-03   3.811E-03
   4.208E-03   3.811E-03
   4.237E-03   3.819E-03
   4.266E-03   3.819E-03
   4.294E-03   3.816E-03
   4.323E-03   3.825E-03
   4.352E-03   3.822E-03
   4.381E-03   3.836E-03
   4.410E-03   3.830E-03
   4.439E-03   3.822E-03
   4.467E-03   3.842E-03
   4.496E-03   3.842E-03
   4.525E-03   3.844E-03
   4.554E-03   3.849E-03
   4.583E-03   3.862E-03
   4.612E-03   3.858E-03
   4.640E-03   3.861E-03
   4.669E-03   3.867E-03
   4.698E-03   3.877E-03
   4.727E-03   3.873E-03
   4.756E-03   3.892E-03
   4.784E-03   3.892E-03
   4.813E-03   3.899E-03
   4.842E-03   3.906E-03
   4.871E-03   3.900E-03
   4.900E-03   3.906E-03
   4.929E-03   3.916E-03
   4.957E-03   3.925E-03
   4.986E-03   3.930E-03
   5.015E-03   3.946E-03
   5.044E-03   3.947E-03
   5.073E-03   3.952E-03
   5.102E-03   3.962E-03
   5.130E-03   3.973E-03
   5.159E-03   3.988E-03
   5.188E-03   3.997E-03
   5.217E-03   3.994E-03
   5.246E-03   4.016E-03
   5.274E-03   4.028E-03
   5.303E-03   4.038E-03
   5.332E-03   4.042E-03
   5.361E-03   4.047E-03
   5.390E-03   4.052E-03
   5.419E-03   4.049E-03
   5.447E-03   4.084E-03
   5.476E-03   4.097E-03
   5.505E-03   4.097E-03
   5.534E-03   4.116E-03
   5.563E-03   4.113E-03
   5.591E-03   4.129E-03
   5.620E-03   4.151E-03
   5.649E-03   4.148E-03
   5.678E-03   4.169E-03
   5.707E-03   4.181E-03
   5.736E-03   4.197E-03
   5.764E-03   4.211E-03
   5.793E-03   4.214E-03
   5.822E-03   4.240E-03
   5.851E-03   4.254E-03
   5.880E-03   4.256E-03
   5.909E-03   4.277E-03
   5.937E-03   4.286E-03
   5.966E-03   4.302E-03
   5.995E-03   4.324E-03
   6.024E-03   4.345E-03
   6.053E-03   4.360E-03
   6.081E-03   4.368E-03
   6.110E-03   4.397E-03
   6.139E-03   4.413E-03
   6.168E-03   4.429E-03
   6.197E-03   4.463E-03
   6.226E-03   4.469E-03
   6.254E-03   4.494E-03
   6.283E-03   4.536E-03
   6.312E-03   4.549E-03
   6.341E-03   4.543E-03
   6.370E-03   4.576E-03
   6.398E-03   4.602E-03
   6.427E-03   4.622E-03
   6.456E-03   4.632E-03
   6.485E-03   4.670E-03
   6.514E-03   4.686E-03
   6.543E-03   4.727E-03
   6.571E-03   4.742E-03
   6.600E-03   4.764E-03
   6.629E-03   4.775E-03
   6.658E-03   4.808E-03
   6.687E-03   4.837E-03
   6.716E-03   4.850E-03
   6.744E-03   4.879E-03
   6.773E-03   4.921E-03
   6.802E-03   4.952E-03
   6.831E-03   4.980E-03
   6.860E-03   5.014E-03
   6.888E-03   5.038E-03
   6.917E-03   5.062E-03
   6.946E-03   5.089E-03
   6.975E-03   5.120E-03
   7.004E-03   5.157E-03
   7.033E-03   5.195E-03
   7.061E-03   5.220E-03
   7.090E-03   5.264E-03
   7.119E-03   5.302E-03
   7.148E-03   5.348E-03
   7.177E-03   5.366E-03
   7.206E-03   5.393E-03
   7.234E-03   5.428E-03
   7.263E-03   5.487E-03
   7.292E-03   5.530E-03
   7.321E-03   5.547E-03
   7.350E-03   5.598E-03
   7.378E-03   5.647E-03
   7.407E-03   5.678E-03
   7.436E-03   5.730E-03
   7.465E-03   5.777E-03
   7.494E-03   5.836E-03
   7.523E-03   5.856E-03
   7.551E-03   5.911E-03
   7.580E-03   5.966E-03
   7.609E-03   6.010E-03
   7.638E-03   6.036E-03
   7.667E-03   6.092E-03
   7.695E-03   6.142E-03
   7.724E-03   6.191E-03
   7.753E-03   6.231E-03
   7.782E-03   6.300E-03
   7.811E-03   6.327E-03
   7.840E-03   6.432E-03
   7.868E-03   6.475E-03
   7.897E-03   6.525E-03
   7.926E-03   6.578E-03
   7.955E-03   6.659E-03
   7.984E-03   6.715E-03
   8.013E-03   6.773E-03
   8.041E-03   6.862E-03
   8.070E-03   6.914E-03
   8.099E-03   7.003E-03
   8.128E-03   7.078E-03
   8.157E-03   7.153E-03
   8.185E-03   7.215E-03
   8.214E-03   7.285E-03
   8.243E-03   7.345E-03
   8.272E-03   7.423E-03
   8.301E-03   7.510E-03
   8.330E-03   7.587E-03
   8.358E-03   7.685E-03
   8.387E-03   7.756E-03
   8.416E-03   7.844E-03
   8.445E-03   7.937E-03
   8.474E-03   8.016E-03
   8.503E-03   8.078E-03
   8.531E-03   8.209E-03
   8.560E-03   8.331E-03
   8.589E-03   8.426E-03
   8.618E-03   8.507E-03
   8.647E-03   8.604E-03
   8.675E-03   8.744E-03
   8.704E-03   8.847E-03
   8.733E-03   8.956E-03
   8.762E-03   9.081E-03
   8.791E-03   9.205E-03
   8.820E-03   9.333E-03
   8.848E-03   9.459E-03
   8.877E-03   9.548E-03
   8.906E-03   9.711E-03
   8.935E-03   9.832E-03
   8.964E-03   9.961E-03
   8.992E-03   1.010E-02
   9.021E-03   1.025E-02
   9.050E-03   1.038E-02
   9.079E-03   1.056E-02
   9.108E-03   1.069E-02
   9.137E-03   1.083E-02
   9.165E-03   1.102E-02
   9.194E-03   1.120E-02
   9.223E-03   1.134E-02
   9.252E-03   1.155E-02
   9.281E-03   1.174E-02
   9.310E-03   1.195E-02
   9.338E-03   1.217E-02
   9.367E-03   1.236E-02
   9.396E-03   1.256E-02
   9.425E-03   1.282E-02
   9.454E-03   1.303E-02
   9.482E-03   1.327E-02
   9.511E-03   1.350E-02
   9.540E-03   1.378E-02
   9.569E-03   1.403E-02
   9.598E-03   1.434E-02
   9.627E-03   1.459E-02
   9.655E-03   1.490E-02
   9.684E-03   1.524E-02
   9.713E-03   1.561E-02
   9.742E-03   1.590E-02
   9.771E-03   1.624E-02
   9.799E-03   1.661E-02
   9.828E-03   1.702E-02
   9.857E-03   1.750E-02
   9.886E-03   1.792E-02
   9.915E-03   1.841E-02
   9.944E-03   1.879E-02
   9.972E-03   1.932E-02
   1.000E-02   1.976E-02
   1.003E-02   2.030E-02
   1.006E-02   2.084E-02
   1.009E-02   2.142E-02
   1.012E-02   2.200E-02
   1.015E-02   2.268E-02
   1.017E-02   2.327E-02
   1.020E-02   2.391E-02
   1.023E-02   2.461E-02
   1.026E-02   2.548E-02
   1.029E-02   2.624E-02
   1.032E-02   2.712E-02
   1.035E-02   2.813E-02
   1.038E-02   2.908E-02
   1.040E-02   3.028E-02
   1.043E-02   3.135E-02
   1.046E-02   3.253E-02
   1.049E-02   3.389E-02
   1.052E-02   3.545E-02
   1.055E-02   3.695E-02
   1.058E-02   3.878E-02
   1.061E-02   4.061E-02
   1.064E-02   4.283E-02
   1.066E-02   4.519E-02
   1.069E-02   4.776E-02
   1.072E-02   5.091E-02
   1.075E-02   5.454E-02
   1.078E-02   5.760E-02
   1.081E-02   6.243E-02
   1.084E-02   6.762E-02
   1.087E-02   7.314E-02
   1.089E-02   8.026E-02
   1.092E-02   8.787E-02
   1.095E-02   1.010E-01
   1.098E-02   1.106E-01
   1.101E-02   1.242E-01
   1.104E-02   1.443E-01
   1.107E-02   1.742E-01
   1.110E-02   1.979E-01
   1.113E-02   2.445E-01
   1.115E-02   3.111E-01
   1.118E-02   3.979E-01
   1.121E-02   5.465E-01
   1.124E-02   7.572E-01
   1.127E-02   1.028E+00
   1.130E-02   1.598E+00
   1.133E-02   2.585E+00
   1.136E-02   4.563E+00
   1.138E-02   8.567E+00
   1.141E-02   1.685E+01
   1.144E-02   3.679E+01
   1.147E-02   1.214E+02
   1.150E-02   1.847E+42
