   2.980E+02   9.901E+00
   3.015E+02   5.661E+00
   3.050E+02   9.456E+00
   3.085E+02   1.319E+01
   3.121E+02   1.690E+01
   3.156E+02   2.054E+01
   3.191E+02   2.409E+01
   3.226E+02   2.759E+01
   3.261E+02   3.108E+01
   3.296E+02   3.445E+01
   3.331E+02   3.783E+01
   3.367E+02   4.123E+01
   3.402E+02   4.458E+01
   3.437E+02   4.788E+01
   3.472E+02   5.116E+01
   3.507E+02   5.440E+01
   3.542E+02   5.762E+01
   3.577E+02   6.076E+01
   3.612E+02   6.392E+01
   3.648E+02   6.707E+01
   3.683E+02   7.030E+01
   3.718E+02   7.344E+01
   3.753E+02   7.656E+01
   3.788E+02   7.965E+01
   3.823E+02   8.268E+01
   3.858E+02   8.559E+01
   3.894E+02   8.867E+01
   3.929E+02   9.165E+01
   3.964E+02   9.452E+01
   3.999E+02   9.757E+01
   4.034E+02   1.005E+02
   4.069E+02   1.033E+02
   4.104E+02   1.062E+02
   4.140E+02   1.089E+02
   4.175E+02   1.116E+02
   4.210E+02   1.145E+02
   4.245E+02   1.173E+02
   4.280E+02   1.199E+02
   4.315E+02   1.225E+02
   4.350E+02   1.254E+02
   4.386E+02   1.280E+02
   4.421E+02   1.305E+02
   4.456E+02   1.333E+02
   4.491E+02   1.359E+02
   4.526E+02   1.383E+02
   4.561E+02   1.408E+02
   4.596E+02   1.435E+02
   4.631E+02   1.461E+02
   4.667E+02   1.485E+02
   4.702E+02   1.510E+02
   4.737E+02   1.533E+02
   4.772E+02   1.558E+02
   4.807E+02   1.580E+02
   4.842E+02   1.606E+02
   4.877E+02   1.628E+02
   4.913E+02   1.653E+02
   4.948E+02   1.678E+02
   4.983E+02   1.701E+02
   5.018E+02   1.722E+02
   5.053E+02   1.743E+02
   5.088E+02   1.766E+02
   5.123E+02   1.787E+02
   5.159E+02   1.811E+02
   5.194E+02   1.831E+02
   5.229E+02   1.855E+02
   5.264E+02   1.876E+02
   5.299E+02   1.898E+02
   5.334E+02   1.919E+02
   5.369E+02   1.940E+02
   5.405E+02   1.959E+02
   5.440E+02   1.981E+02
   5.475E+02   2.001E+02
   5.510E+02   2.021E+02
   5.545E+02   2.040E+02
   5.580E+02   2.060E+02
   5.615E+02   2.080E+02
   5.650E+02   2.099E+02
   5.686E+02   2.119E+02
   5.721E+02   2.136E+02
   5.756E+02   2.156E+02
   5.791E+02   2.175E+02
   5.826E+02   2.193E+02
   5.861E+02   2.208E+02
   5.896E+02   2.228E+02
   5.932E+02   2.242E+02
   5.967E+02   2.262E+02
   6.002E+02   2.276E+02
   6.037E+02   2.294E+02
   6.072E+02   2.311E+02
   6.107E+02   2.327E+02
   6.142E+02   2.341E+02
   6.178E+02   2.361E+02
   6.213E+02   2.374E+02
   6.248E+02   2.390E+02
   6.283E+02   2.405E+02
   6.318E+02   2.422E+02
   6.353E+02   2.434E+02
   6.388E+02   2.450E+02
   6.424E+02   2.465E+02
   6.459E+02   2.479E+02
   6.494E+02   2.494E+02
   6.529E+02   2.509E+02
   6.564E+02   2.520E+02
   6.599E+02   2.537E+02
   6.634E+02   2.549E+02
   6.669E+02   2.562E+02
   6.705E+02   2.574E+02
   6.740E+02   2.593E+02
   6.775E+02   2.601E+02
   6.810E+02   2.610E+02
   6.845E+02   2.627E+02
   6.880E+02   2.635E+02
   6.915E+02   2.648E+02
   6.951E+02   2.660E+02
   6.986E+02   2.671E+02
   7.021E+02   2.683E+02
   7.056E+02   2.693E+02
   7.091E+02   2.705E+02
   7.126E+02   2.718E+02
   7.161E+02   2.726E+02
   7.197E+02   2.741E+02
   7.232E+02   2.749E+02
   7.267E+02   2.757E+02
   7.302E+02   2.771E+02
   7.337E+02   2.775E+02
   7.372E+02   2.791E+02
   7.407E+02   2.797E+02
   7.443E+02   2.802E+02
   7.478E+02   2.812E+02
   7.513E+02   2.821E+02
   7.548E+02   2.833E+02
   7.583E+02   2.840E+02
   7.618E+02   2.847E+02
   7.653E+02   2.858E+02
   7.688E+02   2.865E+02
   7.724E+02   2.876E+02
   7.759E+02   2.881E+02
   7.794E+02   2.889E+02
   7.829E+02   2.895E+02
   7.864E+02   2.901E+02
   7.899E+02   2.910E+02
   7.934E+02   2.921E+02
   7.970E+02   2.925E+02
   8.005E+02   2.928E+02
   8.040E+02   2.938E+02
   8.075E+02   2.945E+02
   8.110E+02   2.949E+02
   8.145E+02   2.960E+02
   8.180E+02   2.963E+02
   8.216E+02   2.968E+02
   8.251E+02   2.974E+02
   8.286E+02   2.982E+02
   8.321E+02   2.985E+02
   8.356E+02   2.990E+02
   8.391E+02   2.995E+02
   8.426E+02   3.001E+02
   8.462E+02   3.008E+02
   8.497E+02   3.009E+02
   8.532E+02   3.015E+02
   8.567E+02   3.020E+02
   8.602E+02   3.025E+02
   8.637E+02   3.031E+02
   8.672E+02   3.032E+02
   8.707E+02   3.041E+02
   8.743E+02   3.044E+02
   8.778E+02   3.046E+02
   8.813E+02   3.048E+02
   8.848E+02   3.053E+02
   8.883E+02   3.056E+02
   8.918E+02   3.061E+02
   8.953E+02   3.064E+02
   8.989E+02   3.060E+02
   9.024E+02   3.068E+02
   9.059E+02   3.065E+02
   9.094E+02   3.069E+02
   9.129E+02   3.072E+02
   9.164E+02   3.075E+02
   9.199E+02   3.075E+02
   9.235E+02   3.078E+02
   9.270E+02   3.079E+02
   9.305E+02   3.077E+02
   9.340E+02   3.079E+02
   9.375E+02   3.080E+02
   9.410E+02   3.077E+02
   9.445E+02   3.081E+02
   9.481E+02   3.076E+02
   9.516E+02   3.078E+02
   9.551E+02   3.079E+02
   9.586E+02   3.076E+02
   9.621E+02   3.076E+02
   9.656E+02   3.071E+02
   9.691E+02   3.070E+02
   9.726E+02   3.071E+02
   9.762E+02   3.064E+02
   9.797E+02   3.062E+02
   9.832E+02   3.057E+02
   9.867E+02   3.054E+02
   9.902E+02   3.050E+02
   9.937E+02   3.045E+02
   9.972E+02   3.042E+02
   1.001E+03   3.037E+02
   1.004E+03   3.032E+02
   1.008E+03   3.031E+02
   1.011E+03   3.019E+02
   1.015E+03   3.014E+02
   1.018E+03   3.008E+02
   1.022E+03   3.003E+02
   1.025E+03   2.993E+02
   1.029E+03   2.986E+02
   1.032E+03   2.979E+02
   1.036E+03   2.971E+02
   1.039E+03   2.961E+02
   1.043E+03   2.954E+02
   1.046E+03   2.937E+02
   1.050E+03   2.927E+02
   1.053E+03   2.917E+02
   1.057E+03   2.908E+02
   1.060E+03   2.897E+02
   1.064E+03   2.883E+02
   1.068E+03   2.872E+02
   1.071E+03   2.858E+02
   1.075E+03   2.840E+02
   1.078E+03   2.829E+02
   1.082E+03   2.814E+02
   1.085E+03   2.801E+02
   1.089E+03   2.787E+02
   1.092E+03   2.770E+02
   1.096E+03   2.754E+02
   1.099E+03   2.739E+02
   1.103E+03   2.718E+02
   1.106E+03   2.696E+02
   1.110E+03   2.678E+02
   1.113E+03   2.661E+02
   1.117E+03   2.640E+02
   1.120E+03   2.622E+02
   1.124E+03   2.600E+02
   1.127E+03   2.576E+02
   1.131E+03   2.557E+02
   1.134E+03   2.531E+02
   1.138E+03   2.507E+02
   1.141E+03   2.484E+02
   1.145E+03   2.457E+02
   1.148E+03   2.434E+02
   1.152E+03   2.408E+02
   1.155E+03   2.382E+02
   1.159E+03   2.352E+02
   1.162E+03   2.322E+02
   1.166E+03   2.294E+02
   1.169E+03   2.265E+02
   1.173E+03   2.236E+02
   1.176E+03   2.206E+02
   1.180E+03   2.173E+02
   1.183E+03   2.141E+02
   1.187E+03   2.108E+02
   1.191E+03   2.074E+02
   1.194E+03   2.041E+02
   1.198E+03   2.009E+02
   1.201E+03   1.973E+02
   1.205E+03   1.936E+02
   1.208E+03   1.901E+02
   1.212E+03   1.864E+02
   1.215E+03   1.829E+02
   1.219E+03   1.792E+02
   1.222E+03   1.754E+02
   1.226E+03   1.716E+02
   1.229E+03   1.678E+02
   1.233E+03   1.639E+02
   1.236E+03   1.599E+02
   1.240E+03   1.562E+02
   1.243E+03   1.521E+02
   1.247E+03   1.481E+02
   1.250E+03   1.443E+02
   1.254E+03   1.405E+02
   1.257E+03   1.364E+02
   1.261E+03   1.324E+02
   1.264E+03   1.283E+02
   1.268E+03   1.240E+02
   1.271E+03   1.201E+02
   1.275E+03   1.161E+02
   1.278E+03   1.121E+02
   1.282E+03   1.079E+02
   1.285E+03   1.038E+02
   1.289E+03   9.971E+01
   1.292E+03   9.572E+01
   1.296E+03   9.180E+01
   1.299E+03   8.764E+01
   1.303E+03   8.361E+01
   1.306E+03   7.974E+01
   1.310E+03   7.584E+01
   1.313E+03   7.212E+01
   1.317E+03   6.836E+01
   1.321E+03   6.458E+01
   1.324E+03   6.092E+01
   1.328E+03   5.747E+01
   1.331E+03   5.402E+01
   1.335E+03   5.071E+01
   1.338E+03   4.746E+01
   1.342E+03   4.429E+01
   1.345E+03   4.133E+01
   1.349E+03   3.841E+01
   1.352E+03   3.548E+01
   1.356E+03   3.269E+01
   1.359E+03   3.003E+01
   1.363E+03   2.734E+01
   1.366E+03   2.478E+01
   1.370E+03   2.248E+01
   1.373E+03   2.026E+01
   1.377E+03   1.806E+01
   1.380E+03   1.596E+01
   1.384E+03   1.393E+01
   1.387E+03   1.210E+01
   1.391E+03   1.063E+01
   1.394E+03   9.416E+00
   1.398E+03   8.413E+00
   1.401E+03   7.284E+00
   1.405E+03   6.496E+00
   1.408E+03   6.144E+00
   1.412E+03   5.992E+00
   1.415E+03   6.058E+00
   1.419E+03   6.342E+00
   1.422E+03   7.485E+00
   1.426E+03   8.953E+00
   1.429E+03   1.055E+01
   1.433E+03   1.219E+01
   1.436E+03   1.378E+01
   1.440E+03   1.519E+01
   1.443E+03   1.634E+01
   1.447E+03   1.751E+01
   1.451E+03   1.862E+01
   1.454E+03   1.973E+01
   1.458E+03   2.082E+01
   1.461E+03   2.184E+01
   1.465E+03   2.274E+01
   1.468E+03   2.347E+01
   1.472E+03   2.419E+01
   1.475E+03   2.481E+01
   1.479E+03   2.541E+01
   1.482E+03   2.606E+01
   1.486E+03   2.654E+01
   1.489E+03   2.697E+01
   1.493E+03   2.737E+01
   1.496E+03   2.775E+01
   1.500E+03   2.804E+01
   1.503E+03   2.832E+01
   1.507E+03   2.858E+01
   1.510E+03   2.875E+01
   1.514E+03   2.890E+01
   1.517E+03   2.899E+01
   1.521E+03   2.903E+01
   1.524E+03   2.904E+01
   1.528E+03   2.918E+01
   1.531E+03   2.920E+01
   1.535E+03   2.926E+01
   1.538E+03   2.914E+01
   1.542E+03   2.907E+01
   1.545E+03   2.896E+01
   1.549E+03   2.884E+01
   1.552E+03   2.877E+01
   1.556E+03   2.865E+01
   1.559E+03   2.853E+01
   1.563E+03   2.840E+01
   1.566E+03   2.822E+01
   1.570E+03   2.802E+01
   1.574E+03   2.780E+01
   1.577E+03   2.759E+01
   1.581E+03   2.741E+01
   1.584E+03   2.718E+01
   1.588E+03   2.691E+01
   1.591E+03   2.663E+01
   1.595E+03   2.636E+01
   1.598E+03   2.602E+01
   1.602E+03   2.558E+01
   1.605E+03   2.517E+01
   1.609E+03   2.483E+01
   1.612E+03   2.452E+01
   1.616E+03   2.418E+01
   1.619E+03   2.382E+01
   1.623E+03   2.343E+01
   1.626E+03   2.304E+01
   1.630E+03   2.264E+01
   1.633E+03   2.218E+01
   1.637E+03   2.176E+01
   1.640E+03   2.144E+01
   1.644E+03   2.097E+01
   1.647E+03   2.050E+01
   1.651E+03   2.013E+01
   1.654E+03   1.977E+01
   1.658E+03   1.933E+01
   1.661E+03   1.902E+01
   1.665E+03   1.847E+01
   1.668E+03   1.796E+01
   1.672E+03   1.751E+01
   1.675E+03   1.710E+01
   1.679E+03   1.655E+01
   1.682E+03   1.626E+01
   1.686E+03   1.640E+01
   1.689E+03   1.670E+01
   1.693E+03   1.683E+01
   1.696E+03   1.664E+01
   1.700E+03   1.490E+01
