   2.980E+02   6.028E-01
   3.015E+02   2.752E+00
   3.050E+02   3.828E+00
   3.085E+02   4.729E+00
   3.121E+02   5.525E+00
   3.156E+02   6.233E+00
   3.191E+02   6.861E+00
   3.226E+02   7.431E+00
   3.261E+02   7.975E+00
   3.296E+02   8.466E+00
   3.331E+02   8.933E+00
   3.367E+02   9.386E+00
   3.402E+02   9.819E+00
   3.437E+02   1.021E+01
   3.472E+02   1.060E+01
   3.507E+02   1.097E+01
   3.542E+02   1.131E+01
   3.577E+02   1.164E+01
   3.612E+02   1.196E+01
   3.648E+02   1.226E+01
   3.683E+02   1.257E+01
   3.718E+02   1.287E+01
   3.753E+02   1.316E+01
   3.788E+02   1.343E+01
   3.823E+02   1.368E+01
   3.858E+02   1.391E+01
   3.894E+02   1.418E+01
   3.929E+02   1.440E+01
   3.964E+02   1.463E+01
   3.999E+02   1.487E+01
   4.034E+02   1.508E+01
   4.069E+02   1.527E+01
   4.104E+02   1.548E+01
   4.140E+02   1.566E+01
   4.175E+02   1.584E+01
   4.210E+02   1.605E+01
   4.245E+02   1.622E+01
   4.280E+02   1.637E+01
   4.315E+02   1.653E+01
   4.350E+02   1.672E+01
   4.386E+02   1.687E+01
   4.421E+02   1.702E+01
   4.456E+02   1.716E+01
   4.491E+02   1.732E+01
   4.526E+02   1.743E+01
   4.561E+02   1.756E+01
   4.596E+02   1.772E+01
   4.631E+02   1.785E+01
   4.667E+02   1.797E+01
   4.702E+02   1.810E+01
   4.737E+02   1.819E+01
   4.772E+02   1.832E+01
   4.807E+02   1.842E+01
   4.842E+02   1.856E+01
   4.877E+02   1.866E+01
   4.913E+02   1.877E+01
   4.948E+02   1.889E+01
   4.983E+02   1.899E+01
   5.018E+02   1.906E+01
   5.053E+02   1.916E+01
   5.088E+02   1.925E+01
   5.123E+02   1.932E+01
   5.159E+02   1.943E+01
   5.194E+02   1.950E+01
   5.229E+02   1.962E+01
   5.264E+02   1.968E+01
   5.299E+02   1.978E+01
   5.334E+02   1.986E+01
   5.369E+02   1.994E+01
   5.405E+02   1.999E+01
   5.440E+02   2.007E+01
   5.475E+02   2.014E+01
   5.510E+02   2.021E+01
   5.545E+02   2.028E+01
   5.580E+02   2.031E+01
   5.615E+02   2.040E+01
   5.650E+02   2.045E+01
   5.686E+02   2.050E+01
   5.721E+02   2.055E+01
   5.756E+02   2.062E+01
   5.791E+02   2.068E+01
   5.826E+02   2.072E+01
   5.861E+02   2.074E+01
   5.896E+02   2.081E+01
   5.932E+02   2.081E+01
   5.967E+02   2.089E+01
   6.002E+02   2.089E+01
   6.037E+02   2.095E+01
   6.072E+02   2.098E+01
   6.107E+02   2.100E+01
   6.142E+02   2.102E+01
   6.178E+02   2.109E+01
   6.213E+02   2.109E+01
   6.248E+02   2.111E+01
   6.283E+02   2.114E+01
   6.318E+02   2.118E+01
   6.353E+02   2.117E+01
   6.388E+02   2.120E+01
   6.424E+02   2.123E+01
   6.459E+02   2.124E+01
   6.494E+02   2.125E+01
   6.529E+02   2.128E+01
   6.564E+02   2.127E+01
   6.599E+02   2.130E+01
   6.634E+02   2.131E+01
   6.669E+02   2.131E+01
   6.705E+02   2.131E+01
   6.740E+02   2.134E+01
   6.775E+02   2.132E+01
   6.810E+02   2.131E+01
   6.845E+02   2.133E+01
   6.880E+02   2.131E+01
   6.915E+02   2.132E+01
   6.951E+02   2.131E+01
   6.986E+02   2.130E+01
   7.021E+02   2.131E+01
   7.056E+02   2.129E+01
   7.091E+02   2.128E+01
   7.126E+02   2.127E+01
   7.161E+02   2.125E+01
   7.197E+02   2.127E+01
   7.232E+02   2.123E+01
   7.267E+02   2.121E+01
   7.302E+02   2.122E+01
   7.337E+02   2.117E+01
   7.372E+02   2.118E+01
   7.407E+02   2.114E+01
   7.443E+02   2.109E+01
   7.478E+02   2.108E+01
   7.513E+02   2.104E+01
   7.548E+02   2.104E+01
   7.583E+02   2.100E+01
   7.618E+02   2.098E+01
   7.653E+02   2.095E+01
   7.688E+02   2.092E+01
   7.724E+02   2.090E+01
   7.759E+02   2.086E+01
   7.794E+02   2.082E+01
   7.829E+02   2.078E+01
   7.864E+02   2.074E+01
   7.899E+02   2.071E+01
   7.934E+02   2.070E+01
   7.970E+02   2.065E+01
   8.005E+02   2.058E+01
   8.040E+02   2.057E+01
   8.075E+02   2.052E+01
   8.110E+02   2.047E+01
   8.145E+02   2.045E+01
   8.180E+02   2.039E+01
   8.216E+02   2.033E+01
   8.251E+02   2.029E+01
   8.286E+02   2.026E+01
   8.321E+02   2.020E+01
   8.356E+02   2.015E+01
   8.391E+02   2.009E+01
   8.426E+02   2.004E+01
   8.462E+02   2.001E+01
   8.497E+02   1.993E+01
   8.532E+02   1.989E+01
   8.567E+02   1.982E+01
   8.602E+02   1.978E+01
   8.637E+02   1.973E+01
   8.672E+02   1.967E+01
   8.707E+02   1.963E+01
   8.743E+02   1.958E+01
   8.778E+02   1.950E+01
   8.813E+02   1.943E+01
   8.848E+02   1.938E+01
   8.883E+02   1.932E+01
   8.918E+02   1.926E+01
   8.953E+02   1.918E+01
   8.989E+02   1.910E+01
   9.024E+02   1.906E+01
   9.059E+02   1.896E+01
   9.094E+02   1.890E+01
   9.129E+02   1.883E+01
   9.164E+02   1.877E+01
   9.199E+02   1.869E+01
   9.235E+02   1.863E+01
   9.270E+02   1.855E+01
   9.305E+02   1.846E+01
   9.340E+02   1.839E+01
   9.375E+02   1.832E+01
   9.410E+02   1.823E+01
   9.445E+02   1.817E+01
   9.481E+02   1.805E+01
   9.516E+02   1.798E+01
   9.551E+02   1.791E+01
   9.586E+02   1.781E+01
   9.621E+02   1.773E+01
   9.656E+02   1.763E+01
   9.691E+02   1.754E+01
   9.726E+02   1.746E+01
   9.762E+02   1.735E+01
   9.797E+02   1.726E+01
   9.832E+02   1.715E+01
   9.867E+02   1.705E+01
   9.902E+02   1.696E+01
   9.937E+02   1.685E+01
   9.972E+02   1.676E+01
   1.001E+03   1.665E+01
   1.004E+03   1.654E+01
   1.008E+03   1.645E+01
   1.011E+03   1.631E+01
   1.015E+03   1.621E+01
   1.018E+03   1.611E+01
   1.022E+03   1.599E+01
   1.025E+03   1.587E+01
   1.029E+03   1.576E+01
   1.032E+03   1.564E+01
   1.036E+03   1.553E+01
   1.039E+03   1.539E+01
   1.043E+03   1.529E+01
   1.046E+03   1.511E+01
   1.050E+03   1.499E+01
   1.053E+03   1.487E+01
   1.057E+03   1.475E+01
   1.060E+03   1.461E+01
   1.064E+03   1.446E+01
   1.068E+03   1.433E+01
   1.071E+03   1.419E+01
   1.075E+03   1.403E+01
   1.078E+03   1.390E+01
   1.082E+03   1.375E+01
   1.085E+03   1.361E+01
   1.089E+03   1.347E+01
   1.092E+03   1.331E+01
   1.096E+03   1.316E+01
   1.099E+03   1.302E+01
   1.103E+03   1.284E+01
   1.106E+03   1.267E+01
   1.110E+03   1.251E+01
   1.113E+03   1.236E+01
   1.117E+03   1.219E+01
   1.120E+03   1.203E+01
   1.124E+03   1.186E+01
   1.127E+03   1.168E+01
   1.131E+03   1.152E+01
   1.134E+03   1.133E+01
   1.138E+03   1.115E+01
   1.141E+03   1.097E+01
   1.145E+03   1.078E+01
   1.148E+03   1.061E+01
   1.152E+03   1.043E+01
   1.155E+03   1.024E+01
   1.159E+03   1.004E+01
   1.162E+03   9.852E+00
   1.166E+03   9.660E+00
   1.169E+03   9.470E+00
   1.173E+03   9.274E+00
   1.176E+03   9.088E+00
   1.180E+03   8.875E+00
   1.183E+03   8.680E+00
   1.187E+03   8.473E+00
   1.191E+03   8.267E+00
   1.194E+03   8.067E+00
   1.198E+03   7.874E+00
   1.201E+03   7.664E+00
   1.205E+03   7.453E+00
   1.208E+03   7.249E+00
   1.212E+03   7.033E+00
   1.215E+03   6.847E+00
   1.219E+03   6.641E+00
   1.222E+03   6.440E+00
   1.226E+03   6.232E+00
   1.229E+03   6.026E+00
   1.233E+03   5.825E+00
   1.236E+03   5.622E+00
   1.240E+03   5.427E+00
   1.243E+03   5.221E+00
   1.247E+03   5.020E+00
   1.250E+03   4.833E+00
   1.254E+03   4.647E+00
   1.257E+03   4.449E+00
   1.261E+03   4.263E+00
   1.264E+03   4.074E+00
   1.268E+03   3.876E+00
   1.271E+03   3.704E+00
   1.275E+03   3.528E+00
   1.278E+03   3.347E+00
   1.282E+03   3.170E+00
   1.285E+03   2.996E+00
   1.289E+03   2.827E+00
   1.292E+03   2.665E+00
   1.296E+03   2.504E+00
   1.299E+03   2.344E+00
   1.303E+03   2.192E+00
   1.306E+03   2.047E+00
   1.310E+03   1.902E+00
   1.313E+03   1.767E+00
   1.317E+03   1.633E+00
   1.321E+03   1.503E+00
   1.324E+03   1.379E+00
   1.328E+03   1.266E+00
   1.331E+03   1.155E+00
   1.335E+03   1.051E+00
   1.338E+03   9.521E-01
   1.342E+03   8.581E-01
   1.345E+03   7.726E-01
   1.349E+03   6.923E-01
   1.352E+03   6.142E-01
   1.356E+03   5.423E-01
   1.359E+03   4.767E-01
   1.363E+03   4.146E-01
   1.366E+03   3.575E-01
   1.370E+03   3.077E-01
   1.373E+03   2.628E-01
   1.377E+03   2.209E-01
   1.380E+03   1.831E-01
   1.384E+03   1.495E-01
   1.387E+03   1.209E-01
   1.391E+03   9.882E-02
   1.394E+03   8.154E-02
   1.398E+03   6.812E-02
   1.401E+03   5.520E-02
   1.405E+03   4.644E-02
   1.408E+03   4.240E-02
   1.412E+03   4.071E-02
   1.415E+03   4.154E-02
   1.419E+03   4.480E-02
   1.422E+03   5.566E-02
   1.426E+03   7.036E-02
   1.429E+03   8.717E-02
   1.433E+03   1.056E-01
   1.436E+03   1.242E-01
   1.440E+03   1.418E-01
   1.443E+03   1.574E-01
   1.447E+03   1.739E-01
   1.451E+03   1.902E-01
   1.454E+03   2.062E-01
   1.458E+03   2.227E-01
   1.461E+03   2.384E-01
   1.465E+03   2.530E-01
   1.468E+03   2.656E-01
   1.472E+03   2.785E-01
   1.475E+03   2.896E-01
   1.479E+03   3.009E-01
   1.482E+03   3.130E-01
   1.486E+03   3.221E-01
   1.489E+03   3.314E-01
   1.493E+03   3.397E-01
   1.496E+03   3.474E-01
   1.500E+03   3.545E-01
   1.503E+03   3.609E-01
   1.507E+03   3.673E-01
   1.510E+03   3.726E-01
   1.514E+03   3.775E-01
   1.517E+03   3.810E-01
   1.521E+03   3.840E-01
   1.524E+03   3.860E-01
   1.528E+03   3.899E-01
   1.531E+03   3.924E-01
   1.535E+03   3.952E-01
   1.538E+03   3.949E-01
   1.542E+03   3.948E-01
   1.545E+03   3.957E-01
   1.549E+03   3.953E-01
   1.552E+03   3.965E-01
   1.556E+03   3.964E-01
   1.559E+03   3.960E-01
   1.563E+03   3.964E-01
   1.566E+03   3.954E-01
   1.570E+03   3.944E-01
   1.574E+03   3.938E-01
   1.577E+03   3.917E-01
   1.581E+03   3.899E-01
   1.584E+03   3.873E-01
   1.588E+03   3.847E-01
   1.591E+03   3.809E-01
   1.595E+03   3.790E-01
   1.598E+03   3.754E-01
   1.602E+03   3.697E-01
   1.605E+03   3.648E-01
   1.609E+03   3.611E-01
   1.612E+03   3.573E-01
   1.616E+03   3.533E-01
   1.619E+03   3.491E-01
   1.623E+03   3.448E-01
   1.626E+03   3.407E-01
   1.630E+03   3.350E-01
   1.633E+03   3.297E-01
   1.637E+03   3.252E-01
   1.640E+03   3.216E-01
   1.644E+03   3.172E-01
   1.647E+03   3.121E-01
   1.651E+03   3.068E-01
   1.654E+03   3.021E-01
   1.658E+03   2.978E-01
   1.661E+03   2.936E-01
   1.665E+03   2.862E-01
   1.668E+03   2.817E-01
   1.672E+03   2.773E-01
   1.675E+03   2.720E-01
   1.679E+03   2.694E-01
   1.682E+03   2.675E-01
   1.686E+03   2.775E-01
   1.689E+03   2.826E-01
   1.693E+03   2.890E-01
   1.696E+03   2.859E-01
   1.700E+03   2.479E-01
