   0.000E+00   3.295E-04
   2.882E-05   1.094E-02
   5.764E-05   2.838E-02
   8.647E-05   4.981E-02
   1.153E-04   7.309E-02
   1.441E-04   9.685E-02
   1.729E-04   1.199E-01
   2.018E-04   1.420E-01
   2.306E-04   1.630E-01
   2.594E-04   1.824E-01
   2.882E-04   2.000E-01
   3.170E-04   2.156E-01
   3.459E-04   2.294E-01
   3.747E-04   2.410E-01
   4.035E-04   2.504E-01
   4.323E-04   2.580E-01
   4.612E-04   2.637E-01
   4.900E-04   2.679E-01
   5.188E-04   2.705E-01
   5.476E-04   2.715E-01
   5.764E-04   2.716E-01
   6.053E-04   2.705E-01
   6.341E-04   2.685E-01
   6.629E-04   2.660E-01
   6.917E-04   2.630E-01
   7.206E-04   2.599E-01
   7.494E-04   2.566E-01
   7.782E-04   2.536E-01
   8.070E-04   2.506E-01
   8.358E-04   2.481E-01
   8.647E-04   2.461E-01
   8.935E-04   2.448E-01
   9.223E-04   2.442E-01
   9.511E-04   2.443E-01
   9.799E-04   2.455E-01
   1.009E-03   2.476E-01
   1.038E-03   2.510E-01
   1.066E-03   2.553E-01
   1.095E-03   2.607E-01
   1.124E-03   2.673E-01
   1.153E-03   2.745E-01
   1.182E-03   2.835E-01
   1.211E-03   2.932E-01
   1.239E-03   3.038E-01
   1.268E-03   3.154E-01
   1.297E-03   3.279E-01
   1.326E-03   3.409E-01
   1.355E-03   3.544E-01
   1.383E-03   3.682E-01
   1.412E-03   3.822E-01
   1.441E-03   3.966E-01
   1.470E-03   4.113E-01
   1.499E-03   4.262E-01
   1.528E-03   4.410E-01
   1.556E-03   4.556E-01
   1.585E-03   4.705E-01
   1.614E-03   4.856E-01
   1.643E-03   5.000E-01
   1.672E-03   5.147E-01
   1.701E-03   5.286E-01
   1.729E-03   5.430E-01
   1.758E-03   5.575E-01
   1.787E-03   5.708E-01
   1.816E-03   5.849E-01
   1.845E-03   5.980E-01
   1.873E-03   6.122E-01
   1.902E-03   6.249E-01
   1.931E-03   6.381E-01
   1.960E-03   6.514E-01
   1.989E-03   6.631E-01
   2.018E-03   6.755E-01
   2.046E-03   6.882E-01
   2.075E-03   6.997E-01
   2.104E-03   7.120E-01
   2.133E-03   7.233E-01
   2.162E-03   7.348E-01
   2.190E-03   7.457E-01
   2.219E-03   7.566E-01
   2.248E-03   7.680E-01
   2.277E-03   7.789E-01
   2.306E-03   7.893E-01
   2.335E-03   7.995E-01
   2.363E-03   8.095E-01
   2.392E-03   8.179E-01
   2.421E-03   8.285E-01
   2.450E-03   8.370E-01
   2.479E-03   8.458E-01
   2.508E-03   8.553E-01
   2.536E-03   8.640E-01
   2.565E-03   8.723E-01
   2.594E-03   8.802E-01
   2.623E-03   8.882E-01
   2.652E-03   8.954E-01
   2.680E-03   9.038E-01
   2.709E-03   9.111E-01
   2.738E-03   9.189E-01
   2.767E-03   9.256E-01
   2.796E-03   9.334E-01
   2.825E-03   9.392E-01
   2.853E-03   9.464E-01
   2.882E-03   9.514E-01
   2.911E-03   9.570E-01
   2.940E-03   9.614E-01
   2.969E-03   9.679E-01
   2.997E-03   9.727E-01
   3.026E-03   9.798E-01
   3.055E-03   9.841E-01
   3.084E-03   9.881E-01
   3.113E-03   9.921E-01
   3.142E-03   9.968E-01
   3.170E-03   1.002E+00
   3.199E-03   1.004E+00
   3.228E-03   1.008E+00
   3.257E-03   1.012E+00
   3.286E-03   1.017E+00
   3.315E-03   1.018E+00
   3.343E-03   1.023E+00
   3.372E-03   1.026E+00
   3.401E-03   1.027E+00
   3.430E-03   1.030E+00
   3.459E-03   1.033E+00
   3.487E-03   1.034E+00
   3.516E-03   1.038E+00
   3.545E-03   1.040E+00
   3.574E-03   1.041E+00
   3.603E-03   1.043E+00
   3.632E-03   1.045E+00
   3.660E-03   1.046E+00
   3.689E-03   1.046E+00
   3.718E-03   1.048E+00
   3.747E-03   1.048E+00
   3.776E-03   1.049E+00
   3.805E-03   1.050E+00
   3.833E-03   1.049E+00
   3.862E-03   1.049E+00
   3.891E-03   1.051E+00
   3.920E-03   1.050E+00
   3.949E-03   1.051E+00
   3.977E-03   1.048E+00
   4.006E-03   1.047E+00
   4.035E-03   1.047E+00
   4.064E-03   1.047E+00
   4.093E-03   1.047E+00
   4.122E-03   1.043E+00
   4.150E-03   1.044E+00
   4.179E-03   1.044E+00
   4.208E-03   1.042E+00
   4.237E-03   1.039E+00
   4.266E-03   1.038E+00
   4.294E-03   1.036E+00
   4.323E-03   1.033E+00
   4.352E-03   1.031E+00
   4.381E-03   1.027E+00
   4.410E-03   1.027E+00
   4.439E-03   1.025E+00
   4.467E-03   1.020E+00
   4.496E-03   1.019E+00
   4.525E-03   1.015E+00
   4.554E-03   1.011E+00
   4.583E-03   1.010E+00
   4.612E-03   1.006E+00
   4.640E-03   1.002E+00
   4.669E-03   9.985E-01
   4.698E-03   9.947E-01
   4.727E-03   9.896E-01
   4.756E-03   9.861E-01
   4.784E-03   9.814E-01
   4.813E-03   9.773E-01
   4.842E-03   9.732E-01
   4.871E-03   9.721E-01
   4.900E-03   9.652E-01
   4.929E-03   9.622E-01
   4.957E-03   9.572E-01
   4.986E-03   9.523E-01
   5.015E-03   9.461E-01
   5.044E-03   9.419E-01
   5.073E-03   9.369E-01
   5.102E-03   9.318E-01
   5.130E-03   9.262E-01
   5.159E-03   9.189E-01
   5.188E-03   9.160E-01
   5.217E-03   9.109E-01
   5.246E-03   9.045E-01
   5.274E-03   8.988E-01
   5.303E-03   8.923E-01
   5.332E-03   8.884E-01
   5.361E-03   8.809E-01
   5.390E-03   8.750E-01
   5.419E-03   8.721E-01
   5.447E-03   8.606E-01
   5.476E-03   8.567E-01
   5.505E-03   8.504E-01
   5.534E-03   8.428E-01
   5.563E-03   8.380E-01
   5.591E-03   8.311E-01
   5.620E-03   8.247E-01
   5.649E-03   8.168E-01
   5.678E-03   8.098E-01
   5.707E-03   8.036E-01
   5.736E-03   7.961E-01
   5.764E-03   7.897E-01
   5.793E-03   7.832E-01
   5.822E-03   7.749E-01
   5.851E-03   7.682E-01
   5.880E-03   7.612E-01
   5.909E-03   7.544E-01
   5.937E-03   7.476E-01
   5.966E-03   7.402E-01
   5.995E-03   7.324E-01
   6.024E-03   7.252E-01
   6.053E-03   7.168E-01
   6.081E-03   7.108E-01
   6.110E-03   7.014E-01
   6.139E-03   6.950E-01
   6.168E-03   6.873E-01
   6.197E-03   6.781E-01
   6.226E-03   6.726E-01
   6.254E-03   6.626E-01
   6.283E-03   6.543E-01
   6.312E-03   6.464E-01
   6.341E-03   6.417E-01
   6.370E-03   6.322E-01
   6.398E-03   6.224E-01
   6.427E-03   6.155E-01
   6.456E-03   6.088E-01
   6.485E-03   5.994E-01
   6.514E-03   5.923E-01
   6.543E-03   5.851E-01
   6.571E-03   5.763E-01
   6.600E-03   5.686E-01
   6.629E-03   5.603E-01
   6.658E-03   5.513E-01
   6.687E-03   5.445E-01
   6.716E-03   5.371E-01
   6.744E-03   5.302E-01
   6.773E-03   5.198E-01
   6.802E-03   5.132E-01
   6.831E-03   5.041E-01
   6.860E-03   4.955E-01
   6.888E-03   4.884E-01
   6.917E-03   4.817E-01
   6.946E-03   4.733E-01
   6.975E-03   4.648E-01
   7.004E-03   4.583E-01
   7.033E-03   4.484E-01
   7.061E-03   4.418E-01
   7.090E-03   4.336E-01
   7.119E-03   4.252E-01
   7.148E-03   4.168E-01
   7.177E-03   4.104E-01
   7.206E-03   4.023E-01
   7.234E-03   3.945E-01
   7.263E-03   3.863E-01
   7.292E-03   3.804E-01
   7.321E-03   3.729E-01
   7.350E-03   3.646E-01
   7.378E-03   3.568E-01
   7.407E-03   3.499E-01
   7.436E-03   3.431E-01
   7.465E-03   3.353E-01
   7.494E-03   3.263E-01
   7.523E-03   3.218E-01
   7.551E-03   3.126E-01
   7.580E-03   3.068E-01
   7.609E-03   2.987E-01
   7.638E-03   2.922E-01
   7.667E-03   2.857E-01
   7.695E-03   2.789E-01
   7.724E-03   2.724E-01
   7.753E-03   2.644E-01
   7.782E-03   2.594E-01
   7.811E-03   2.523E-01
   7.840E-03   2.454E-01
   7.868E-03   2.390E-01
   7.897E-03   2.336E-01
   7.926E-03   2.263E-01
   7.955E-03   2.204E-01
   7.984E-03   2.150E-01
   8.013E-03   2.093E-01
   8.041E-03   2.029E-01
   8.070E-03   1.965E-01
   8.099E-03   1.915E-01
   8.128E-03   1.849E-01
   8.157E-03   1.803E-01
   8.185E-03   1.743E-01
   8.214E-03   1.692E-01
   8.243E-03   1.632E-01
   8.272E-03   1.581E-01
   8.301E-03   1.531E-01
   8.330E-03   1.484E-01
   8.358E-03   1.431E-01
   8.387E-03   1.387E-01
   8.416E-03   1.338E-01
   8.445E-03   1.292E-01
   8.474E-03   1.246E-01
   8.503E-03   1.198E-01
   8.531E-03   1.163E-01
   8.560E-03   1.117E-01
   8.589E-03   1.069E-01
   8.618E-03   1.029E-01
   8.647E-03   9.956E-02
   8.675E-03   9.497E-02
   8.704E-03   9.145E-02
   8.733E-03   8.776E-02
   8.762E-03   8.374E-02
   8.791E-03   8.062E-02
   8.820E-03   7.716E-02
   8.848E-03   7.389E-02
   8.877E-03   7.093E-02
   8.906E-03   6.725E-02
   8.935E-03   6.455E-02
   8.964E-03   6.131E-02
   8.992E-03   5.857E-02
   9.021E-03   5.582E-02
   9.050E-03   5.319E-02
   9.079E-03   5.052E-02
   9.108E-03   4.800E-02
   9.137E-03   4.598E-02
   9.165E-03   4.349E-02
   9.194E-03   4.101E-02
   9.223E-03   3.907E-02
   9.252E-03   3.696E-02
   9.281E-03   3.494E-02
   9.310E-03   3.282E-02
   9.338E-03   3.105E-02
   9.367E-03   2.932E-02
   9.396E-03   2.760E-02
   9.425E-03   2.599E-02
   9.454E-03   2.437E-02
   9.482E-03   2.304E-02
   9.511E-03   2.152E-02
   9.540E-03   2.032E-02
   9.569E-03   1.890E-02
   9.598E-03   1.761E-02
   9.627E-03   1.651E-02
   9.655E-03   1.544E-02
   9.684E-03   1.435E-02
   9.713E-03   1.341E-02
   9.742E-03   1.244E-02
   9.771E-03   1.169E-02
   9.799E-03   1.077E-02
   9.828E-03   9.981E-03
   9.857E-03   9.191E-03
   9.886E-03   8.508E-03
   9.915E-03   7.827E-03
   9.944E-03   7.223E-03
   9.972E-03   6.676E-03
   1.000E-02   6.164E-03
   1.003E-02   5.625E-03
   1.006E-02   5.201E-03
   1.009E-02   4.693E-03
   1.012E-02   4.320E-03
   1.015E-02   3.903E-03
   1.017E-02   3.574E-03
   1.020E-02   3.287E-03
   1.023E-02   2.969E-03
   1.026E-02   2.666E-03
   1.029E-02   2.386E-03
   1.032E-02   2.178E-03
   1.035E-02   1.945E-03
   1.038E-02   1.756E-03
   1.040E-02   1.588E-03
   1.043E-02   1.411E-03
   1.046E-02   1.263E-03
   1.049E-02   1.126E-03
   1.052E-02   9.909E-04
   1.055E-02   8.762E-04
   1.058E-02   7.797E-04
   1.061E-02   6.947E-04
   1.064E-02   6.034E-04
   1.066E-02   5.245E-04
   1.069E-02   4.644E-04
   1.072E-02   4.032E-04
   1.075E-02   3.489E-04
   1.078E-02   3.014E-04
   1.081E-02   2.602E-04
   1.084E-02   2.217E-04
   1.087E-02   1.884E-04
   1.089E-02   1.587E-04
   1.092E-02   1.344E-04
   1.095E-02   1.118E-04
   1.098E-02   9.382E-05
   1.101E-02   7.748E-05
   1.104E-02   6.456E-05
   1.107E-02   5.129E-05
   1.110E-02   4.136E-05
   1.113E-02   3.251E-05
   1.115E-02   2.581E-05
   1.118E-02   1.977E-05
   1.121E-02   1.550E-05
   1.124E-02   1.144E-05
   1.127E-02   8.168E-06
   1.130E-02   5.881E-06
   1.133E-02   3.945E-06
   1.136E-02   2.608E-06
   1.138E-02   1.627E-06
   1.141E-02   9.221E-07
   1.144E-02   4.818E-07
   1.147E-02   2.143E-07
   1.150E-02   2.021E-09
