   2.980E+02   2.303E-03
   3.015E+02   1.082E-01
   3.050E+02   1.815E-01
   3.085E+02   2.521E-01
   3.121E+02   3.198E-01
   3.156E+02   3.840E-01
   3.191E+02   4.442E-01
   3.226E+02   5.005E-01
   3.261E+02   5.546E-01
   3.296E+02   6.040E-01
   3.331E+02   6.513E-01
   3.367E+02   6.964E-01
   3.402E+02   7.388E-01
   3.437E+02   7.771E-01
   3.472E+02   8.133E-01
   3.507E+02   8.470E-01
   3.542E+02   8.779E-01
   3.577E+02   9.059E-01
   3.612E+02   9.313E-01
   3.648E+02   9.545E-01
   3.683E+02   9.774E-01
   3.718E+02   9.972E-01
   3.753E+02   1.015E+00
   3.788E+02   1.029E+00
   3.823E+02   1.041E+00
   3.858E+02   1.050E+00
   3.894E+02   1.061E+00
   3.929E+02   1.066E+00
   3.964E+02   1.070E+00
   3.999E+02   1.075E+00
   4.034E+02   1.075E+00
   4.069E+02   1.073E+00
   4.104E+02   1.071E+00
   4.140E+02   1.065E+00
   4.175E+02   1.059E+00
   4.210E+02   1.053E+00
   4.245E+02   1.043E+00
   4.280E+02   1.031E+00
   4.315E+02   1.019E+00
   4.350E+02   1.008E+00
   4.386E+02   9.927E-01
   4.421E+02   9.765E-01
   4.456E+02   9.601E-01
   4.491E+02   9.422E-01
   4.526E+02   9.226E-01
   4.561E+02   9.015E-01
   4.596E+02   8.820E-01
   4.631E+02   8.608E-01
   4.667E+02   8.370E-01
   4.702E+02   8.149E-01
   4.737E+02   7.891E-01
   4.772E+02   7.654E-01
   4.807E+02   7.396E-01
   4.842E+02   7.140E-01
   4.877E+02   6.873E-01
   4.913E+02   6.619E-01
   4.948E+02   6.353E-01
   4.983E+02   6.081E-01
   5.018E+02   5.794E-01
   5.053E+02   5.524E-01
   5.088E+02   5.250E-01
   5.123E+02   4.982E-01
   5.159E+02   4.717E-01
   5.194E+02   4.457E-01
   5.229E+02   4.194E-01
   5.264E+02   3.946E-01
   5.299E+02   3.706E-01
   5.334E+02   3.481E-01
   5.369E+02   3.279E-01
   5.405E+02   3.083E-01
   5.440E+02   2.919E-01
   5.475E+02   2.782E-01
   5.510E+02   2.680E-01
   5.545E+02   2.611E-01
   5.580E+02   2.588E-01
   5.615E+02   2.610E-01
   5.650E+02   2.675E-01
   5.686E+02   2.777E-01
   5.721E+02   2.915E-01
   5.756E+02   3.084E-01
   5.791E+02   3.270E-01
   5.826E+02   3.477E-01
   5.861E+02   3.692E-01
   5.896E+02   3.921E-01
   5.932E+02   4.146E-01
   5.967E+02   4.398E-01
   6.002E+02   4.627E-01
   6.037E+02   4.879E-01
   6.072E+02   5.118E-01
   6.107E+02   5.367E-01
   6.142E+02   5.611E-01
   6.178E+02   5.869E-01
   6.213E+02   6.106E-01
   6.248E+02   6.342E-01
   6.283E+02   6.584E-01
   6.318E+02   6.830E-01
   6.353E+02   7.044E-01
   6.388E+02   7.281E-01
   6.424E+02   7.511E-01
   6.459E+02   7.721E-01
   6.494E+02   7.941E-01
   6.529E+02   8.153E-01
   6.564E+02   8.358E-01
   6.599E+02   8.567E-01
   6.634E+02   8.758E-01
   6.669E+02   8.950E-01
   6.705E+02   9.133E-01
   6.740E+02   9.329E-01
   6.775E+02   9.486E-01
   6.810E+02   9.647E-01
   6.845E+02   9.823E-01
   6.880E+02   9.980E-01
   6.915E+02   1.013E+00
   6.951E+02   1.027E+00
   6.986E+02   1.041E+00
   7.021E+02   1.055E+00
   7.056E+02   1.067E+00
   7.091E+02   1.079E+00
   7.126E+02   1.092E+00
   7.161E+02   1.102E+00
   7.197E+02   1.113E+00
   7.232E+02   1.122E+00
   7.267E+02   1.131E+00
   7.302E+02   1.142E+00
   7.337E+02   1.146E+00
   7.372E+02   1.157E+00
   7.407E+02   1.163E+00
   7.443E+02   1.168E+00
   7.478E+02   1.174E+00
   7.513E+02   1.178E+00
   7.548E+02   1.184E+00
   7.583E+02   1.188E+00
   7.618E+02   1.191E+00
   7.653E+02   1.195E+00
   7.688E+02   1.197E+00
   7.724E+02   1.200E+00
   7.759E+02   1.200E+00
   7.794E+02   1.201E+00
   7.829E+02   1.201E+00
   7.864E+02   1.200E+00
   7.899E+02   1.201E+00
   7.934E+02   1.200E+00
   7.970E+02   1.198E+00
   8.005E+02   1.194E+00
   8.040E+02   1.193E+00
   8.075E+02   1.191E+00
   8.110E+02   1.186E+00
   8.145E+02   1.184E+00
   8.180E+02   1.179E+00
   8.216E+02   1.174E+00
   8.251E+02   1.169E+00
   8.286E+02   1.165E+00
   8.321E+02   1.158E+00
   8.356E+02   1.152E+00
   8.391E+02   1.145E+00
   8.426E+02   1.138E+00
   8.462E+02   1.132E+00
   8.497E+02   1.123E+00
   8.532E+02   1.116E+00
   8.567E+02   1.107E+00
   8.602E+02   1.099E+00
   8.637E+02   1.090E+00
   8.672E+02   1.080E+00
   8.707E+02   1.073E+00
   8.743E+02   1.063E+00
   8.778E+02   1.053E+00
   8.813E+02   1.042E+00
   8.848E+02   1.032E+00
   8.883E+02   1.020E+00
   8.918E+02   1.011E+00
   8.953E+02   9.998E-01
   8.989E+02   9.857E-01
   9.024E+02   9.768E-01
   9.059E+02   9.637E-01
   9.094E+02   9.520E-01
   9.129E+02   9.398E-01
   9.164E+02   9.284E-01
   9.199E+02   9.158E-01
   9.235E+02   9.033E-01
   9.270E+02   8.908E-01
   9.305E+02   8.769E-01
   9.340E+02   8.648E-01
   9.375E+02   8.522E-01
   9.410E+02   8.380E-01
   9.445E+02   8.262E-01
   9.481E+02   8.118E-01
   9.516E+02   7.989E-01
   9.551E+02   7.858E-01
   9.586E+02   7.714E-01
   9.621E+02   7.586E-01
   9.656E+02   7.443E-01
   9.691E+02   7.311E-01
   9.726E+02   7.179E-01
   9.762E+02   7.030E-01
   9.797E+02   6.899E-01
   9.832E+02   6.756E-01
   9.867E+02   6.619E-01
   9.902E+02   6.484E-01
   9.937E+02   6.346E-01
   9.972E+02   6.217E-01
   1.001E+03   6.077E-01
   1.004E+03   5.942E-01
   1.008E+03   5.820E-01
   1.011E+03   5.671E-01
   1.015E+03   5.544E-01
   1.018E+03   5.409E-01
   1.022E+03   5.282E-01
   1.025E+03   5.142E-01
   1.029E+03   5.017E-01
   1.032E+03   4.891E-01
   1.036E+03   4.763E-01
   1.039E+03   4.635E-01
   1.043E+03   4.514E-01
   1.046E+03   4.375E-01
   1.050E+03   4.252E-01
   1.053E+03   4.134E-01
   1.057E+03   4.018E-01
   1.060E+03   3.897E-01
   1.064E+03   3.777E-01
   1.068E+03   3.663E-01
   1.071E+03   3.546E-01
   1.075E+03   3.428E-01
   1.078E+03   3.320E-01
   1.082E+03   3.212E-01
   1.085E+03   3.106E-01
   1.089E+03   3.003E-01
   1.092E+03   2.896E-01
   1.096E+03   2.794E-01
   1.099E+03   2.699E-01
   1.103E+03   2.595E-01
   1.106E+03   2.493E-01
   1.110E+03   2.399E-01
   1.113E+03   2.310E-01
   1.117E+03   2.218E-01
   1.120E+03   2.134E-01
   1.124E+03   2.044E-01
   1.127E+03   1.958E-01
   1.131E+03   1.878E-01
   1.134E+03   1.794E-01
   1.138E+03   1.715E-01
   1.141E+03   1.639E-01
   1.145E+03   1.561E-01
   1.148E+03   1.491E-01
   1.152E+03   1.422E-01
   1.155E+03   1.355E-01
   1.159E+03   1.285E-01
   1.162E+03   1.219E-01
   1.166E+03   1.157E-01
   1.169E+03   1.098E-01
   1.173E+03   1.039E-01
   1.176E+03   9.842E-02
   1.180E+03   9.298E-02
   1.183E+03   8.773E-02
   1.187E+03   8.264E-02
   1.191E+03   7.775E-02
   1.194E+03   7.319E-02
   1.198E+03   6.892E-02
   1.201E+03   6.464E-02
   1.205E+03   6.044E-02
   1.208E+03   5.671E-02
   1.212E+03   5.292E-02
   1.215E+03   4.958E-02
   1.219E+03   4.629E-02
   1.222E+03   4.313E-02
   1.226E+03   4.019E-02
   1.229E+03   3.742E-02
   1.233E+03   3.483E-02
   1.236E+03   3.225E-02
   1.240E+03   3.009E-02
   1.243E+03   2.783E-02
   1.247E+03   2.585E-02
   1.250E+03   2.398E-02
   1.254E+03   2.224E-02
   1.257E+03   2.063E-02
   1.261E+03   1.907E-02
   1.264E+03   1.763E-02
   1.268E+03   1.633E-02
   1.271E+03   1.517E-02
   1.275E+03   1.406E-02
   1.278E+03   1.304E-02
   1.282E+03   1.209E-02
   1.285E+03   1.122E-02
   1.289E+03   1.043E-02
   1.292E+03   9.724E-03
   1.296E+03   9.058E-03
   1.299E+03   8.426E-03
   1.303E+03   7.854E-03
   1.306E+03   7.334E-03
   1.310E+03   6.854E-03
   1.313E+03   6.427E-03
   1.317E+03   6.021E-03
   1.321E+03   5.634E-03
   1.324E+03   5.279E-03
   1.328E+03   4.934E-03
   1.331E+03   4.625E-03
   1.335E+03   4.325E-03
   1.338E+03   4.041E-03
   1.342E+03   3.771E-03
   1.345E+03   3.518E-03
   1.349E+03   3.270E-03
   1.352E+03   3.019E-03
   1.356E+03   2.777E-03
   1.359E+03   2.548E-03
   1.363E+03   2.314E-03
   1.366E+03   2.089E-03
   1.370E+03   1.882E-03
   1.373E+03   1.683E-03
   1.377E+03   1.481E-03
   1.380E+03   1.288E-03
   1.384E+03   1.103E-03
   1.387E+03   9.364E-04
   1.391E+03   8.025E-04
   1.394E+03   6.926E-04
   1.398E+03   6.029E-04
   1.401E+03   5.079E-04
   1.405E+03   4.428E-04
   1.408E+03   4.150E-04
   1.412E+03   4.062E-04
   1.415E+03   4.189E-04
   1.419E+03   4.547E-04
   1.422E+03   5.632E-04
   1.426E+03   7.096E-04
   1.429E+03   8.798E-04
   1.433E+03   1.065E-03
   1.436E+03   1.253E-03
   1.440E+03   1.433E-03
   1.443E+03   1.595E-03
   1.447E+03   1.766E-03
   1.451E+03   1.935E-03
   1.454E+03   2.110E-03
   1.458E+03   2.290E-03
   1.461E+03   2.467E-03
   1.465E+03   2.635E-03
   1.468E+03   2.792E-03
   1.472E+03   2.947E-03
   1.475E+03   3.102E-03
   1.479E+03   3.252E-03
   1.482E+03   3.410E-03
   1.486E+03   3.552E-03
   1.489E+03   3.688E-03
   1.493E+03   3.819E-03
   1.496E+03   3.955E-03
   1.500E+03   4.076E-03
   1.503E+03   4.200E-03
   1.507E+03   4.326E-03
   1.510E+03   4.447E-03
   1.514E+03   4.565E-03
   1.517E+03   4.672E-03
   1.521E+03   4.773E-03
   1.524E+03   4.864E-03
   1.528E+03   4.978E-03
   1.531E+03   5.085E-03
   1.535E+03   5.190E-03
   1.538E+03   5.265E-03
   1.542E+03   5.343E-03
   1.545E+03   5.412E-03
   1.549E+03   5.481E-03
   1.552E+03   5.563E-03
   1.556E+03   5.629E-03
   1.559E+03   5.696E-03
   1.563E+03   5.762E-03
   1.566E+03   5.819E-03
   1.570E+03   5.864E-03
   1.574E+03   5.903E-03
   1.577E+03   5.924E-03
   1.581E+03   5.948E-03
   1.584E+03   5.939E-03
   1.588E+03   5.937E-03
   1.591E+03   5.928E-03
   1.595E+03   5.925E-03
   1.598E+03   5.899E-03
   1.602E+03   5.849E-03
   1.605E+03   5.812E-03
   1.609E+03   5.777E-03
   1.612E+03   5.743E-03
   1.616E+03   5.705E-03
   1.619E+03   5.649E-03
   1.623E+03   5.599E-03
   1.626E+03   5.537E-03
   1.630E+03   5.463E-03
   1.633E+03   5.383E-03
   1.637E+03   5.286E-03
   1.640E+03   5.205E-03
   1.644E+03   5.117E-03
   1.647E+03   5.038E-03
   1.651E+03   4.943E-03
   1.654E+03   4.858E-03
   1.658E+03   4.762E-03
   1.661E+03   4.687E-03
   1.665E+03   4.614E-03
   1.668E+03   4.517E-03
   1.672E+03   4.384E-03
   1.675E+03   4.275E-03
   1.679E+03   4.163E-03
   1.682E+03   4.022E-03
   1.686E+03   3.996E-03
   1.689E+03   3.968E-03
   1.693E+03   3.991E-03
   1.696E+03   3.887E-03
   1.700E+03   3.313E-03
