   0.000E+00   3.973E-04
   2.882E-05   3.850E-03
   5.764E-05   5.427E-03
   8.647E-05   6.365E-03
   1.153E-04   6.947E-03
   1.441E-04   7.299E-03
   1.729E-04   7.490E-03
   2.018E-04   7.606E-03
   2.306E-04   7.702E-03
   2.594E-04   7.788E-03
   2.882E-04   7.896E-03
   3.170E-04   8.036E-03
   3.459E-04   8.262E-03
   3.747E-04   8.573E-03
   4.035E-04   8.983E-03
   4.323E-04   9.524E-03
   4.612E-04   1.018E-02
   4.900E-04   1.099E-02
   5.188E-04   1.194E-02
   5.476E-04   1.303E-02
   5.764E-04   1.425E-02
   6.053E-04   1.567E-02
   6.341E-04   1.720E-02
   6.629E-04   1.892E-02
   6.917E-04   2.072E-02
   7.206E-04   2.275E-02
   7.494E-04   2.488E-02
   7.782E-04   2.715E-02
   8.070E-04   2.951E-02
   8.358E-04   3.208E-02
   8.647E-04   3.469E-02
   8.935E-04   3.753E-02
   9.223E-04   4.033E-02
   9.511E-04   4.334E-02
   9.799E-04   4.647E-02
   1.009E-03   4.969E-02
   1.038E-03   5.299E-02
   1.066E-03   5.638E-02
   1.095E-03   6.000E-02
   1.124E-03   6.359E-02
   1.153E-03   6.758E-02
   1.182E-03   7.130E-02
   1.211E-03   7.559E-02
   1.239E-03   7.994E-02
   1.268E-03   8.426E-02
   1.297E-03   8.853E-02
   1.326E-03   9.303E-02
   1.355E-03   9.792E-02
   1.383E-03   1.024E-01
   1.412E-03   1.075E-01
   1.441E-03   1.126E-01
   1.470E-03   1.179E-01
   1.499E-03   1.233E-01
   1.528E-03   1.286E-01
   1.556E-03   1.343E-01
   1.585E-03   1.401E-01
   1.614E-03   1.459E-01
   1.643E-03   1.521E-01
   1.672E-03   1.579E-01
   1.701E-03   1.644E-01
   1.729E-03   1.707E-01
   1.758E-03   1.773E-01
   1.787E-03   1.836E-01
   1.816E-03   1.902E-01
   1.845E-03   1.975E-01
   1.873E-03   2.041E-01
   1.902E-03   2.110E-01
   1.931E-03   2.179E-01
   1.960E-03   2.251E-01
   1.989E-03   2.327E-01
   2.018E-03   2.400E-01
   2.046E-03   2.477E-01
   2.075E-03   2.553E-01
   2.104E-03   2.631E-01
   2.133E-03   2.705E-01
   2.162E-03   2.788E-01
   2.190E-03   2.871E-01
   2.219E-03   2.946E-01
   2.248E-03   3.025E-01
   2.277E-03   3.107E-01
   2.306E-03   3.197E-01
   2.335E-03   3.276E-01
   2.363E-03   3.359E-01
   2.392E-03   3.443E-01
   2.421E-03   3.535E-01
   2.450E-03   3.621E-01
   2.479E-03   3.711E-01
   2.508E-03   3.804E-01
   2.536E-03   3.884E-01
   2.565E-03   3.971E-01
   2.594E-03   4.067E-01
   2.623E-03   4.158E-01
   2.652E-03   4.255E-01
   2.680E-03   4.339E-01
   2.709E-03   4.440E-01
   2.738E-03   4.524E-01
   2.767E-03   4.617E-01
   2.796E-03   4.711E-01
   2.825E-03   4.810E-01
   2.853E-03   4.905E-01
   2.882E-03   4.990E-01
   2.911E-03   5.089E-01
   2.940E-03   5.187E-01
   2.969E-03   5.277E-01
   2.997E-03   5.377E-01
   3.026E-03   5.472E-01
   3.055E-03   5.570E-01
   3.084E-03   5.656E-01
   3.113E-03   5.756E-01
   3.142E-03   5.862E-01
   3.170E-03   5.948E-01
   3.199E-03   6.042E-01
   3.228E-03   6.147E-01
   3.257E-03   6.237E-01
   3.286E-03   6.331E-01
   3.315E-03   6.423E-01
   3.343E-03   6.526E-01
   3.372E-03   6.620E-01
   3.401E-03   6.719E-01
   3.430E-03   6.799E-01
   3.459E-03   6.908E-01
   3.487E-03   6.997E-01
   3.516E-03   7.094E-01
   3.545E-03   7.179E-01
   3.574E-03   7.273E-01
   3.603E-03   7.371E-01
   3.632E-03   7.460E-01
   3.660E-03   7.562E-01
   3.689E-03   7.651E-01
   3.718E-03   7.729E-01
   3.747E-03   7.825E-01
   3.776E-03   7.915E-01
   3.805E-03   8.005E-01
   3.833E-03   8.092E-01
   3.862E-03   8.168E-01
   3.891E-03   8.258E-01
   3.920E-03   8.342E-01
   3.949E-03   8.434E-01
   3.977E-03   8.533E-01
   4.006E-03   8.597E-01
   4.035E-03   8.690E-01
   4.064E-03   8.762E-01
   4.093E-03   8.841E-01
   4.122E-03   8.914E-01
   4.150E-03   8.995E-01
   4.179E-03   9.086E-01
   4.208E-03   9.148E-01
   4.237E-03   9.231E-01
   4.266E-03   9.312E-01
   4.294E-03   9.365E-01
   4.323E-03   9.445E-01
   4.352E-03   9.510E-01
   4.381E-03   9.552E-01
   4.410E-03   9.644E-01
   4.439E-03   9.727E-01
   4.467E-03   9.775E-01
   4.496E-03   9.824E-01
   4.525E-03   9.887E-01
   4.554E-03   9.946E-01
   4.583E-03   9.998E-01
   4.612E-03   1.007E+00
   4.640E-03   1.011E+00
   4.669E-03   1.016E+00
   4.698E-03   1.021E+00
   4.727E-03   1.024E+00
   4.756E-03   1.029E+00
   4.784E-03   1.034E+00
   4.813E-03   1.037E+00
   4.842E-03   1.044E+00
   4.871E-03   1.048E+00
   4.900E-03   1.050E+00
   4.929E-03   1.054E+00
   4.957E-03   1.058E+00
   4.986E-03   1.060E+00
   5.015E-03   1.061E+00
   5.044E-03   1.065E+00
   5.073E-03   1.068E+00
   5.102E-03   1.069E+00
   5.130E-03   1.070E+00
   5.159E-03   1.072E+00
   5.188E-03   1.073E+00
   5.217E-03   1.074E+00
   5.246E-03   1.076E+00
   5.274E-03   1.076E+00
   5.303E-03   1.077E+00
   5.332E-03   1.077E+00
   5.361E-03   1.077E+00
   5.390E-03   1.077E+00
   5.419E-03   1.079E+00
   5.447E-03   1.073E+00
   5.476E-03   1.074E+00
   5.505E-03   1.074E+00
   5.534E-03   1.070E+00
   5.563E-03   1.070E+00
   5.591E-03   1.067E+00
   5.620E-03   1.064E+00
   5.649E-03   1.063E+00
   5.678E-03   1.059E+00
   5.707E-03   1.057E+00
   5.736E-03   1.053E+00
   5.764E-03   1.051E+00
   5.793E-03   1.046E+00
   5.822E-03   1.041E+00
   5.851E-03   1.038E+00
   5.880E-03   1.034E+00
   5.909E-03   1.029E+00
   5.937E-03   1.024E+00
   5.966E-03   1.018E+00
   5.995E-03   1.013E+00
   6.024E-03   1.007E+00
   6.053E-03   1.002E+00
   6.081E-03   9.969E-01
   6.110E-03   9.875E-01
   6.139E-03   9.828E-01
   6.168E-03   9.772E-01
   6.197E-03   9.692E-01
   6.226E-03   9.642E-01
   6.254E-03   9.552E-01
   6.283E-03   9.474E-01
   6.312E-03   9.411E-01
   6.341E-03   9.358E-01
   6.370E-03   9.261E-01
   6.398E-03   9.169E-01
   6.427E-03   9.090E-01
   6.456E-03   9.039E-01
   6.485E-03   8.935E-01
   6.514E-03   8.859E-01
   6.543E-03   8.792E-01
   6.571E-03   8.705E-01
   6.600E-03   8.611E-01
   6.629E-03   8.533E-01
   6.658E-03   8.438E-01
   6.687E-03   8.361E-01
   6.716E-03   8.283E-01
   6.744E-03   8.218E-01
   6.773E-03   8.125E-01
   6.802E-03   8.041E-01
   6.831E-03   7.946E-01
   6.860E-03   7.868E-01
   6.888E-03   7.794E-01
   6.917E-03   7.725E-01
   6.946E-03   7.654E-01
   6.975E-03   7.566E-01
   7.004E-03   7.506E-01
   7.033E-03   7.424E-01
   7.061E-03   7.364E-01
   7.090E-03   7.287E-01
   7.119E-03   7.241E-01
   7.148E-03   7.168E-01
   7.177E-03   7.118E-01
   7.206E-03   7.052E-01
   7.234E-03   7.005E-01
   7.263E-03   6.953E-01
   7.292E-03   6.915E-01
   7.321E-03   6.887E-01
   7.350E-03   6.850E-01
   7.378E-03   6.813E-01
   7.407E-03   6.774E-01
   7.436E-03   6.754E-01
   7.465E-03   6.728E-01
   7.494E-03   6.706E-01
   7.523E-03   6.711E-01
   7.551E-03   6.687E-01
   7.580E-03   6.699E-01
   7.609E-03   6.672E-01
   7.638E-03   6.684E-01
   7.667E-03   6.704E-01
   7.695E-03   6.724E-01
   7.724E-03   6.742E-01
   7.753E-03   6.750E-01
   7.782E-03   6.793E-01
   7.811E-03   6.829E-01
   7.840E-03   6.865E-01
   7.868E-03   6.917E-01
   7.897E-03   6.955E-01
   7.926E-03   7.014E-01
   7.955E-03   7.055E-01
   7.984E-03   7.114E-01
   8.013E-03   7.176E-01
   8.041E-03   7.247E-01
   8.070E-03   7.296E-01
   8.099E-03   7.367E-01
   8.128E-03   7.448E-01
   8.157E-03   7.531E-01
   8.185E-03   7.610E-01
   8.214E-03   7.682E-01
   8.243E-03   7.794E-01
   8.272E-03   7.876E-01
   8.301E-03   7.964E-01
   8.330E-03   8.043E-01
   8.358E-03   8.171E-01
   8.387E-03   8.244E-01
   8.416E-03   8.347E-01
   8.445E-03   8.426E-01
   8.474E-03   8.531E-01
   8.503E-03   8.623E-01
   8.531E-03   8.721E-01
   8.560E-03   8.828E-01
   8.589E-03   8.920E-01
   8.618E-03   8.993E-01
   8.647E-03   9.124E-01
   8.675E-03   9.188E-01
   8.704E-03   9.278E-01
   8.733E-03   9.387E-01
   8.762E-03   9.468E-01
   8.791E-03   9.574E-01
   8.820E-03   9.640E-01
   8.848E-03   9.730E-01
   8.877E-03   9.804E-01
   8.906E-03   9.904E-01
   8.935E-03   9.957E-01
   8.964E-03   1.003E+00
   8.992E-03   1.010E+00
   9.021E-03   1.017E+00
   9.050E-03   1.023E+00
   9.079E-03   1.031E+00
   9.108E-03   1.032E+00
   9.137E-03   1.039E+00
   9.165E-03   1.042E+00
   9.194E-03   1.046E+00
   9.223E-03   1.049E+00
   9.252E-03   1.053E+00
   9.281E-03   1.055E+00
   9.310E-03   1.055E+00
   9.338E-03   1.056E+00
   9.367E-03   1.058E+00
   9.396E-03   1.058E+00
   9.425E-03   1.057E+00
   9.454E-03   1.057E+00
   9.482E-03   1.055E+00
   9.511E-03   1.053E+00
   9.540E-03   1.050E+00
   9.569E-03   1.047E+00
   9.598E-03   1.042E+00
   9.627E-03   1.040E+00
   9.655E-03   1.033E+00
   9.684E-03   1.025E+00
   9.713E-03   1.018E+00
   9.742E-03   1.014E+00
   9.771E-03   1.007E+00
   9.799E-03   9.983E-01
   9.828E-03   9.914E-01
   9.857E-03   9.791E-01
   9.886E-03   9.696E-01
   9.915E-03   9.588E-01
   9.944E-03   9.500E-01
   9.972E-03   9.393E-01
   1.000E-02   9.281E-01
   1.003E-02   9.152E-01
   1.006E-02   9.029E-01
   1.009E-02   8.881E-01
   1.012E-02   8.757E-01
   1.015E-02   8.608E-01
   1.017E-02   8.483E-01
   1.020E-02   8.333E-01
   1.023E-02   8.185E-01
   1.026E-02   8.012E-01
   1.029E-02   7.851E-01
   1.032E-02   7.696E-01
   1.035E-02   7.508E-01
   1.038E-02   7.354E-01
   1.040E-02   7.196E-01
   1.043E-02   7.019E-01
   1.046E-02   6.835E-01
   1.049E-02   6.650E-01
   1.052E-02   6.467E-01
   1.055E-02   6.270E-01
   1.058E-02   6.098E-01
   1.061E-02   5.903E-01
   1.064E-02   5.707E-01
   1.066E-02   5.515E-01
   1.069E-02   5.328E-01
   1.072E-02   5.136E-01
   1.075E-02   4.945E-01
   1.078E-02   4.747E-01
   1.081E-02   4.556E-01
   1.084E-02   4.352E-01
   1.087E-02   4.163E-01
   1.089E-02   3.965E-01
   1.092E-02   3.768E-01
   1.095E-02   3.570E-01
   1.098E-02   3.373E-01
   1.101E-02   3.178E-01
   1.104E-02   2.986E-01
   1.107E-02   2.794E-01
   1.110E-02   2.608E-01
   1.113E-02   2.422E-01
   1.115E-02   2.234E-01
   1.118E-02   2.051E-01
   1.121E-02   1.873E-01
   1.124E-02   1.691E-01
   1.127E-02   1.517E-01
   1.130E-02   1.346E-01
   1.133E-02   1.178E-01
   1.136E-02   1.012E-01
   1.138E-02   8.482E-02
   1.141E-02   6.891E-02
   1.144E-02   5.340E-02
   1.147E-02   3.774E-02
   1.150E-02   7.946E-04
