   2.980E+02   1.238E-06
   3.015E+02   5.035E-05
   3.050E+02   1.106E-04
   3.085E+02   1.973E-04
   3.121E+02   3.118E-04
   3.156E+02   4.641E-04
   3.191E+02   6.418E-04
   3.226E+02   8.547E-04
   3.261E+02   1.122E-03
   3.296E+02   1.410E-03
   3.331E+02   1.757E-03
   3.367E+02   2.159E-03
   3.402E+02   2.615E-03
   3.437E+02   3.122E-03
   3.472E+02   3.655E-03
   3.507E+02   4.274E-03
   3.542E+02   4.973E-03
   3.577E+02   5.729E-03
   3.612E+02   6.519E-03
   3.648E+02   7.396E-03
   3.683E+02   8.386E-03
   3.718E+02   9.454E-03
   3.753E+02   1.057E-02
   3.788E+02   1.180E-02
   3.823E+02   1.309E-02
   3.858E+02   1.444E-02
   3.894E+02   1.599E-02
   3.929E+02   1.748E-02
   3.964E+02   1.913E-02
   3.999E+02   2.102E-02
   4.034E+02   2.283E-02
   4.069E+02   2.474E-02
   4.104E+02   2.686E-02
   4.140E+02   2.890E-02
   4.175E+02   3.115E-02
   4.210E+02   3.358E-02
   4.245E+02   3.607E-02
   4.280E+02   3.850E-02
   4.315E+02   4.113E-02
   4.350E+02   4.413E-02
   4.386E+02   4.689E-02
   4.421E+02   4.998E-02
   4.456E+02   5.312E-02
   4.491E+02   5.636E-02
   4.526E+02   5.945E-02
   4.561E+02   6.285E-02
   4.596E+02   6.676E-02
   4.631E+02   7.070E-02
   4.667E+02   7.419E-02
   4.702E+02   7.826E-02
   4.737E+02   8.209E-02
   4.772E+02   8.623E-02
   4.807E+02   9.042E-02
   4.842E+02   9.510E-02
   4.877E+02   9.935E-02
   4.913E+02   1.042E-01
   4.948E+02   1.093E-01
   4.983E+02   1.139E-01
   5.018E+02   1.184E-01
   5.053E+02   1.238E-01
   5.088E+02   1.288E-01
   5.123E+02   1.338E-01
   5.159E+02   1.397E-01
   5.194E+02   1.450E-01
   5.229E+02   1.512E-01
   5.264E+02   1.567E-01
   5.299E+02   1.625E-01
   5.334E+02   1.682E-01
   5.369E+02   1.746E-01
   5.405E+02   1.803E-01
   5.440E+02   1.867E-01
   5.475E+02   1.931E-01
   5.510E+02   1.995E-01
   5.545E+02   2.062E-01
   5.580E+02   2.125E-01
   5.615E+02   2.195E-01
   5.650E+02   2.260E-01
   5.686E+02   2.328E-01
   5.721E+02   2.397E-01
   5.756E+02   2.470E-01
   5.791E+02   2.540E-01
   5.826E+02   2.615E-01
   5.861E+02   2.680E-01
   5.896E+02   2.760E-01
   5.932E+02   2.823E-01
   5.967E+02   2.907E-01
   6.002E+02   2.973E-01
   6.037E+02   3.053E-01
   6.072E+02   3.127E-01
   6.107E+02   3.199E-01
   6.142E+02   3.273E-01
   6.178E+02   3.363E-01
   6.213E+02   3.434E-01
   6.248E+02   3.507E-01
   6.283E+02   3.584E-01
   6.318E+02   3.672E-01
   6.353E+02   3.737E-01
   6.388E+02   3.826E-01
   6.424E+02   3.904E-01
   6.459E+02   3.979E-01
   6.494E+02   4.063E-01
   6.529E+02   4.143E-01
   6.564E+02   4.220E-01
   6.599E+02   4.309E-01
   6.634E+02   4.387E-01
   6.669E+02   4.464E-01
   6.705E+02   4.540E-01
   6.740E+02   4.635E-01
   6.775E+02   4.700E-01
   6.810E+02   4.775E-01
   6.845E+02   4.869E-01
   6.880E+02   4.939E-01
   6.915E+02   5.019E-01
   6.951E+02   5.100E-01
   6.986E+02   5.173E-01
   7.021E+02   5.256E-01
   7.056E+02   5.333E-01
   7.091E+02   5.412E-01
   7.126E+02   5.490E-01
   7.161E+02   5.565E-01
   7.197E+02   5.653E-01
   7.232E+02   5.719E-01
   7.267E+02   5.790E-01
   7.302E+02   5.885E-01
   7.337E+02   5.937E-01
   7.372E+02   6.031E-01
   7.407E+02   6.098E-01
   7.443E+02   6.153E-01
   7.478E+02   6.233E-01
   7.513E+02   6.300E-01
   7.548E+02   6.379E-01
   7.583E+02   6.448E-01
   7.618E+02   6.520E-01
   7.653E+02   6.596E-01
   7.688E+02   6.659E-01
   7.724E+02   6.735E-01
   7.759E+02   6.794E-01
   7.794E+02   6.862E-01
   7.829E+02   6.925E-01
   7.864E+02   6.984E-01
   7.899E+02   7.055E-01
   7.934E+02   7.129E-01
   7.970E+02   7.189E-01
   8.005E+02   7.236E-01
   8.040E+02   7.309E-01
   8.075E+02   7.363E-01
   8.110E+02   7.421E-01
   8.145E+02   7.494E-01
   8.180E+02   7.542E-01
   8.216E+02   7.590E-01
   8.251E+02   7.651E-01
   8.286E+02   7.717E-01
   8.321E+02   7.758E-01
   8.356E+02   7.813E-01
   8.391E+02   7.860E-01
   8.426E+02   7.913E-01
   8.462E+02   7.967E-01
   8.497E+02   8.007E-01
   8.532E+02   8.057E-01
   8.567E+02   8.101E-01
   8.602E+02   8.153E-01
   8.637E+02   8.202E-01
   8.672E+02   8.235E-01
   8.707E+02   8.294E-01
   8.743E+02   8.331E-01
   8.778E+02   8.365E-01
   8.813E+02   8.394E-01
   8.848E+02   8.441E-01
   8.883E+02   8.479E-01
   8.918E+02   8.518E-01
   8.953E+02   8.546E-01
   8.989E+02   8.557E-01
   9.024E+02   8.609E-01
   9.059E+02   8.622E-01
   9.094E+02   8.652E-01
   9.129E+02   8.684E-01
   9.164E+02   8.709E-01
   9.199E+02   8.730E-01
   9.235E+02   8.757E-01
   9.270E+02   8.782E-01
   9.305E+02   8.789E-01
   9.340E+02   8.808E-01
   9.375E+02   8.828E-01
   9.410E+02   8.829E-01
   9.445E+02   8.863E-01
   9.481E+02   8.855E-01
   9.516E+02   8.865E-01
   9.551E+02   8.886E-01
   9.586E+02   8.881E-01
   9.621E+02   8.883E-01
   9.656E+02   8.884E-01
   9.691E+02   8.883E-01
   9.726E+02   8.891E-01
   9.762E+02   8.867E-01
   9.797E+02   8.871E-01
   9.832E+02   8.852E-01
   9.867E+02   8.844E-01
   9.902E+02   8.831E-01
   9.937E+02   8.816E-01
   9.972E+02   8.802E-01
   1.001E+03   8.784E-01
   1.004E+03   8.759E-01
   1.008E+03   8.750E-01
   1.011E+03   8.703E-01
   1.015E+03   8.685E-01
   1.018E+03   8.659E-01
   1.022E+03   8.633E-01
   1.025E+03   8.588E-01
   1.029E+03   8.550E-01
   1.032E+03   8.519E-01
   1.036E+03   8.482E-01
   1.039E+03   8.432E-01
   1.043E+03   8.392E-01
   1.046E+03   8.317E-01
   1.050E+03   8.273E-01
   1.053E+03   8.220E-01
   1.057E+03   8.176E-01
   1.060E+03   8.122E-01
   1.064E+03   8.054E-01
   1.068E+03   7.999E-01
   1.071E+03   7.923E-01
   1.075E+03   7.841E-01
   1.078E+03   7.785E-01
   1.082E+03   7.710E-01
   1.085E+03   7.646E-01
   1.089E+03   7.575E-01
   1.092E+03   7.489E-01
   1.096E+03   7.411E-01
   1.099E+03   7.330E-01
   1.103E+03   7.236E-01
   1.106E+03   7.136E-01
   1.110E+03   7.047E-01
   1.113E+03   6.959E-01
   1.117E+03   6.863E-01
   1.120E+03   6.773E-01
   1.124E+03   6.670E-01
   1.127E+03   6.566E-01
   1.131E+03   6.467E-01
   1.134E+03   6.354E-01
   1.138E+03   6.242E-01
   1.141E+03   6.133E-01
   1.145E+03   6.019E-01
   1.148E+03   5.912E-01
   1.152E+03   5.795E-01
   1.155E+03   5.685E-01
   1.159E+03   5.556E-01
   1.162E+03   5.434E-01
   1.166E+03   5.315E-01
   1.169E+03   5.196E-01
   1.173E+03   5.073E-01
   1.176E+03   4.955E-01
   1.180E+03   4.824E-01
   1.183E+03   4.701E-01
   1.187E+03   4.570E-01
   1.191E+03   4.440E-01
   1.194E+03   4.317E-01
   1.198E+03   4.194E-01
   1.201E+03   4.066E-01
   1.205E+03   3.932E-01
   1.208E+03   3.809E-01
   1.212E+03   3.680E-01
   1.215E+03   3.566E-01
   1.219E+03   3.442E-01
   1.222E+03   3.323E-01
   1.226E+03   3.201E-01
   1.229E+03   3.077E-01
   1.233E+03   2.964E-01
   1.236E+03   2.843E-01
   1.240E+03   2.734E-01
   1.243E+03   2.619E-01
   1.247E+03   2.503E-01
   1.250E+03   2.404E-01
   1.254E+03   2.299E-01
   1.257E+03   2.193E-01
   1.261E+03   2.093E-01
   1.264E+03   1.995E-01
   1.268E+03   1.891E-01
   1.271E+03   1.803E-01
   1.275E+03   1.712E-01
   1.278E+03   1.621E-01
   1.282E+03   1.533E-01
   1.285E+03   1.449E-01
   1.289E+03   1.368E-01
   1.292E+03   1.290E-01
   1.296E+03   1.215E-01
   1.299E+03   1.139E-01
   1.303E+03   1.069E-01
   1.306E+03   1.003E-01
   1.310E+03   9.368E-02
   1.313E+03   8.766E-02
   1.317E+03   8.153E-02
   1.321E+03   7.570E-02
   1.324E+03   7.019E-02
   1.328E+03   6.518E-02
   1.331E+03   6.027E-02
   1.335E+03   5.561E-02
   1.338E+03   5.112E-02
   1.342E+03   4.691E-02
   1.345E+03   4.304E-02
   1.349E+03   3.934E-02
   1.352E+03   3.566E-02
   1.356E+03   3.228E-02
   1.359E+03   2.908E-02
   1.363E+03   2.596E-02
   1.366E+03   2.302E-02
   1.370E+03   2.043E-02
   1.373E+03   1.795E-02
   1.377E+03   1.560E-02
   1.380E+03   1.337E-02
   1.384E+03   1.131E-02
   1.387E+03   9.464E-03
   1.391E+03   8.019E-03
   1.394E+03   6.868E-03
   1.398E+03   5.950E-03
   1.401E+03   5.009E-03
   1.405E+03   4.384E-03
   1.408E+03   4.160E-03
   1.412E+03   4.154E-03
   1.415E+03   4.404E-03
   1.419E+03   4.944E-03
   1.422E+03   6.384E-03
   1.426E+03   8.391E-03
   1.429E+03   1.082E-02
   1.433E+03   1.365E-02
   1.436E+03   1.670E-02
   1.440E+03   1.981E-02
   1.443E+03   2.286E-02
   1.447E+03   2.622E-02
   1.451E+03   2.980E-02
   1.454E+03   3.355E-02
   1.458E+03   3.761E-02
   1.461E+03   4.178E-02
   1.465E+03   4.599E-02
   1.468E+03   5.006E-02
   1.472E+03   5.436E-02
   1.475E+03   5.863E-02
   1.479E+03   6.298E-02
   1.482E+03   6.768E-02
   1.486E+03   7.197E-02
   1.489E+03   7.647E-02
   1.493E+03   8.087E-02
   1.496E+03   8.541E-02
   1.500E+03   8.984E-02
   1.503E+03   9.430E-02
   1.507E+03   9.880E-02
   1.510E+03   1.031E-01
   1.514E+03   1.075E-01
   1.517E+03   1.116E-01
   1.521E+03   1.154E-01
   1.524E+03   1.191E-01
   1.528E+03   1.234E-01
   1.531E+03   1.273E-01
   1.535E+03   1.313E-01
   1.538E+03   1.342E-01
   1.542E+03   1.372E-01
   1.545E+03   1.403E-01
   1.549E+03   1.432E-01
   1.552E+03   1.464E-01
   1.556E+03   1.492E-01
   1.559E+03   1.518E-01
   1.563E+03   1.546E-01
   1.566E+03   1.567E-01
   1.570E+03   1.587E-01
   1.574E+03   1.607E-01
   1.577E+03   1.621E-01
   1.581E+03   1.638E-01
   1.584E+03   1.650E-01
   1.588E+03   1.658E-01
   1.591E+03   1.661E-01
   1.595E+03   1.671E-01
   1.598E+03   1.670E-01
   1.602E+03   1.658E-01
   1.605E+03   1.649E-01
   1.609E+03   1.643E-01
   1.612E+03   1.636E-01
   1.616E+03   1.626E-01
   1.619E+03   1.613E-01
   1.623E+03   1.596E-01
   1.626E+03   1.580E-01
   1.630E+03   1.556E-01
   1.633E+03   1.533E-01
   1.637E+03   1.512E-01
   1.640E+03   1.495E-01
   1.644E+03   1.470E-01
   1.647E+03   1.447E-01
   1.651E+03   1.422E-01
   1.654E+03   1.400E-01
   1.658E+03   1.376E-01
   1.661E+03   1.355E-01
   1.665E+03   1.318E-01
   1.668E+03   1.289E-01
   1.672E+03   1.261E-01
   1.675E+03   1.230E-01
   1.679E+03   1.210E-01
   1.682E+03   1.192E-01
   1.686E+03   1.240E-01
   1.689E+03   1.261E-01
   1.693E+03   1.281E-01
   1.696E+03   1.250E-01
   1.700E+03   1.055E-01
