   0.000E+00   2.073E-03
   2.882E-05   5.013E-02
   5.764E-05   1.174E-01
   8.647E-05   2.010E-01
   1.153E-04   2.984E-01
   1.441E-04   4.069E-01
   1.729E-04   5.243E-01
   2.018E-04   6.517E-01
   2.306E-04   7.901E-01
   2.594E-04   9.393E-01
   2.882E-04   1.099E+00
   3.170E-04   1.266E+00
   3.459E-04   1.445E+00
   3.747E-04   1.632E+00
   4.035E-04   1.826E+00
   4.323E-04   2.029E+00
   4.612E-04   2.239E+00
   4.900E-04   2.456E+00
   5.188E-04   2.683E+00
   5.476E-04   2.915E+00
   5.764E-04   3.151E+00
   6.053E-04   3.391E+00
   6.341E-04   3.636E+00
   6.629E-04   3.883E+00
   6.917E-04   4.132E+00
   7.206E-04   4.382E+00
   7.494E-04   4.633E+00
   7.782E-04   4.883E+00
   8.070E-04   5.134E+00
   8.358E-04   5.379E+00
   8.647E-04   5.628E+00
   8.935E-04   5.873E+00
   9.223E-04   6.117E+00
   9.511E-04   6.359E+00
   9.799E-04   6.598E+00
   1.009E-03   6.836E+00
   1.038E-03   7.070E+00
   1.066E-03   7.303E+00
   1.095E-03   7.536E+00
   1.124E-03   7.757E+00
   1.153E-03   7.984E+00
   1.182E-03   8.208E+00
   1.211E-03   8.428E+00
   1.239E-03   8.642E+00
   1.268E-03   8.857E+00
   1.297E-03   9.073E+00
   1.326E-03   9.282E+00
   1.355E-03   9.487E+00
   1.383E-03   9.694E+00
   1.412E-03   9.890E+00
   1.441E-03   1.010E+01
   1.470E-03   1.029E+01
   1.499E-03   1.049E+01
   1.528E-03   1.069E+01
   1.556E-03   1.088E+01
   1.585E-03   1.107E+01
   1.614E-03   1.126E+01
   1.643E-03   1.144E+01
   1.672E-03   1.162E+01
   1.701E-03   1.181E+01
   1.729E-03   1.199E+01
   1.758E-03   1.217E+01
   1.787E-03   1.234E+01
   1.816E-03   1.251E+01
   1.845E-03   1.268E+01
   1.873E-03   1.286E+01
   1.902E-03   1.301E+01
   1.931E-03   1.318E+01
   1.960E-03   1.335E+01
   1.989E-03   1.350E+01
   2.018E-03   1.366E+01
   2.046E-03   1.382E+01
   2.075E-03   1.397E+01
   2.104E-03   1.413E+01
   2.133E-03   1.428E+01
   2.162E-03   1.444E+01
   2.190E-03   1.458E+01
   2.219E-03   1.473E+01
   2.248E-03   1.488E+01
   2.277E-03   1.503E+01
   2.306E-03   1.517E+01
   2.335E-03   1.531E+01
   2.363E-03   1.545E+01
   2.392E-03   1.558E+01
   2.421E-03   1.573E+01
   2.450E-03   1.585E+01
   2.479E-03   1.599E+01
   2.508E-03   1.612E+01
   2.536E-03   1.626E+01
   2.565E-03   1.638E+01
   2.594E-03   1.650E+01
   2.623E-03   1.663E+01
   2.652E-03   1.676E+01
   2.680E-03   1.688E+01
   2.709E-03   1.700E+01
   2.738E-03   1.712E+01
   2.767E-03   1.723E+01
   2.796E-03   1.736E+01
   2.825E-03   1.747E+01
   2.853E-03   1.759E+01
   2.882E-03   1.768E+01
   2.911E-03   1.779E+01
   2.940E-03   1.790E+01
   2.969E-03   1.801E+01
   2.997E-03   1.811E+01
   3.026E-03   1.824E+01
   3.055E-03   1.833E+01
   3.084E-03   1.842E+01
   3.113E-03   1.852E+01
   3.142E-03   1.863E+01
   3.170E-03   1.873E+01
   3.199E-03   1.881E+01
   3.228E-03   1.891E+01
   3.257E-03   1.900E+01
   3.286E-03   1.911E+01
   3.315E-03   1.919E+01
   3.343E-03   1.929E+01
   3.372E-03   1.938E+01
   3.401E-03   1.945E+01
   3.430E-03   1.954E+01
   3.459E-03   1.964E+01
   3.487E-03   1.971E+01
   3.516E-03   1.981E+01
   3.545E-03   1.989E+01
   3.574E-03   1.997E+01
   3.603E-03   2.006E+01
   3.632E-03   2.014E+01
   3.660E-03   2.021E+01
   3.689E-03   2.028E+01
   3.718E-03   2.036E+01
   3.747E-03   2.044E+01
   3.776E-03   2.052E+01
   3.805E-03   2.059E+01
   3.833E-03   2.066E+01
   3.862E-03   2.072E+01
   3.891E-03   2.080E+01
   3.920E-03   2.087E+01
   3.949E-03   2.094E+01
   3.977E-03   2.102E+01
   4.006E-03   2.106E+01
   4.035E-03   2.113E+01
   4.064E-03   2.120E+01
   4.093E-03   2.128E+01
   4.122E-03   2.132E+01
   4.150E-03   2.140E+01
   4.179E-03   2.147E+01
   4.208E-03   2.152E+01
   4.237E-03   2.158E+01
   4.266E-03   2.165E+01
   4.294E-03   2.169E+01
   4.323E-03   2.174E+01
   4.352E-03   2.180E+01
   4.381E-03   2.184E+01
   4.410E-03   2.191E+01
   4.439E-03   2.198E+01
   4.467E-03   2.200E+01
   4.496E-03   2.207E+01
   4.525E-03   2.211E+01
   4.554E-03   2.214E+01
   4.583E-03   2.220E+01
   4.612E-03   2.226E+01
   4.640E-03   2.231E+01
   4.669E-03   2.234E+01
   4.698E-03   2.237E+01
   4.727E-03   2.242E+01
   4.756E-03   2.245E+01
   4.784E-03   2.250E+01
   4.813E-03   2.254E+01
   4.842E-03   2.258E+01
   4.871E-03   2.265E+01
   4.900E-03   2.267E+01
   4.929E-03   2.271E+01
   4.957E-03   2.274E+01
   4.986E-03   2.278E+01
   5.015E-03   2.280E+01
   5.044E-03   2.285E+01
   5.073E-03   2.287E+01
   5.102E-03   2.290E+01
   5.130E-03   2.294E+01
   5.159E-03   2.295E+01
   5.188E-03   2.299E+01
   5.217E-03   2.302E+01
   5.246E-03   2.305E+01
   5.274E-03   2.307E+01
   5.303E-03   2.309E+01
   5.332E-03   2.312E+01
   5.361E-03   2.315E+01
   5.390E-03   2.318E+01
   5.419E-03   2.323E+01
   5.447E-03   2.319E+01
   5.476E-03   2.324E+01
   5.505E-03   2.326E+01
   5.534E-03   2.326E+01
   5.563E-03   2.332E+01
   5.591E-03   2.331E+01
   5.620E-03   2.333E+01
   5.649E-03   2.335E+01
   5.678E-03   2.335E+01
   5.707E-03   2.337E+01
   5.736E-03   2.337E+01
   5.764E-03   2.338E+01
   5.793E-03   2.340E+01
   5.822E-03   2.339E+01
   5.851E-03   2.341E+01
   5.880E-03   2.345E+01
   5.909E-03   2.344E+01
   5.937E-03   2.344E+01
   5.966E-03   2.345E+01
   5.995E-03   2.346E+01
   6.024E-03   2.346E+01
   6.053E-03   2.347E+01
   6.081E-03   2.349E+01
   6.110E-03   2.345E+01
   6.139E-03   2.347E+01
   6.168E-03   2.348E+01
   6.197E-03   2.345E+01
   6.226E-03   2.347E+01
   6.254E-03   2.345E+01
   6.283E-03   2.343E+01
   6.312E-03   2.341E+01
   6.341E-03   2.345E+01
   6.370E-03   2.345E+01
   6.398E-03   2.340E+01
   6.427E-03   2.339E+01
   6.456E-03   2.340E+01
   6.485E-03   2.337E+01
   6.514E-03   2.337E+01
   6.543E-03   2.337E+01
   6.571E-03   2.335E+01
   6.600E-03   2.333E+01
   6.629E-03   2.332E+01
   6.658E-03   2.329E+01
   6.687E-03   2.327E+01
   6.716E-03   2.326E+01
   6.744E-03   2.327E+01
   6.773E-03   2.320E+01
   6.802E-03   2.321E+01
   6.831E-03   2.316E+01
   6.860E-03   2.310E+01
   6.888E-03   2.309E+01
   6.917E-03   2.312E+01
   6.946E-03   2.306E+01
   6.975E-03   2.302E+01
   7.004E-03   2.303E+01
   7.033E-03   2.296E+01
   7.061E-03   2.293E+01
   7.090E-03   2.293E+01
   7.119E-03   2.287E+01
   7.148E-03   2.280E+01
   7.177E-03   2.280E+01
   7.206E-03   2.275E+01
   7.234E-03   2.270E+01
   7.263E-03   2.267E+01
   7.292E-03   2.265E+01
   7.321E-03   2.262E+01
   7.350E-03   2.256E+01
   7.378E-03   2.250E+01
   7.407E-03   2.248E+01
   7.436E-03   2.242E+01
   7.465E-03   2.237E+01
   7.494E-03   2.229E+01
   7.523E-03   2.231E+01
   7.551E-03   2.222E+01
   7.580E-03   2.218E+01
   7.609E-03   2.209E+01
   7.638E-03   2.206E+01
   7.667E-03   2.201E+01
   7.695E-03   2.196E+01
   7.724E-03   2.190E+01
   7.753E-03   2.182E+01
   7.782E-03   2.180E+01
   7.811E-03   2.173E+01
   7.840E-03   2.165E+01
   7.868E-03   2.158E+01
   7.897E-03   2.155E+01
   7.926E-03   2.146E+01
   7.955E-03   2.139E+01
   7.984E-03   2.134E+01
   8.013E-03   2.126E+01
   8.041E-03   2.118E+01
   8.070E-03   2.108E+01
   8.099E-03   2.103E+01
   8.128E-03   2.094E+01
   8.157E-03   2.088E+01
   8.185E-03   2.080E+01
   8.214E-03   2.070E+01
   8.243E-03   2.065E+01
   8.272E-03   2.055E+01
   8.301E-03   2.048E+01
   8.330E-03   2.040E+01
   8.358E-03   2.031E+01
   8.387E-03   2.022E+01
   8.416E-03   2.014E+01
   8.445E-03   2.003E+01
   8.474E-03   1.994E+01
   8.503E-03   1.984E+01
   8.531E-03   1.976E+01
   8.560E-03   1.967E+01
   8.589E-03   1.955E+01
   8.618E-03   1.944E+01
   8.647E-03   1.939E+01
   8.675E-03   1.922E+01
   8.704E-03   1.912E+01
   8.733E-03   1.905E+01
   8.762E-03   1.891E+01
   8.791E-03   1.884E+01
   8.820E-03   1.871E+01
   8.848E-03   1.860E+01
   8.877E-03   1.849E+01
   8.906E-03   1.838E+01
   8.935E-03   1.826E+01
   8.964E-03   1.814E+01
   8.992E-03   1.803E+01
   9.021E-03   1.790E+01
   9.050E-03   1.778E+01
   9.079E-03   1.768E+01
   9.108E-03   1.752E+01
   9.137E-03   1.744E+01
   9.165E-03   1.728E+01
   9.194E-03   1.715E+01
   9.223E-03   1.703E+01
   9.252E-03   1.690E+01
   9.281E-03   1.676E+01
   9.310E-03   1.660E+01
   9.338E-03   1.646E+01
   9.367E-03   1.634E+01
   9.396E-03   1.620E+01
   9.425E-03   1.607E+01
   9.454E-03   1.592E+01
   9.482E-03   1.579E+01
   9.511E-03   1.563E+01
   9.540E-03   1.549E+01
   9.569E-03   1.534E+01
   9.598E-03   1.517E+01
   9.627E-03   1.504E+01
   9.655E-03   1.487E+01
   9.684E-03   1.470E+01
   9.713E-03   1.454E+01
   9.742E-03   1.440E+01
   9.771E-03   1.426E+01
   9.799E-03   1.407E+01
   9.828E-03   1.392E+01
   9.857E-03   1.372E+01
   9.886E-03   1.355E+01
   9.915E-03   1.338E+01
   9.944E-03   1.323E+01
   9.972E-03   1.306E+01
   1.000E-02   1.289E+01
   1.003E-02   1.272E+01
   1.006E-02   1.254E+01
   1.009E-02   1.235E+01
   1.012E-02   1.218E+01
   1.015E-02   1.199E+01
   1.017E-02   1.183E+01
   1.020E-02   1.163E+01
   1.023E-02   1.146E+01
   1.026E-02   1.125E+01
   1.029E-02   1.105E+01
   1.032E-02   1.088E+01
   1.035E-02   1.066E+01
   1.038E-02   1.048E+01
   1.040E-02   1.029E+01
   1.043E-02   1.009E+01
   1.046E-02   9.873E+00
   1.049E-02   9.658E+00
   1.052E-02   9.451E+00
   1.055E-02   9.233E+00
   1.058E-02   9.049E+00
   1.061E-02   8.822E+00
   1.064E-02   8.603E+00
   1.066E-02   8.380E+00
   1.069E-02   8.164E+00
   1.072E-02   7.941E+00
   1.075E-02   7.720E+00
   1.078E-02   7.488E+00
   1.081E-02   7.267E+00
   1.084E-02   7.025E+00
   1.087E-02   6.793E+00
   1.089E-02   6.553E+00
   1.092E-02   6.309E+00
   1.095E-02   6.055E+00
   1.098E-02   5.803E+00
   1.101E-02   5.547E+00
   1.104E-02   5.302E+00
   1.107E-02   5.041E+00
   1.110E-02   4.781E+00
   1.113E-02   4.520E+00
   1.115E-02   4.252E+00
   1.118E-02   3.973E+00
   1.121E-02   3.697E+00
   1.124E-02   3.409E+00
   1.127E-02   3.120E+00
   1.130E-02   2.826E+00
   1.133E-02   2.526E+00
   1.136E-02   2.215E+00
   1.138E-02   1.892E+00
   1.141E-02   1.574E+00
   1.144E-02   1.246E+00
   1.147E-02   9.066E-01
   1.150E-02   5.259E-01
