   0.000E+00   2.010E-02
   2.882E-05   3.694E-01
   5.764E-05   7.279E-01
   8.647E-05   1.056E+00
   1.153E-04   1.336E+00
   1.441E-04   1.563E+00
   1.729E-04   1.735E+00
   2.018E-04   1.864E+00
   2.306E-04   1.959E+00
   2.594E-04   2.024E+00
   2.882E-04   2.064E+00
   3.170E-04   2.086E+00
   3.459E-04   2.098E+00
   3.747E-04   2.102E+00
   4.035E-04   2.102E+00
   4.323E-04   2.106E+00
   4.612E-04   2.119E+00
   4.900E-04   2.146E+00
   5.188E-04   2.188E+00
   5.476E-04   2.251E+00
   5.764E-04   2.334E+00
   6.053E-04   2.442E+00
   6.341E-04   2.576E+00
   6.629E-04   2.735E+00
   6.917E-04   2.915E+00
   7.206E-04   3.115E+00
   7.494E-04   3.332E+00
   7.782E-04   3.560E+00
   8.070E-04   3.797E+00
   8.358E-04   4.037E+00
   8.647E-04   4.279E+00
   8.935E-04   4.518E+00
   9.223E-04   4.757E+00
   9.511E-04   4.995E+00
   9.799E-04   5.221E+00
   1.009E-03   5.450E+00
   1.038E-03   5.670E+00
   1.066E-03   5.889E+00
   1.095E-03   6.098E+00
   1.124E-03   6.301E+00
   1.153E-03   6.500E+00
   1.182E-03   6.696E+00
   1.211E-03   6.886E+00
   1.239E-03   7.065E+00
   1.268E-03   7.246E+00
   1.297E-03   7.424E+00
   1.326E-03   7.595E+00
   1.355E-03   7.757E+00
   1.383E-03   7.915E+00
   1.412E-03   8.065E+00
   1.441E-03   8.220E+00
   1.470E-03   8.361E+00
   1.499E-03   8.505E+00
   1.528E-03   8.645E+00
   1.556E-03   8.773E+00
   1.585E-03   8.909E+00
   1.614E-03   9.038E+00
   1.643E-03   9.155E+00
   1.672E-03   9.270E+00
   1.701E-03   9.378E+00
   1.729E-03   9.490E+00
   1.758E-03   9.601E+00
   1.787E-03   9.692E+00
   1.816E-03   9.791E+00
   1.845E-03   9.880E+00
   1.873E-03   9.983E+00
   1.902E-03   1.006E+01
   1.931E-03   1.015E+01
   1.960E-03   1.023E+01
   1.989E-03   1.030E+01
   2.018E-03   1.037E+01
   2.046E-03   1.044E+01
   2.075E-03   1.050E+01
   2.104E-03   1.057E+01
   2.133E-03   1.063E+01
   2.162E-03   1.069E+01
   2.190E-03   1.074E+01
   2.219E-03   1.079E+01
   2.248E-03   1.084E+01
   2.277E-03   1.089E+01
   2.306E-03   1.093E+01
   2.335E-03   1.097E+01
   2.363E-03   1.101E+01
   2.392E-03   1.103E+01
   2.421E-03   1.108E+01
   2.450E-03   1.109E+01
   2.479E-03   1.112E+01
   2.508E-03   1.115E+01
   2.536E-03   1.116E+01
   2.565E-03   1.118E+01
   2.594E-03   1.119E+01
   2.623E-03   1.121E+01
   2.652E-03   1.121E+01
   2.680E-03   1.123E+01
   2.709E-03   1.123E+01
   2.738E-03   1.124E+01
   2.767E-03   1.124E+01
   2.796E-03   1.124E+01
   2.825E-03   1.123E+01
   2.853E-03   1.124E+01
   2.882E-03   1.121E+01
   2.911E-03   1.120E+01
   2.940E-03   1.117E+01
   2.969E-03   1.117E+01
   2.997E-03   1.114E+01
   3.026E-03   1.115E+01
   3.055E-03   1.111E+01
   3.084E-03   1.108E+01
   3.113E-03   1.105E+01
   3.142E-03   1.103E+01
   3.170E-03   1.102E+01
   3.199E-03   1.097E+01
   3.228E-03   1.093E+01
   3.257E-03   1.089E+01
   3.286E-03   1.088E+01
   3.315E-03   1.082E+01
   3.343E-03   1.080E+01
   3.372E-03   1.076E+01
   3.401E-03   1.069E+01
   3.430E-03   1.066E+01
   3.459E-03   1.062E+01
   3.487E-03   1.056E+01
   3.516E-03   1.053E+01
   3.545E-03   1.048E+01
   3.574E-03   1.043E+01
   3.603E-03   1.038E+01
   3.632E-03   1.032E+01
   3.660E-03   1.027E+01
   3.689E-03   1.020E+01
   3.718E-03   1.015E+01
   3.747E-03   1.009E+01
   3.776E-03   1.003E+01
   3.805E-03   9.978E+00
   3.833E-03   9.903E+00
   3.862E-03   9.840E+00
   3.891E-03   9.790E+00
   3.920E-03   9.716E+00
   3.949E-03   9.661E+00
   3.977E-03   9.576E+00
   4.006E-03   9.507E+00
   4.035E-03   9.441E+00
   4.064E-03   9.378E+00
   4.093E-03   9.317E+00
   4.122E-03   9.221E+00
   4.150E-03   9.170E+00
   4.179E-03   9.103E+00
   4.208E-03   9.028E+00
   4.237E-03   8.946E+00
   4.266E-03   8.879E+00
   4.294E-03   8.799E+00
   4.323E-03   8.712E+00
   4.352E-03   8.644E+00
   4.381E-03   8.555E+00
   4.410E-03   8.492E+00
   4.439E-03   8.419E+00
   4.467E-03   8.322E+00
   4.496E-03   8.257E+00
   4.525E-03   8.169E+00
   4.554E-03   8.080E+00
   4.583E-03   8.016E+00
   4.612E-03   7.926E+00
   4.640E-03   7.848E+00
   4.669E-03   7.764E+00
   4.698E-03   7.682E+00
   4.727E-03   7.590E+00
   4.756E-03   7.512E+00
   4.784E-03   7.422E+00
   4.813E-03   7.340E+00
   4.842E-03   7.257E+00
   4.871E-03   7.201E+00
   4.900E-03   7.097E+00
   4.929E-03   7.027E+00
   4.957E-03   6.939E+00
   4.986E-03   6.855E+00
   5.015E-03   6.763E+00
   5.044E-03   6.683E+00
   5.073E-03   6.600E+00
   5.102E-03   6.518E+00
   5.130E-03   6.432E+00
   5.159E-03   6.332E+00
   5.188E-03   6.270E+00
   5.217E-03   6.192E+00
   5.246E-03   6.102E+00
   5.274E-03   6.019E+00
   5.303E-03   5.931E+00
   5.332E-03   5.866E+00
   5.361E-03   5.769E+00
   5.390E-03   5.690E+00
   5.419E-03   5.630E+00
   5.447E-03   5.513E+00
   5.476E-03   5.448E+00
   5.505E-03   5.368E+00
   5.534E-03   5.282E+00
   5.563E-03   5.211E+00
   5.591E-03   5.130E+00
   5.620E-03   5.053E+00
   5.649E-03   4.965E+00
   5.678E-03   4.887E+00
   5.707E-03   4.813E+00
   5.736E-03   4.732E+00
   5.764E-03   4.658E+00
   5.793E-03   4.587E+00
   5.822E-03   4.502E+00
   5.851E-03   4.428E+00
   5.880E-03   4.353E+00
   5.909E-03   4.284E+00
   5.937E-03   4.215E+00
   5.966E-03   4.141E+00
   5.995E-03   4.065E+00
   6.024E-03   3.997E+00
   6.053E-03   3.917E+00
   6.081E-03   3.855E+00
   6.110E-03   3.776E+00
   6.139E-03   3.715E+00
   6.168E-03   3.642E+00
   6.197E-03   3.565E+00
   6.226E-03   3.512E+00
   6.254E-03   3.431E+00
   6.283E-03   3.363E+00
   6.312E-03   3.296E+00
   6.341E-03   3.249E+00
   6.370E-03   3.174E+00
   6.398E-03   3.100E+00
   6.427E-03   3.044E+00
   6.456E-03   2.987E+00
   6.485E-03   2.921E+00
   6.514E-03   2.863E+00
   6.543E-03   2.806E+00
   6.571E-03   2.742E+00
   6.600E-03   2.686E+00
   6.629E-03   2.625E+00
   6.658E-03   2.563E+00
   6.687E-03   2.513E+00
   6.716E-03   2.460E+00
   6.744E-03   2.411E+00
   6.773E-03   2.346E+00
   6.802E-03   2.300E+00
   6.831E-03   2.241E+00
   6.860E-03   2.188E+00
   6.888E-03   2.139E+00
   6.917E-03   2.093E+00
   6.946E-03   2.043E+00
   6.975E-03   1.990E+00
   7.004E-03   1.949E+00
   7.033E-03   1.893E+00
   7.061E-03   1.852E+00
   7.090E-03   1.803E+00
   7.119E-03   1.756E+00
   7.148E-03   1.710E+00
   7.177E-03   1.673E+00
   7.206E-03   1.627E+00
   7.234E-03   1.585E+00
   7.263E-03   1.541E+00
   7.292E-03   1.506E+00
   7.321E-03   1.466E+00
   7.350E-03   1.424E+00
   7.378E-03   1.384E+00
   7.407E-03   1.347E+00
   7.436E-03   1.313E+00
   7.465E-03   1.275E+00
   7.494E-03   1.233E+00
   7.523E-03   1.207E+00
   7.551E-03   1.165E+00
   7.580E-03   1.136E+00
   7.609E-03   1.100E+00
   7.638E-03   1.069E+00
   7.667E-03   1.039E+00
   7.695E-03   1.008E+00
   7.724E-03   9.789E-01
   7.753E-03   9.439E-01
   7.782E-03   9.210E-01
   7.811E-03   8.903E-01
   7.840E-03   8.617E-01
   7.868E-03   8.353E-01
   7.897E-03   8.114E-01
   7.926E-03   7.820E-01
   7.955E-03   7.578E-01
   7.984E-03   7.348E-01
   8.013E-03   7.123E-01
   8.041E-03   6.867E-01
   8.070E-03   6.622E-01
   8.099E-03   6.422E-01
   8.128E-03   6.175E-01
   8.157E-03   5.992E-01
   8.185E-03   5.772E-01
   8.214E-03   5.576E-01
   8.243E-03   5.354E-01
   8.272E-03   5.171E-01
   8.301E-03   4.986E-01
   8.330E-03   4.813E-01
   8.358E-03   4.631E-01
   8.387E-03   4.473E-01
   8.416E-03   4.301E-01
   8.445E-03   4.140E-01
   8.474E-03   3.982E-01
   8.503E-03   3.818E-01
   8.531E-03   3.696E-01
   8.560E-03   3.542E-01
   8.589E-03   3.387E-01
   8.618E-03   3.251E-01
   8.647E-03   3.137E-01
   8.675E-03   2.992E-01
   8.704E-03   2.874E-01
   8.733E-03   2.756E-01
   8.762E-03   2.629E-01
   8.791E-03   2.527E-01
   8.820E-03   2.417E-01
   8.848E-03   2.313E-01
   8.877E-03   2.221E-01
   8.906E-03   2.105E-01
   8.935E-03   2.020E-01
   8.964E-03   1.922E-01
   8.992E-03   1.837E-01
   9.021E-03   1.753E-01
   9.050E-03   1.672E-01
   9.079E-03   1.589E-01
   9.108E-03   1.514E-01
   9.137E-03   1.452E-01
   9.165E-03   1.376E-01
   9.194E-03   1.301E-01
   9.223E-03   1.244E-01
   9.252E-03   1.179E-01
   9.281E-03   1.118E-01
   9.310E-03   1.055E-01
   9.338E-03   1.002E-01
   9.367E-03   9.497E-02
   9.396E-03   8.986E-02
   9.425E-03   8.498E-02
   9.454E-03   8.015E-02
   9.482E-03   7.607E-02
   9.511E-03   7.155E-02
   9.540E-03   6.789E-02
   9.569E-03   6.363E-02
   9.598E-03   5.970E-02
   9.627E-03   5.633E-02
   9.655E-03   5.303E-02
   9.684E-03   4.967E-02
   9.713E-03   4.676E-02
   9.742E-03   4.379E-02
   9.771E-03   4.142E-02
   9.799E-03   3.860E-02
   9.828E-03   3.606E-02
   9.857E-03   3.355E-02
   9.886E-03   3.140E-02
   9.915E-03   2.920E-02
   9.944E-03   2.726E-02
   9.972E-03   2.546E-02
   1.000E-02   2.373E-02
   1.003E-02   2.198E-02
   1.006E-02   2.053E-02
   1.009E-02   1.883E-02
   1.012E-02   1.753E-02
   1.015E-02   1.608E-02
   1.017E-02   1.497E-02
   1.020E-02   1.391E-02
   1.023E-02   1.277E-02
   1.026E-02   1.170E-02
   1.029E-02   1.064E-02
   1.032E-02   9.878E-03
   1.035E-02   9.000E-03
   1.038E-02   8.265E-03
   1.040E-02   7.591E-03
   1.043E-02   6.902E-03
   1.046E-02   6.295E-03
   1.049E-02   5.729E-03
   1.052E-02   5.184E-03
   1.055E-02   4.668E-03
   1.058E-02   4.272E-03
   1.061E-02   3.878E-03
   1.064E-02   3.464E-03
   1.066E-02   3.114E-03
   1.069E-02   2.822E-03
   1.072E-02   2.530E-03
   1.075E-02   2.260E-03
   1.078E-02   2.022E-03
   1.081E-02   1.801E-03
   1.084E-02   1.596E-03
   1.087E-02   1.412E-03
   1.089E-02   1.243E-03
   1.092E-02   1.098E-03
   1.095E-02   9.597E-04
   1.098E-02   8.436E-04
   1.101E-02   7.327E-04
   1.104E-02   6.401E-04
   1.107E-02   5.485E-04
   1.110E-02   4.716E-04
   1.113E-02   4.003E-04
   1.115E-02   3.414E-04
   1.118E-02   2.844E-04
   1.121E-02   2.379E-04
   1.124E-02   1.940E-04
   1.127E-02   1.560E-04
   1.130E-02   1.237E-04
   1.133E-02   9.435E-05
   1.136E-02   7.036E-05
   1.138E-02   5.011E-05
   1.141E-02   3.375E-05
   1.144E-02   2.076E-05
   1.147E-02   1.093E-05
   1.150E-02   1.216E-07
