   2.980E+02   9.319E-05
   3.015E+02   3.858E-03
   3.050E+02   8.052E-03
   3.085E+02   1.368E-02
   3.121E+02   2.073E-02
   3.156E+02   2.943E-02
   3.191E+02   3.929E-02
   3.226E+02   5.047E-02
   3.261E+02   6.363E-02
   3.296E+02   7.757E-02
   3.331E+02   9.333E-02
   3.367E+02   1.110E-01
   3.402E+02   1.303E-01
   3.437E+02   1.506E-01
   3.472E+02   1.718E-01
   3.507E+02   1.950E-01
   3.542E+02   2.203E-01
   3.577E+02   2.465E-01
   3.612E+02   2.734E-01
   3.648E+02   3.022E-01
   3.683E+02   3.341E-01
   3.718E+02   3.668E-01
   3.753E+02   4.003E-01
   3.788E+02   4.349E-01
   3.823E+02   4.707E-01
   3.858E+02   5.070E-01
   3.894E+02   5.481E-01
   3.929E+02   5.858E-01
   3.964E+02   6.262E-01
   3.999E+02   6.719E-01
   4.034E+02   7.144E-01
   4.069E+02   7.570E-01
   4.104E+02   8.029E-01
   4.140E+02   8.461E-01
   4.175E+02   8.921E-01
   4.210E+02   9.408E-01
   4.245E+02   9.899E-01
   4.280E+02   1.036E+00
   4.315E+02   1.083E+00
   4.350E+02   1.137E+00
   4.386E+02   1.185E+00
   4.421E+02   1.237E+00
   4.456E+02   1.288E+00
   4.491E+02   1.338E+00
   4.526E+02   1.386E+00
   4.561E+02   1.436E+00
   4.596E+02   1.494E+00
   4.631E+02   1.549E+00
   4.667E+02   1.596E+00
   4.702E+02   1.650E+00
   4.737E+02   1.698E+00
   4.772E+02   1.752E+00
   4.807E+02   1.800E+00
   4.842E+02   1.856E+00
   4.877E+02   1.904E+00
   4.913E+02   1.957E+00
   4.948E+02   2.011E+00
   4.983E+02   2.060E+00
   5.018E+02   2.101E+00
   5.053E+02   2.154E+00
   5.088E+02   2.199E+00
   5.123E+02   2.242E+00
   5.159E+02   2.294E+00
   5.194E+02   2.337E+00
   5.229E+02   2.387E+00
   5.264E+02   2.429E+00
   5.299E+02   2.472E+00
   5.334E+02   2.510E+00
   5.369E+02   2.555E+00
   5.405E+02   2.590E+00
   5.440E+02   2.630E+00
   5.475E+02   2.669E+00
   5.510E+02   2.703E+00
   5.545E+02   2.740E+00
   5.580E+02   2.769E+00
   5.615E+02   2.805E+00
   5.650E+02   2.832E+00
   5.686E+02   2.863E+00
   5.721E+02   2.889E+00
   5.756E+02   2.918E+00
   5.791E+02   2.942E+00
   5.826E+02   2.967E+00
   5.861E+02   2.981E+00
   5.896E+02   3.009E+00
   5.932E+02   3.021E+00
   5.967E+02   3.046E+00
   6.002E+02   3.053E+00
   6.037E+02   3.072E+00
   6.072E+02   3.082E+00
   6.107E+02   3.091E+00
   6.142E+02   3.100E+00
   6.178E+02   3.116E+00
   6.213E+02   3.122E+00
   6.248E+02   3.124E+00
   6.283E+02   3.127E+00
   6.318E+02   3.135E+00
   6.353E+02   3.130E+00
   6.388E+02   3.136E+00
   6.424E+02   3.136E+00
   6.459E+02   3.133E+00
   6.494E+02   3.130E+00
   6.529E+02   3.126E+00
   6.564E+02   3.120E+00
   6.599E+02   3.117E+00
   6.634E+02   3.109E+00
   6.669E+02   3.101E+00
   6.705E+02   3.090E+00
   6.740E+02   3.086E+00
   6.775E+02   3.071E+00
   6.810E+02   3.057E+00
   6.845E+02   3.049E+00
   6.880E+02   3.033E+00
   6.915E+02   3.021E+00
   6.951E+02   3.008E+00
   6.986E+02   2.992E+00
   7.021E+02   2.980E+00
   7.056E+02   2.964E+00
   7.091E+02   2.948E+00
   7.126E+02   2.934E+00
   7.161E+02   2.916E+00
   7.197E+02   2.905E+00
   7.232E+02   2.886E+00
   7.267E+02   2.870E+00
   7.302E+02   2.860E+00
   7.337E+02   2.838E+00
   7.372E+02   2.827E+00
   7.407E+02   2.812E+00
   7.443E+02   2.792E+00
   7.478E+02   2.780E+00
   7.513E+02   2.765E+00
   7.548E+02   2.753E+00
   7.583E+02   2.740E+00
   7.618E+02   2.729E+00
   7.653E+02   2.717E+00
   7.688E+02   2.707E+00
   7.724E+02   2.698E+00
   7.759E+02   2.687E+00
   7.794E+02   2.677E+00
   7.829E+02   2.671E+00
   7.864E+02   2.661E+00
   7.899E+02   2.657E+00
   7.934E+02   2.652E+00
   7.970E+02   2.650E+00
   8.005E+02   2.643E+00
   8.040E+02   2.646E+00
   8.075E+02   2.644E+00
   8.110E+02   2.643E+00
   8.145E+02   2.648E+00
   8.180E+02   2.650E+00
   8.216E+02   2.654E+00
   8.251E+02   2.661E+00
   8.286E+02   2.668E+00
   8.321E+02   2.675E+00
   8.356E+02   2.685E+00
   8.391E+02   2.695E+00
   8.426E+02   2.710E+00
   8.462E+02   2.724E+00
   8.497E+02   2.738E+00
   8.532E+02   2.755E+00
   8.567E+02   2.774E+00
   8.602E+02   2.795E+00
   8.637E+02   2.817E+00
   8.672E+02   2.838E+00
   8.707E+02   2.866E+00
   8.743E+02   2.893E+00
   8.778E+02   2.920E+00
   8.813E+02   2.948E+00
   8.848E+02   2.981E+00
   8.883E+02   3.013E+00
   8.918E+02   3.049E+00
   8.953E+02   3.083E+00
   8.989E+02   3.118E+00
   9.024E+02   3.160E+00
   9.059E+02   3.196E+00
   9.094E+02   3.240E+00
   9.129E+02   3.283E+00
   9.164E+02   3.331E+00
   9.199E+02   3.376E+00
   9.235E+02   3.424E+00
   9.270E+02   3.473E+00
   9.305E+02   3.523E+00
   9.340E+02   3.575E+00
   9.375E+02   3.632E+00
   9.410E+02   3.683E+00
   9.445E+02   3.744E+00
   9.481E+02   3.795E+00
   9.516E+02   3.857E+00
   9.551E+02   3.919E+00
   9.586E+02   3.979E+00
   9.621E+02   4.044E+00
   9.656E+02   4.103E+00
   9.691E+02   4.170E+00
   9.726E+02   4.237E+00
   9.762E+02   4.299E+00
   9.797E+02   4.370E+00
   9.832E+02   4.437E+00
   9.867E+02   4.505E+00
   9.902E+02   4.576E+00
   9.937E+02   4.647E+00
   9.972E+02   4.721E+00
   1.001E+03   4.792E+00
   1.004E+03   4.864E+00
   1.008E+03   4.942E+00
   1.011E+03   5.009E+00
   1.015E+03   5.086E+00
   1.018E+03   5.163E+00
   1.022E+03   5.239E+00
   1.025E+03   5.312E+00
   1.029E+03   5.388E+00
   1.032E+03   5.465E+00
   1.036E+03   5.542E+00
   1.039E+03   5.614E+00
   1.043E+03   5.693E+00
   1.046E+03   5.755E+00
   1.050E+03   5.833E+00
   1.053E+03   5.908E+00
   1.057E+03   5.983E+00
   1.060E+03   6.058E+00
   1.064E+03   6.126E+00
   1.068E+03   6.199E+00
   1.071E+03   6.269E+00
   1.075E+03   6.331E+00
   1.078E+03   6.403E+00
   1.082E+03   6.469E+00
   1.085E+03   6.541E+00
   1.089E+03   6.607E+00
   1.092E+03   6.668E+00
   1.096E+03   6.731E+00
   1.099E+03   6.792E+00
   1.103E+03   6.844E+00
   1.106E+03   6.892E+00
   1.110E+03   6.945E+00
   1.113E+03   7.001E+00
   1.117E+03   7.049E+00
   1.120E+03   7.099E+00
   1.124E+03   7.141E+00
   1.127E+03   7.177E+00
   1.131E+03   7.221E+00
   1.134E+03   7.249E+00
   1.138E+03   7.280E+00
   1.141E+03   7.309E+00
   1.145E+03   7.326E+00
   1.148E+03   7.355E+00
   1.152E+03   7.373E+00
   1.155E+03   7.387E+00
   1.159E+03   7.388E+00
   1.162E+03   7.389E+00
   1.166E+03   7.391E+00
   1.169E+03   7.389E+00
   1.173E+03   7.381E+00
   1.176E+03   7.372E+00
   1.180E+03   7.346E+00
   1.183E+03   7.325E+00
   1.187E+03   7.292E+00
   1.191E+03   7.256E+00
   1.194E+03   7.221E+00
   1.198E+03   7.185E+00
   1.201E+03   7.132E+00
   1.205E+03   7.072E+00
   1.208E+03   7.016E+00
   1.212E+03   6.944E+00
   1.215E+03   6.885E+00
   1.219E+03   6.811E+00
   1.222E+03   6.730E+00
   1.226E+03   6.644E+00
   1.229E+03   6.552E+00
   1.233E+03   6.456E+00
   1.236E+03   6.353E+00
   1.240E+03   6.254E+00
   1.243E+03   6.138E+00
   1.247E+03   6.019E+00
   1.250E+03   5.910E+00
   1.254E+03   5.793E+00
   1.257E+03   5.660E+00
   1.261E+03   5.528E+00
   1.264E+03   5.389E+00
   1.268E+03   5.234E+00
   1.271E+03   5.101E+00
   1.275E+03   4.955E+00
   1.278E+03   4.799E+00
   1.282E+03   4.639E+00
   1.285E+03   4.476E+00
   1.289E+03   4.313E+00
   1.292E+03   4.150E+00
   1.296E+03   3.986E+00
   1.299E+03   3.811E+00
   1.303E+03   3.640E+00
   1.306E+03   3.471E+00
   1.310E+03   3.299E+00
   1.313E+03   3.133E+00
   1.317E+03   2.963E+00
   1.321E+03   2.791E+00
   1.324E+03   2.622E+00
   1.328E+03   2.464E+00
   1.331E+03   2.302E+00
   1.335E+03   2.147E+00
   1.338E+03   1.995E+00
   1.342E+03   1.845E+00
   1.345E+03   1.705E+00
   1.349E+03   1.568E+00
   1.352E+03   1.430E+00
   1.356E+03   1.299E+00
   1.359E+03   1.176E+00
   1.363E+03   1.053E+00
   1.366E+03   9.366E-01
   1.370E+03   8.324E-01
   1.373E+03   7.342E-01
   1.377E+03   6.384E-01
   1.380E+03   5.485E-01
   1.384E+03   4.649E-01
   1.387E+03   3.909E-01
   1.391E+03   3.325E-01
   1.394E+03   2.855E-01
   1.398E+03   2.480E-01
   1.401E+03   2.088E-01
   1.405E+03   1.822E-01
   1.408E+03   1.711E-01
   1.412E+03   1.682E-01
   1.415E+03   1.742E-01
   1.419E+03   1.901E-01
   1.422E+03   2.365E-01
   1.426E+03   2.989E-01
   1.429E+03   3.712E-01
   1.433E+03   4.509E-01
   1.436E+03   5.324E-01
   1.440E+03   6.106E-01
   1.443E+03   6.814E-01
   1.447E+03   7.570E-01
   1.451E+03   8.321E-01
   1.454E+03   9.096E-01
   1.458E+03   9.886E-01
   1.461E+03   1.067E+00
   1.465E+03   1.140E+00
   1.468E+03   1.207E+00
   1.472E+03   1.275E+00
   1.475E+03   1.338E+00
   1.479E+03   1.402E+00
   1.482E+03   1.467E+00
   1.486E+03   1.524E+00
   1.489E+03   1.578E+00
   1.493E+03   1.630E+00
   1.496E+03   1.679E+00
   1.500E+03   1.724E+00
   1.503E+03   1.767E+00
   1.507E+03   1.811E+00
   1.510E+03   1.849E+00
   1.514E+03   1.885E+00
   1.517E+03   1.917E+00
   1.521E+03   1.945E+00
   1.524E+03   1.968E+00
   1.528E+03   2.002E+00
   1.531E+03   2.028E+00
   1.535E+03   2.055E+00
   1.538E+03   2.070E+00
   1.542E+03   2.085E+00
   1.545E+03   2.096E+00
   1.549E+03   2.109E+00
   1.552E+03   2.125E+00
   1.556E+03   2.135E+00
   1.559E+03   2.143E+00
   1.563E+03   2.153E+00
   1.566E+03   2.161E+00
   1.570E+03   2.163E+00
   1.574E+03   2.164E+00
   1.577E+03   2.161E+00
   1.581E+03   2.154E+00
   1.584E+03   2.143E+00
   1.588E+03   2.130E+00
   1.591E+03   2.120E+00
   1.595E+03   2.115E+00
   1.598E+03   2.106E+00
   1.602E+03   2.086E+00
   1.605E+03   2.067E+00
   1.609E+03   2.057E+00
   1.612E+03   2.048E+00
   1.616E+03   2.041E+00
   1.619E+03   2.029E+00
   1.623E+03   2.019E+00
   1.626E+03   2.005E+00
   1.630E+03   1.987E+00
   1.633E+03   1.970E+00
   1.637E+03   1.954E+00
   1.640E+03   1.946E+00
   1.644E+03   1.938E+00
   1.647E+03   1.913E+00
   1.651E+03   1.884E+00
   1.654E+03   1.854E+00
   1.658E+03   1.836E+00
   1.661E+03   1.814E+00
   1.665E+03   1.786E+00
   1.668E+03   1.778E+00
   1.672E+03   1.762E+00
   1.675E+03   1.748E+00
   1.679E+03   1.746E+00
   1.682E+03   1.758E+00
   1.686E+03   1.781E+00
   1.689E+03   1.799E+00
   1.693E+03   1.848E+00
   1.696E+03   1.863E+00
   1.700E+03   1.651E+00
