   0.000E+00   4.594E+00
   2.882E-05   1.885E+01
   5.764E-05   2.453E+01
   8.647E-05   2.893E+01
   1.153E-04   3.270E+01
   1.441E-04   3.612E+01
   1.729E-04   3.937E+01
   2.018E-04   4.252E+01
   2.306E-04   4.565E+01
   2.594E-04   4.884E+01
   2.882E-04   5.210E+01
   3.170E-04   5.536E+01
   3.459E-04   5.877E+01
   3.747E-04   6.226E+01
   4.035E-04   6.582E+01
   4.323E-04   6.949E+01
   4.612E-04   7.331E+01
   4.900E-04   7.722E+01
   5.188E-04   8.132E+01
   5.476E-04   8.551E+01
   5.764E-04   8.966E+01
   6.053E-04   9.395E+01
   6.341E-04   9.828E+01
   6.629E-04   1.026E+02
   6.917E-04   1.070E+02
   7.206E-04   1.113E+02
   7.494E-04   1.155E+02
   7.782E-04   1.198E+02
   8.070E-04   1.241E+02
   8.358E-04   1.282E+02
   8.647E-04   1.324E+02
   8.935E-04   1.364E+02
   9.223E-04   1.404E+02
   9.511E-04   1.444E+02
   9.799E-04   1.482E+02
   1.009E-03   1.522E+02
   1.038E-03   1.559E+02
   1.066E-03   1.596E+02
   1.095E-03   1.633E+02
   1.124E-03   1.668E+02
   1.153E-03   1.703E+02
   1.182E-03   1.738E+02
   1.211E-03   1.773E+02
   1.239E-03   1.805E+02
   1.268E-03   1.839E+02
   1.297E-03   1.871E+02
   1.326E-03   1.903E+02
   1.355E-03   1.934E+02
   1.383E-03   1.963E+02
   1.412E-03   1.993E+02
   1.441E-03   2.024E+02
   1.470E-03   2.052E+02
   1.499E-03   2.081E+02
   1.528E-03   2.109E+02
   1.556E-03   2.136E+02
   1.585E-03   2.165E+02
   1.614E-03   2.193E+02
   1.643E-03   2.218E+02
   1.672E-03   2.243E+02
   1.701E-03   2.269E+02
   1.729E-03   2.294E+02
   1.758E-03   2.320E+02
   1.787E-03   2.342E+02
   1.816E-03   2.366E+02
   1.845E-03   2.389E+02
   1.873E-03   2.414E+02
   1.902E-03   2.434E+02
   1.931E-03   2.457E+02
   1.960E-03   2.479E+02
   1.989E-03   2.499E+02
   2.018E-03   2.520E+02
   2.046E-03   2.541E+02
   2.075E-03   2.561E+02
   2.104E-03   2.582E+02
   2.133E-03   2.600E+02
   2.162E-03   2.620E+02
   2.190E-03   2.639E+02
   2.219E-03   2.657E+02
   2.248E-03   2.676E+02
   2.277E-03   2.695E+02
   2.306E-03   2.714E+02
   2.335E-03   2.730E+02
   2.363E-03   2.747E+02
   2.392E-03   2.760E+02
   2.421E-03   2.781E+02
   2.450E-03   2.794E+02
   2.479E-03   2.810E+02
   2.508E-03   2.827E+02
   2.536E-03   2.842E+02
   2.565E-03   2.856E+02
   2.594E-03   2.870E+02
   2.623E-03   2.885E+02
   2.652E-03   2.899E+02
   2.680E-03   2.913E+02
   2.709E-03   2.927E+02
   2.738E-03   2.940E+02
   2.767E-03   2.952E+02
   2.796E-03   2.967E+02
   2.825E-03   2.978E+02
   2.853E-03   2.992E+02
   2.882E-03   3.000E+02
   2.911E-03   3.011E+02
   2.940E-03   3.021E+02
   2.969E-03   3.032E+02
   2.997E-03   3.043E+02
   3.026E-03   3.057E+02
   3.055E-03   3.066E+02
   3.084E-03   3.073E+02
   3.113E-03   3.082E+02
   3.142E-03   3.095E+02
   3.170E-03   3.105E+02
   3.199E-03   3.110E+02
   3.228E-03   3.119E+02
   3.257E-03   3.126E+02
   3.286E-03   3.139E+02
   3.315E-03   3.143E+02
   3.343E-03   3.154E+02
   3.372E-03   3.161E+02
   3.401E-03   3.165E+02
   3.430E-03   3.172E+02
   3.459E-03   3.183E+02
   3.487E-03   3.186E+02
   3.516E-03   3.196E+02
   3.545E-03   3.201E+02
   3.574E-03   3.207E+02
   3.603E-03   3.214E+02
   3.632E-03   3.220E+02
   3.660E-03   3.226E+02
   3.689E-03   3.230E+02
   3.718E-03   3.235E+02
   3.747E-03   3.240E+02
   3.776E-03   3.246E+02
   3.805E-03   3.252E+02
   3.833E-03   3.254E+02
   3.862E-03   3.257E+02
   3.891E-03   3.264E+02
   3.920E-03   3.266E+02
   3.949E-03   3.271E+02
   3.977E-03   3.276E+02
   4.006E-03   3.275E+02
   4.035E-03   3.281E+02
   4.064E-03   3.283E+02
   4.093E-03   3.289E+02
   4.122E-03   3.287E+02
   4.150E-03   3.293E+02
   4.179E-03   3.298E+02
   4.208E-03   3.299E+02
   4.237E-03   3.301E+02
   4.266E-03   3.304E+02
   4.294E-03   3.304E+02
   4.323E-03   3.305E+02
   4.352E-03   3.307E+02
   4.381E-03   3.304E+02
   4.410E-03   3.310E+02
   4.439E-03   3.314E+02
   4.467E-03   3.309E+02
   4.496E-03   3.312E+02
   4.525E-03   3.311E+02
   4.554E-03   3.309E+02
   4.583E-03   3.310E+02
   4.612E-03   3.311E+02
   4.640E-03   3.312E+02
   4.669E-03   3.310E+02
   4.698E-03   3.308E+02
   4.727E-03   3.306E+02
   4.756E-03   3.305E+02
   4.784E-03   3.304E+02
   4.813E-03   3.303E+02
   4.842E-03   3.303E+02
   4.871E-03   3.306E+02
   4.900E-03   3.301E+02
   4.929E-03   3.301E+02
   4.957E-03   3.299E+02
   4.986E-03   3.297E+02
   5.015E-03   3.290E+02
   5.044E-03   3.291E+02
   5.073E-03   3.289E+02
   5.102E-03   3.285E+02
   5.130E-03   3.282E+02
   5.159E-03   3.276E+02
   5.188E-03   3.276E+02
   5.217E-03   3.274E+02
   5.246E-03   3.269E+02
   5.274E-03   3.264E+02
   5.303E-03   3.260E+02
   5.332E-03   3.260E+02
   5.361E-03   3.254E+02
   5.390E-03   3.252E+02
   5.419E-03   3.254E+02
   5.447E-03   3.237E+02
   5.476E-03   3.237E+02
   5.505E-03   3.233E+02
   5.534E-03   3.225E+02
   5.563E-03   3.225E+02
   5.591E-03   3.218E+02
   5.620E-03   3.213E+02
   5.649E-03   3.207E+02
   5.678E-03   3.200E+02
   5.707E-03   3.195E+02
   5.736E-03   3.188E+02
   5.764E-03   3.182E+02
   5.793E-03   3.178E+02
   5.822E-03   3.167E+02
   5.851E-03   3.163E+02
   5.880E-03   3.158E+02
   5.909E-03   3.151E+02
   5.937E-03   3.145E+02
   5.966E-03   3.138E+02
   5.995E-03   3.129E+02
   6.024E-03   3.123E+02
   6.053E-03   3.114E+02
   6.081E-03   3.111E+02
   6.110E-03   3.096E+02
   6.139E-03   3.091E+02
   6.168E-03   3.084E+02
   6.197E-03   3.072E+02
   6.226E-03   3.069E+02
   6.254E-03   3.055E+02
   6.283E-03   3.045E+02
   6.312E-03   3.034E+02
   6.341E-03   3.034E+02
   6.370E-03   3.021E+02
   6.398E-03   3.008E+02
   6.427E-03   3.000E+02
   6.456E-03   2.994E+02
   6.485E-03   2.980E+02
   6.514E-03   2.973E+02
   6.543E-03   2.966E+02
   6.571E-03   2.952E+02
   6.600E-03   2.941E+02
   6.629E-03   2.933E+02
   6.658E-03   2.919E+02
   6.687E-03   2.909E+02
   6.716E-03   2.901E+02
   6.744E-03   2.894E+02
   6.773E-03   2.874E+02
   6.802E-03   2.867E+02
   6.831E-03   2.852E+02
   6.860E-03   2.837E+02
   6.888E-03   2.828E+02
   6.917E-03   2.821E+02
   6.946E-03   2.807E+02
   6.975E-03   2.793E+02
   7.004E-03   2.785E+02
   7.033E-03   2.767E+02
   7.061E-03   2.757E+02
   7.090E-03   2.744E+02
   7.119E-03   2.728E+02
   7.148E-03   2.714E+02
   7.177E-03   2.704E+02
   7.206E-03   2.690E+02
   7.234E-03   2.676E+02
   7.263E-03   2.661E+02
   7.292E-03   2.651E+02
   7.321E-03   2.638E+02
   7.350E-03   2.621E+02
   7.378E-03   2.606E+02
   7.407E-03   2.592E+02
   7.436E-03   2.579E+02
   7.465E-03   2.562E+02
   7.494E-03   2.542E+02
   7.523E-03   2.537E+02
   7.551E-03   2.516E+02
   7.580E-03   2.503E+02
   7.609E-03   2.484E+02
   7.638E-03   2.472E+02
   7.667E-03   2.456E+02
   7.695E-03   2.441E+02
   7.724E-03   2.426E+02
   7.753E-03   2.406E+02
   7.782E-03   2.395E+02
   7.811E-03   2.378E+02
   7.840E-03   2.357E+02
   7.868E-03   2.342E+02
   7.897E-03   2.330E+02
   7.926E-03   2.308E+02
   7.955E-03   2.291E+02
   7.984E-03   2.277E+02
   8.013E-03   2.261E+02
   8.041E-03   2.241E+02
   8.070E-03   2.222E+02
   8.099E-03   2.207E+02
   8.128E-03   2.186E+02
   8.157E-03   2.172E+02
   8.185E-03   2.153E+02
   8.214E-03   2.135E+02
   8.243E-03   2.115E+02
   8.272E-03   2.098E+02
   8.301E-03   2.079E+02
   8.330E-03   2.062E+02
   8.358E-03   2.042E+02
   8.387E-03   2.024E+02
   8.416E-03   2.006E+02
   8.445E-03   1.987E+02
   8.474E-03   1.968E+02
   8.503E-03   1.949E+02
   8.531E-03   1.932E+02
   8.560E-03   1.912E+02
   8.589E-03   1.889E+02
   8.618E-03   1.870E+02
   8.647E-03   1.855E+02
   8.675E-03   1.830E+02
   8.704E-03   1.811E+02
   8.733E-03   1.793E+02
   8.762E-03   1.770E+02
   8.791E-03   1.752E+02
   8.820E-03   1.732E+02
   8.848E-03   1.712E+02
   8.877E-03   1.695E+02
   8.906E-03   1.669E+02
   8.935E-03   1.652E+02
   8.964E-03   1.630E+02
   8.992E-03   1.611E+02
   9.021E-03   1.591E+02
   9.050E-03   1.571E+02
   9.079E-03   1.550E+02
   9.108E-03   1.530E+02
   9.137E-03   1.514E+02
   9.165E-03   1.490E+02
   9.194E-03   1.468E+02
   9.223E-03   1.451E+02
   9.252E-03   1.429E+02
   9.281E-03   1.406E+02
   9.310E-03   1.385E+02
   9.338E-03   1.365E+02
   9.367E-03   1.345E+02
   9.396E-03   1.325E+02
   9.425E-03   1.304E+02
   9.454E-03   1.283E+02
   9.482E-03   1.264E+02
   9.511E-03   1.243E+02
   9.540E-03   1.224E+02
   9.569E-03   1.202E+02
   9.598E-03   1.179E+02
   9.627E-03   1.159E+02
   9.655E-03   1.139E+02
   9.684E-03   1.118E+02
   9.713E-03   1.098E+02
   9.742E-03   1.078E+02
   9.771E-03   1.059E+02
   9.799E-03   1.038E+02
   9.828E-03   1.017E+02
   9.857E-03   9.947E+01
   9.886E-03   9.749E+01
   9.915E-03   9.543E+01
   9.944E-03   9.353E+01
   9.972E-03   9.158E+01
   1.000E-02   8.966E+01
   1.003E-02   8.760E+01
   1.006E-02   8.565E+01
   1.009E-02   8.367E+01
   1.012E-02   8.173E+01
   1.015E-02   7.967E+01
   1.017E-02   7.792E+01
   1.020E-02   7.610E+01
   1.023E-02   7.418E+01
   1.026E-02   7.221E+01
   1.029E-02   7.016E+01
   1.032E-02   6.836E+01
   1.035E-02   6.647E+01
   1.038E-02   6.463E+01
   1.040E-02   6.284E+01
   1.043E-02   6.108E+01
   1.046E-02   5.920E+01
   1.049E-02   5.740E+01
   1.052E-02   5.566E+01
   1.055E-02   5.366E+01
   1.058E-02   5.203E+01
   1.061E-02   5.021E+01
   1.064E-02   4.845E+01
   1.066E-02   4.665E+01
   1.069E-02   4.498E+01
   1.072E-02   4.321E+01
   1.075E-02   4.162E+01
   1.078E-02   3.983E+01
   1.081E-02   3.819E+01
   1.084E-02   3.644E+01
   1.087E-02   3.486E+01
   1.089E-02   3.319E+01
   1.092E-02   3.154E+01
   1.095E-02   2.990E+01
   1.098E-02   2.828E+01
   1.101E-02   2.669E+01
   1.104E-02   2.510E+01
   1.107E-02   2.351E+01
   1.110E-02   2.199E+01
   1.113E-02   2.045E+01
   1.115E-02   1.891E+01
   1.118E-02   1.741E+01
   1.121E-02   1.593E+01
   1.124E-02   1.444E+01
   1.127E-02   1.300E+01
   1.130E-02   1.157E+01
   1.133E-02   1.015E+01
   1.136E-02   8.756E+00
   1.138E-02   7.368E+00
   1.141E-02   6.010E+00
   1.144E-02   4.675E+00
   1.147E-02   3.318E+00
   1.150E-02   7.073E-02
