   0.000E+00   1.873E-03
   2.882E-05   2.270E-02
   5.764E-05   3.496E-02
   8.647E-05   4.456E-02
   1.153E-04   5.297E-02
   1.441E-04   6.057E-02
   1.729E-04   6.764E-02
   2.018E-04   7.454E-02
   2.306E-04   8.148E-02
   2.594E-04   8.856E-02
   2.882E-04   9.573E-02
   3.170E-04   1.029E-01
   3.459E-04   1.104E-01
   3.747E-04   1.180E-01
   4.035E-04   1.256E-01
   4.323E-04   1.335E-01
   4.612E-04   1.415E-01
   4.900E-04   1.498E-01
   5.188E-04   1.583E-01
   5.476E-04   1.669E-01
   5.764E-04   1.755E-01
   6.053E-04   1.844E-01
   6.341E-04   1.934E-01
   6.629E-04   2.024E-01
   6.917E-04   2.114E-01
   7.206E-04   2.205E-01
   7.494E-04   2.296E-01
   7.782E-04   2.388E-01
   8.070E-04   2.480E-01
   8.358E-04   2.571E-01
   8.647E-04   2.663E-01
   8.935E-04   2.755E-01
   9.223E-04   2.846E-01
   9.511E-04   2.939E-01
   9.799E-04   3.029E-01
   1.009E-03   3.122E-01
   1.038E-03   3.213E-01
   1.066E-03   3.304E-01
   1.095E-03   3.397E-01
   1.124E-03   3.486E-01
   1.153E-03   3.580E-01
   1.182E-03   3.668E-01
   1.211E-03   3.764E-01
   1.239E-03   3.856E-01
   1.268E-03   3.948E-01
   1.297E-03   4.039E-01
   1.326E-03   4.130E-01
   1.355E-03   4.224E-01
   1.383E-03   4.311E-01
   1.412E-03   4.404E-01
   1.441E-03   4.497E-01
   1.470E-03   4.590E-01
   1.499E-03   4.685E-01
   1.528E-03   4.776E-01
   1.556E-03   4.870E-01
   1.585E-03   4.965E-01
   1.614E-03   5.060E-01
   1.643E-03   5.155E-01
   1.672E-03   5.247E-01
   1.701E-03   5.344E-01
   1.729E-03   5.437E-01
   1.758E-03   5.538E-01
   1.787E-03   5.629E-01
   1.816E-03   5.723E-01
   1.845E-03   5.824E-01
   1.873E-03   5.919E-01
   1.902E-03   6.015E-01
   1.931E-03   6.108E-01
   1.960E-03   6.208E-01
   1.989E-03   6.307E-01
   2.018E-03   6.403E-01
   2.046E-03   6.504E-01
   2.075E-03   6.601E-01
   2.104E-03   6.704E-01
   2.133E-03   6.798E-01
   2.162E-03   6.902E-01
   2.190E-03   7.006E-01
   2.219E-03   7.101E-01
   2.248E-03   7.199E-01
   2.277E-03   7.301E-01
   2.306E-03   7.411E-01
   2.335E-03   7.509E-01
   2.363E-03   7.606E-01
   2.392E-03   7.706E-01
   2.421E-03   7.821E-01
   2.450E-03   7.919E-01
   2.479E-03   8.024E-01
   2.508E-03   8.133E-01
   2.536E-03   8.231E-01
   2.565E-03   8.333E-01
   2.594E-03   8.440E-01
   2.623E-03   8.546E-01
   2.652E-03   8.660E-01
   2.680E-03   8.759E-01
   2.709E-03   8.873E-01
   2.738E-03   8.970E-01
   2.767E-03   9.076E-01
   2.796E-03   9.183E-01
   2.825E-03   9.298E-01
   2.853E-03   9.405E-01
   2.882E-03   9.500E-01
   2.911E-03   9.609E-01
   2.940E-03   9.721E-01
   2.969E-03   9.823E-01
   2.997E-03   9.933E-01
   3.026E-03   1.005E+00
   3.055E-03   1.015E+00
   3.084E-03   1.025E+00
   3.113E-03   1.036E+00
   3.142E-03   1.048E+00
   3.170E-03   1.058E+00
   3.199E-03   1.068E+00
   3.228E-03   1.080E+00
   3.257E-03   1.090E+00
   3.286E-03   1.101E+00
   3.315E-03   1.111E+00
   3.343E-03   1.123E+00
   3.372E-03   1.134E+00
   3.401E-03   1.144E+00
   3.430E-03   1.153E+00
   3.459E-03   1.166E+00
   3.487E-03   1.176E+00
   3.516E-03   1.187E+00
   3.545E-03   1.197E+00
   3.574E-03   1.208E+00
   3.603E-03   1.219E+00
   3.632E-03   1.229E+00
   3.660E-03   1.240E+00
   3.689E-03   1.251E+00
   3.718E-03   1.260E+00
   3.747E-03   1.272E+00
   3.776E-03   1.282E+00
   3.805E-03   1.293E+00
   3.833E-03   1.303E+00
   3.862E-03   1.312E+00
   3.891E-03   1.323E+00
   3.920E-03   1.333E+00
   3.949E-03   1.344E+00
   3.977E-03   1.356E+00
   4.006E-03   1.363E+00
   4.035E-03   1.374E+00
   4.064E-03   1.383E+00
   4.093E-03   1.393E+00
   4.122E-03   1.403E+00
   4.150E-03   1.413E+00
   4.179E-03   1.424E+00
   4.208E-03   1.432E+00
   4.237E-03   1.443E+00
   4.266E-03   1.453E+00
   4.294E-03   1.461E+00
   4.323E-03   1.471E+00
   4.352E-03   1.479E+00
   4.381E-03   1.486E+00
   4.410E-03   1.497E+00
   4.439E-03   1.508E+00
   4.467E-03   1.514E+00
   4.496E-03   1.523E+00
   4.525E-03   1.531E+00
   4.554E-03   1.538E+00
   4.583E-03   1.547E+00
   4.612E-03   1.556E+00
   4.640E-03   1.564E+00
   4.669E-03   1.571E+00
   4.698E-03   1.577E+00
   4.727E-03   1.585E+00
   4.756E-03   1.592E+00
   4.784E-03   1.599E+00
   4.813E-03   1.607E+00
   4.842E-03   1.614E+00
   4.871E-03   1.623E+00
   4.900E-03   1.628E+00
   4.929E-03   1.634E+00
   4.957E-03   1.642E+00
   4.986E-03   1.647E+00
   5.015E-03   1.650E+00
   5.044E-03   1.658E+00
   5.073E-03   1.664E+00
   5.102E-03   1.668E+00
   5.130E-03   1.672E+00
   5.159E-03   1.677E+00
   5.188E-03   1.681E+00
   5.217E-03   1.686E+00
   5.246E-03   1.690E+00
   5.274E-03   1.692E+00
   5.303E-03   1.697E+00
   5.332E-03   1.701E+00
   5.361E-03   1.705E+00
   5.390E-03   1.709E+00
   5.419E-03   1.715E+00
   5.447E-03   1.711E+00
   5.476E-03   1.716E+00
   5.505E-03   1.719E+00
   5.534E-03   1.718E+00
   5.563E-03   1.723E+00
   5.591E-03   1.723E+00
   5.620E-03   1.724E+00
   5.649E-03   1.726E+00
   5.678E-03   1.726E+00
   5.707E-03   1.726E+00
   5.736E-03   1.726E+00
   5.764E-03   1.727E+00
   5.793E-03   1.727E+00
   5.822E-03   1.724E+00
   5.851E-03   1.725E+00
   5.880E-03   1.726E+00
   5.909E-03   1.724E+00
   5.937E-03   1.723E+00
   5.966E-03   1.721E+00
   5.995E-03   1.720E+00
   6.024E-03   1.717E+00
   6.053E-03   1.715E+00
   6.081E-03   1.715E+00
   6.110E-03   1.708E+00
   6.139E-03   1.707E+00
   6.168E-03   1.707E+00
   6.197E-03   1.700E+00
   6.226E-03   1.700E+00
   6.254E-03   1.694E+00
   6.283E-03   1.689E+00
   6.312E-03   1.687E+00
   6.341E-03   1.687E+00
   6.370E-03   1.681E+00
   6.398E-03   1.675E+00
   6.427E-03   1.669E+00
   6.456E-03   1.669E+00
   6.485E-03   1.663E+00
   6.514E-03   1.659E+00
   6.543E-03   1.657E+00
   6.571E-03   1.651E+00
   6.600E-03   1.646E+00
   6.629E-03   1.643E+00
   6.658E-03   1.635E+00
   6.687E-03   1.634E+00
   6.716E-03   1.630E+00
   6.744E-03   1.627E+00
   6.773E-03   1.623E+00
   6.802E-03   1.620E+00
   6.831E-03   1.613E+00
   6.860E-03   1.609E+00
   6.888E-03   1.608E+00
   6.917E-03   1.605E+00
   6.946E-03   1.604E+00
   6.975E-03   1.599E+00
   7.004E-03   1.599E+00
   7.033E-03   1.596E+00
   7.061E-03   1.594E+00
   7.090E-03   1.592E+00
   7.119E-03   1.595E+00
   7.148E-03   1.591E+00
   7.177E-03   1.593E+00
   7.206E-03   1.591E+00
   7.234E-03   1.592E+00
   7.263E-03   1.592E+00
   7.292E-03   1.595E+00
   7.321E-03   1.600E+00
   7.350E-03   1.603E+00
   7.378E-03   1.609E+00
   7.407E-03   1.610E+00
   7.436E-03   1.617E+00
   7.465E-03   1.620E+00
   7.494E-03   1.627E+00
   7.523E-03   1.633E+00
   7.551E-03   1.641E+00
   7.580E-03   1.650E+00
   7.609E-03   1.657E+00
   7.638E-03   1.669E+00
   7.667E-03   1.679E+00
   7.695E-03   1.691E+00
   7.724E-03   1.702E+00
   7.753E-03   1.715E+00
   7.782E-03   1.729E+00
   7.811E-03   1.744E+00
   7.840E-03   1.760E+00
   7.868E-03   1.777E+00
   7.897E-03   1.790E+00
   7.926E-03   1.812E+00
   7.955E-03   1.827E+00
   7.984E-03   1.844E+00
   8.013E-03   1.862E+00
   8.041E-03   1.885E+00
   8.070E-03   1.903E+00
   8.099E-03   1.922E+00
   8.128E-03   1.946E+00
   8.157E-03   1.966E+00
   8.185E-03   1.992E+00
   8.214E-03   2.010E+00
   8.243E-03   2.042E+00
   8.272E-03   2.063E+00
   8.301E-03   2.086E+00
   8.330E-03   2.108E+00
   8.358E-03   2.139E+00
   8.387E-03   2.159E+00
   8.416E-03   2.188E+00
   8.445E-03   2.209E+00
   8.474E-03   2.235E+00
   8.503E-03   2.259E+00
   8.531E-03   2.283E+00
   8.560E-03   2.308E+00
   8.589E-03   2.333E+00
   8.618E-03   2.354E+00
   8.647E-03   2.382E+00
   8.675E-03   2.398E+00
   8.704E-03   2.421E+00
   8.733E-03   2.447E+00
   8.762E-03   2.468E+00
   8.791E-03   2.490E+00
   8.820E-03   2.504E+00
   8.848E-03   2.525E+00
   8.877E-03   2.540E+00
   8.906E-03   2.560E+00
   8.935E-03   2.571E+00
   8.964E-03   2.588E+00
   8.992E-03   2.600E+00
   9.021E-03   2.610E+00
   9.050E-03   2.621E+00
   9.079E-03   2.634E+00
   9.108E-03   2.635E+00
   9.137E-03   2.644E+00
   9.165E-03   2.643E+00
   9.194E-03   2.646E+00
   9.223E-03   2.648E+00
   9.252E-03   2.648E+00
   9.281E-03   2.641E+00
   9.310E-03   2.635E+00
   9.338E-03   2.627E+00
   9.367E-03   2.621E+00
   9.396E-03   2.611E+00
   9.425E-03   2.598E+00
   9.454E-03   2.586E+00
   9.482E-03   2.571E+00
   9.511E-03   2.552E+00
   9.540E-03   2.535E+00
   9.569E-03   2.513E+00
   9.598E-03   2.488E+00
   9.627E-03   2.466E+00
   9.655E-03   2.434E+00
   9.684E-03   2.405E+00
   9.713E-03   2.374E+00
   9.742E-03   2.348E+00
   9.771E-03   2.318E+00
   9.799E-03   2.280E+00
   9.828E-03   2.246E+00
   9.857E-03   2.202E+00
   9.886E-03   2.166E+00
   9.915E-03   2.124E+00
   9.944E-03   2.090E+00
   9.972E-03   2.049E+00
   1.000E-02   2.007E+00
   1.003E-02   1.963E+00
   1.006E-02   1.920E+00
   1.009E-02   1.871E+00
   1.012E-02   1.827E+00
   1.015E-02   1.777E+00
   1.017E-02   1.736E+00
   1.020E-02   1.688E+00
   1.023E-02   1.641E+00
   1.026E-02   1.589E+00
   1.029E-02   1.535E+00
   1.032E-02   1.492E+00
   1.035E-02   1.438E+00
   1.038E-02   1.391E+00
   1.040E-02   1.345E+00
   1.043E-02   1.296E+00
   1.046E-02   1.244E+00
   1.049E-02   1.194E+00
   1.052E-02   1.146E+00
   1.055E-02   1.093E+00
   1.058E-02   1.050E+00
   1.061E-02   1.000E+00
   1.064E-02   9.513E-01
   1.066E-02   9.047E-01
   1.069E-02   8.598E-01
   1.072E-02   8.133E-01
   1.075E-02   7.693E-01
   1.078E-02   7.242E-01
   1.081E-02   6.817E-01
   1.084E-02   6.377E-01
   1.087E-02   5.962E-01
   1.089E-02   5.557E-01
   1.092E-02   5.155E-01
   1.095E-02   4.761E-01
   1.098E-02   4.388E-01
   1.101E-02   4.021E-01
   1.104E-02   3.681E-01
   1.107E-02   3.339E-01
   1.110E-02   3.018E-01
   1.113E-02   2.713E-01
   1.115E-02   2.418E-01
   1.118E-02   2.137E-01
   1.121E-02   1.878E-01
   1.124E-02   1.627E-01
   1.127E-02   1.396E-01
   1.130E-02   1.182E-01
   1.133E-02   9.843E-02
   1.136E-02   8.027E-02
   1.138E-02   6.371E-02
   1.141E-02   4.893E-02
   1.144E-02   3.577E-02
   1.147E-02   2.388E-02
   1.150E-02   4.623E-04
