   0.000E+00   2.551E+04
   2.882E-05   3.729E+02
   5.764E-05   2.466E+02
   8.647E-05   2.043E+02
   1.153E-04   1.854E+02
   1.441E-04   1.778E+02
   1.729E-04   1.786E+02
   2.018E-04   1.845E+02
   2.306E-04   1.960E+02
   2.594E-04   2.150E+02
   2.882E-04   2.406E+02
   3.170E-04   2.664E+02
   3.459E-04   2.868E+02
   3.747E-04   3.020E+02
   4.035E-04   3.119E+02
   4.323E-04   3.177E+02
   4.612E-04   3.203E+02
   4.900E-04   3.200E+02
   5.188E-04   3.178E+02
   5.476E-04   3.146E+02
   5.764E-04   3.078E+02
   6.053E-04   2.986E+02
   6.341E-04   2.869E+02
   6.629E-04   2.722E+02
   6.917E-04   2.563E+02
   7.206E-04   2.395E+02
   7.494E-04   2.216E+02
   7.782E-04   2.034E+02
   8.070E-04   1.865E+02
   8.358E-04   1.702E+02
   8.647E-04   1.552E+02
   8.935E-04   1.411E+02
   9.223E-04   1.295E+02
   9.511E-04   1.194E+02
   9.799E-04   1.109E+02
   1.009E-03   1.037E+02
   1.038E-03   9.744E+01
   1.066E-03   9.226E+01
   1.095E-03   8.750E+01
   1.124E-03   8.334E+01
   1.153E-03   7.937E+01
   1.182E-03   7.588E+01
   1.211E-03   7.253E+01
   1.239E-03   6.931E+01
   1.268E-03   6.622E+01
   1.297E-03   6.326E+01
   1.326E-03   6.079E+01
   1.355E-03   5.798E+01
   1.383E-03   5.557E+01
   1.412E-03   5.313E+01
   1.441E-03   5.075E+01
   1.470E-03   4.840E+01
   1.499E-03   4.628E+01
   1.528E-03   4.427E+01
   1.556E-03   4.222E+01
   1.585E-03   4.037E+01
   1.614E-03   3.865E+01
   1.643E-03   3.682E+01
   1.672E-03   3.529E+01
   1.701E-03   3.361E+01
   1.729E-03   3.215E+01
   1.758E-03   3.069E+01
   1.787E-03   2.944E+01
   1.816E-03   2.818E+01
   1.845E-03   2.687E+01
   1.873E-03   2.571E+01
   1.902E-03   2.447E+01
   1.931E-03   2.356E+01
   1.960E-03   2.247E+01
   1.989E-03   2.151E+01
   2.018E-03   2.061E+01
   2.046E-03   1.970E+01
   2.075E-03   1.881E+01
   2.104E-03   1.809E+01
   2.133E-03   1.728E+01
   2.162E-03   1.654E+01
   2.190E-03   1.581E+01
   2.219E-03   1.510E+01
   2.248E-03   1.447E+01
   2.277E-03   1.400E+01
   2.306E-03   1.336E+01
   2.335E-03   1.274E+01
   2.363E-03   1.234E+01
   2.392E-03   1.179E+01
   2.421E-03   1.125E+01
   2.450E-03   1.085E+01
   2.479E-03   1.034E+01
   2.508E-03   9.933E+00
   2.536E-03   9.536E+00
   2.565E-03   9.178E+00
   2.594E-03   8.784E+00
   2.623E-03   8.489E+00
   2.652E-03   8.061E+00
   2.680E-03   7.776E+00
   2.709E-03   7.501E+00
   2.738E-03   7.227E+00
   2.767E-03   6.922E+00
   2.796E-03   6.670E+00
   2.825E-03   6.410E+00
   2.853E-03   6.172E+00
   2.882E-03   5.958E+00
   2.911E-03   5.745E+00
   2.940E-03   5.463E+00
   2.969E-03   5.287E+00
   2.997E-03   5.124E+00
   3.026E-03   4.957E+00
   3.055E-03   4.772E+00
   3.084E-03   4.579E+00
   3.113E-03   4.424E+00
   3.142E-03   4.266E+00
   3.170E-03   4.111E+00
   3.199E-03   3.976E+00
   3.228E-03   3.864E+00
   3.257E-03   3.716E+00
   3.286E-03   3.622E+00
   3.315E-03   3.508E+00
   3.343E-03   3.387E+00
   3.372E-03   3.278E+00
   3.401E-03   3.174E+00
   3.430E-03   3.106E+00
   3.459E-03   2.997E+00
   3.487E-03   2.910E+00
   3.516E-03   2.817E+00
   3.545E-03   2.788E+00
   3.574E-03   2.684E+00
   3.603E-03   2.597E+00
   3.632E-03   2.542E+00
   3.660E-03   2.462E+00
   3.689E-03   2.394E+00
   3.718E-03   2.346E+00
   3.747E-03   2.301E+00
   3.776E-03   2.247E+00
   3.805E-03   2.199E+00
   3.833E-03   2.138E+00
   3.862E-03   2.100E+00
   3.891E-03   2.056E+00
   3.920E-03   2.029E+00
   3.949E-03   1.989E+00
   3.977E-03   1.943E+00
   4.006E-03   1.914E+00
   4.035E-03   1.880E+00
   4.064E-03   1.854E+00
   4.093E-03   1.815E+00
   4.122E-03   1.781E+00
   4.150E-03   1.758E+00
   4.179E-03   1.734E+00
   4.208E-03   1.710E+00
   4.237E-03   1.691E+00
   4.266E-03   1.660E+00
   4.294E-03   1.647E+00
   4.323E-03   1.624E+00
   4.352E-03   1.603E+00
   4.381E-03   1.597E+00
   4.410E-03   1.573E+00
   4.439E-03   1.555E+00
   4.467E-03   1.545E+00
   4.496E-03   1.534E+00
   4.525E-03   1.518E+00
   4.554E-03   1.507E+00
   4.583E-03   1.503E+00
   4.612E-03   1.489E+00
   4.640E-03   1.483E+00
   4.669E-03   1.478E+00
   4.698E-03   1.471E+00
   4.727E-03   1.459E+00
   4.756E-03   1.455E+00
   4.784E-03   1.447E+00
   4.813E-03   1.447E+00
   4.842E-03   1.439E+00
   4.871E-03   1.437E+00
   4.900E-03   1.429E+00
   4.929E-03   1.435E+00
   4.957E-03   1.432E+00
   4.986E-03   1.437E+00
   5.015E-03   1.440E+00
   5.044E-03   1.430E+00
   5.073E-03   1.436E+00
   5.102E-03   1.435E+00
   5.130E-03   1.436E+00
   5.159E-03   1.439E+00
   5.188E-03   1.448E+00
   5.217E-03   1.449E+00
   5.246E-03   1.455E+00
   5.274E-03   1.456E+00
   5.303E-03   1.469E+00
   5.332E-03   1.473E+00
   5.361E-03   1.477E+00
   5.390E-03   1.485E+00
   5.419E-03   1.489E+00
   5.447E-03   1.504E+00
   5.476E-03   1.510E+00
   5.505E-03   1.516E+00
   5.534E-03   1.533E+00
   5.563E-03   1.537E+00
   5.591E-03   1.548E+00
   5.620E-03   1.560E+00
   5.649E-03   1.571E+00
   5.678E-03   1.581E+00
   5.707E-03   1.595E+00
   5.736E-03   1.618E+00
   5.764E-03   1.616E+00
   5.793E-03   1.634E+00
   5.822E-03   1.653E+00
   5.851E-03   1.668E+00
   5.880E-03   1.686E+00
   5.909E-03   1.698E+00
   5.937E-03   1.710E+00
   5.966E-03   1.727E+00
   5.995E-03   1.743E+00
   6.024E-03   1.771E+00
   6.053E-03   1.782E+00
   6.081E-03   1.797E+00
   6.110E-03   1.819E+00
   6.139E-03   1.839E+00
   6.168E-03   1.849E+00
   6.197E-03   1.882E+00
   6.226E-03   1.891E+00
   6.254E-03   1.917E+00
   6.283E-03   1.934E+00
   6.312E-03   1.949E+00
   6.341E-03   1.967E+00
   6.370E-03   1.995E+00
   6.398E-03   2.019E+00
   6.427E-03   2.039E+00
   6.456E-03   2.053E+00
   6.485E-03   2.077E+00
   6.514E-03   2.095E+00
   6.543E-03   2.115E+00
   6.571E-03   2.128E+00
   6.600E-03   2.162E+00
   6.629E-03   2.183E+00
   6.658E-03   2.204E+00
   6.687E-03   2.223E+00
   6.716E-03   2.233E+00
   6.744E-03   2.249E+00
   6.773E-03   2.275E+00
   6.802E-03   2.290E+00
   6.831E-03   2.322E+00
   6.860E-03   2.337E+00
   6.888E-03   2.352E+00
   6.917E-03   2.370E+00
   6.946E-03   2.380E+00
   6.975E-03   2.404E+00
   7.004E-03   2.417E+00
   7.033E-03   2.438E+00
   7.061E-03   2.445E+00
   7.090E-03   2.476E+00
   7.119E-03   2.468E+00
   7.148E-03   2.498E+00
   7.177E-03   2.494E+00
   7.206E-03   2.508E+00
   7.234E-03   2.518E+00
   7.263E-03   2.532E+00
   7.292E-03   2.541E+00
   7.321E-03   2.541E+00
   7.350E-03   2.552E+00
   7.378E-03   2.556E+00
   7.407E-03   2.559E+00
   7.436E-03   2.566E+00
   7.465E-03   2.576E+00
   7.494E-03   2.571E+00
   7.523E-03   2.563E+00
   7.551E-03   2.559E+00
   7.580E-03   2.563E+00
   7.609E-03   2.581E+00
   7.638E-03   2.552E+00
   7.667E-03   2.556E+00
   7.695E-03   2.554E+00
   7.724E-03   2.545E+00
   7.753E-03   2.537E+00
   7.782E-03   2.522E+00
   7.811E-03   2.518E+00
   7.840E-03   2.516E+00
   7.868E-03   2.501E+00
   7.897E-03   2.490E+00
   7.926E-03   2.476E+00
   7.955E-03   2.466E+00
   7.984E-03   2.451E+00
   8.013E-03   2.447E+00
   8.041E-03   2.429E+00
   8.070E-03   2.421E+00
   8.099E-03   2.402E+00
   8.128E-03   2.399E+00
   8.157E-03   2.376E+00
   8.185E-03   2.356E+00
   8.214E-03   2.342E+00
   8.243E-03   2.320E+00
   8.272E-03   2.302E+00
   8.301E-03   2.296E+00
   8.330E-03   2.278E+00
   8.358E-03   2.246E+00
   8.387E-03   2.237E+00
   8.416E-03   2.220E+00
   8.445E-03   2.213E+00
   8.474E-03   2.184E+00
   8.503E-03   2.174E+00
   8.531E-03   2.150E+00
   8.560E-03   2.132E+00
   8.589E-03   2.118E+00
   8.618E-03   2.101E+00
   8.647E-03   2.074E+00
   8.675E-03   2.063E+00
   8.704E-03   2.050E+00
   8.733E-03   2.022E+00
   8.762E-03   2.007E+00
   8.791E-03   1.985E+00
   8.820E-03   1.969E+00
   8.848E-03   1.952E+00
   8.877E-03   1.933E+00
   8.906E-03   1.910E+00
   8.935E-03   1.893E+00
   8.964E-03   1.871E+00
   8.992E-03   1.853E+00
   9.021E-03   1.836E+00
   9.050E-03   1.821E+00
   9.079E-03   1.800E+00
   9.108E-03   1.787E+00
   9.137E-03   1.772E+00
   9.165E-03   1.757E+00
   9.194E-03   1.742E+00
   9.223E-03   1.730E+00
   9.252E-03   1.710E+00
   9.281E-03   1.702E+00
   9.310E-03   1.693E+00
   9.338E-03   1.685E+00
   9.367E-03   1.676E+00
   9.396E-03   1.668E+00
   9.425E-03   1.665E+00
   9.454E-03   1.658E+00
   9.482E-03   1.649E+00
   9.511E-03   1.649E+00
   9.540E-03   1.650E+00
   9.569E-03   1.644E+00
   9.598E-03   1.648E+00
   9.627E-03   1.643E+00
   9.655E-03   1.649E+00
   9.684E-03   1.662E+00
   9.713E-03   1.669E+00
   9.742E-03   1.674E+00
   9.771E-03   1.684E+00
   9.799E-03   1.695E+00
   9.828E-03   1.714E+00
   9.857E-03   1.728E+00
   9.886E-03   1.750E+00
   9.915E-03   1.768E+00
   9.944E-03   1.785E+00
   9.972E-03   1.811E+00
   1.000E-02   1.828E+00
   1.003E-02   1.857E+00
   1.006E-02   1.889E+00
   1.009E-02   1.917E+00
   1.012E-02   1.953E+00
   1.015E-02   1.981E+00
   1.017E-02   2.015E+00
   1.020E-02   2.052E+00
   1.023E-02   2.091E+00
   1.026E-02   2.145E+00
   1.029E-02   2.189E+00
   1.032E-02   2.244E+00
   1.035E-02   2.307E+00
   1.038E-02   2.378E+00
   1.040E-02   2.438E+00
   1.043E-02   2.505E+00
   1.046E-02   2.596E+00
   1.049E-02   2.686E+00
   1.052E-02   2.786E+00
   1.055E-02   2.881E+00
   1.058E-02   3.013E+00
   1.061E-02   3.125E+00
   1.064E-02   3.333E+00
   1.066E-02   3.506E+00
   1.069E-02   3.677E+00
   1.072E-02   3.865E+00
   1.075E-02   4.124E+00
   1.078E-02   4.414E+00
   1.081E-02   4.698E+00
   1.084E-02   5.165E+00
   1.087E-02   5.607E+00
   1.089E-02   6.088E+00
   1.092E-02   6.824E+00
   1.095E-02   7.854E+00
   1.098E-02   9.016E+00
   1.101E-02   9.968E+00
   1.104E-02   1.204E+01
   1.107E-02   1.485E+01
   1.110E-02   1.739E+01
   1.113E-02   2.653E+01
   1.115E-02   3.136E+01
   1.118E-02   4.142E+01
   1.121E-02   5.810E+01
   1.124E-02   8.850E+01
   1.127E-02   1.246E+02
   1.130E-02   2.105E+02
   1.133E-02   3.772E+02
   1.136E-02   6.227E+02
   1.138E-02   1.160E+03
   1.141E-02   2.674E+03
   1.144E-02   6.950E+03
   1.147E-02   2.777E+04
   1.150E-02   3.247E+46
