   2.980E+02   4.373E+02
   3.015E+02   2.501E-05
   3.050E+02   1.399E-05
   3.085E+02   9.816E-06
   3.121E+02   7.485E-06
   3.156E+02   6.094E-06
   3.191E+02   5.179E-06
   3.226E+02   4.536E-06
   3.261E+02   4.017E-06
   3.296E+02   3.645E-06
   3.331E+02   3.310E-06
   3.367E+02   3.017E-06
   3.402E+02   2.768E-06
   3.437E+02   2.585E-06
   3.472E+02   2.396E-06
   3.507E+02   2.234E-06
   3.542E+02   2.112E-06
   3.577E+02   1.995E-06
   3.612E+02   1.901E-06
   3.648E+02   1.810E-06
   3.683E+02   1.715E-06
   3.718E+02   1.639E-06
   3.753E+02   1.559E-06
   3.788E+02   1.493E-06
   3.823E+02   1.431E-06
   3.858E+02   1.384E-06
   3.894E+02   1.340E-06
   3.929E+02   1.288E-06
   3.964E+02   1.244E-06
   3.999E+02   1.202E-06
   4.034E+02   1.167E-06
   4.069E+02   1.133E-06
   4.104E+02   1.101E-06
   4.140E+02   1.075E-06
   4.175E+02   1.045E-06
   4.210E+02   1.018E-06
   4.245E+02   9.899E-07
   4.280E+02   9.675E-07
   4.315E+02   9.447E-07
   4.350E+02   9.200E-07
   4.386E+02   8.977E-07
   4.421E+02   8.804E-07
   4.456E+02   8.602E-07
   4.491E+02   8.405E-07
   4.526E+02   8.222E-07
   4.561E+02   8.080E-07
   4.596E+02   7.901E-07
   4.631E+02   7.744E-07
   4.667E+02   7.626E-07
   4.702E+02   7.491E-07
   4.737E+02   7.380E-07
   4.772E+02   7.259E-07
   4.807E+02   7.143E-07
   4.842E+02   7.015E-07
   4.877E+02   6.882E-07
   4.913E+02   6.785E-07
   4.948E+02   6.672E-07
   4.983E+02   6.563E-07
   5.018E+02   6.495E-07
   5.053E+02   6.428E-07
   5.088E+02   6.323E-07
   5.123E+02   6.244E-07
   5.159E+02   6.174E-07
   5.194E+02   6.092E-07
   5.229E+02   6.003E-07
   5.264E+02   5.918E-07
   5.299E+02   5.838E-07
   5.334E+02   5.753E-07
   5.369E+02   5.681E-07
   5.405E+02   5.615E-07
   5.440E+02   5.552E-07
   5.475E+02   5.479E-07
   5.510E+02   5.436E-07
   5.545E+02   5.385E-07
   5.580E+02   5.332E-07
   5.615E+02   5.271E-07
   5.650E+02   5.224E-07
   5.686E+02   5.166E-07
   5.721E+02   5.121E-07
   5.756E+02   5.072E-07
   5.791E+02   5.028E-07
   5.826E+02   4.998E-07
   5.861E+02   4.952E-07
   5.896E+02   4.916E-07
   5.932E+02   4.883E-07
   5.967E+02   4.837E-07
   6.002E+02   4.810E-07
   6.037E+02   4.774E-07
   6.072E+02   4.737E-07
   6.107E+02   4.713E-07
   6.142E+02   4.682E-07
   6.178E+02   4.648E-07
   6.213E+02   4.624E-07
   6.248E+02   4.604E-07
   6.283E+02   4.575E-07
   6.318E+02   4.545E-07
   6.353E+02   4.526E-07
   6.388E+02   4.503E-07
   6.424E+02   4.473E-07
   6.459E+02   4.443E-07
   6.494E+02   4.431E-07
   6.529E+02   4.401E-07
   6.564E+02   4.396E-07
   6.599E+02   4.369E-07
   6.634E+02   4.348E-07
   6.669E+02   4.333E-07
   6.705E+02   4.315E-07
   6.740E+02   4.303E-07
   6.775E+02   4.292E-07
   6.810E+02   4.293E-07
   6.845E+02   4.271E-07
   6.880E+02   4.262E-07
   6.915E+02   4.245E-07
   6.951E+02   4.238E-07
   6.986E+02   4.227E-07
   7.021E+02   4.211E-07
   7.056E+02   4.200E-07
   7.091E+02   4.201E-07
   7.126E+02   4.184E-07
   7.161E+02   4.191E-07
   7.197E+02   4.175E-07
   7.232E+02   4.167E-07
   7.267E+02   4.169E-07
   7.302E+02   4.164E-07
   7.337E+02   4.167E-07
   7.372E+02   4.153E-07
   7.407E+02   4.158E-07
   7.443E+02   4.156E-07
   7.478E+02   4.157E-07
   7.513E+02   4.151E-07
   7.548E+02   4.142E-07
   7.583E+02   4.144E-07
   7.618E+02   4.149E-07
   7.653E+02   4.150E-07
   7.688E+02   4.153E-07
   7.724E+02   4.155E-07
   7.759E+02   4.164E-07
   7.794E+02   4.164E-07
   7.829E+02   4.163E-07
   7.864E+02   4.173E-07
   7.899E+02   4.181E-07
   7.934E+02   4.180E-07
   7.970E+02   4.188E-07
   8.005E+02   4.200E-07
   8.040E+02   4.195E-07
   8.075E+02   4.201E-07
   8.110E+02   4.214E-07
   8.145E+02   4.216E-07
   8.180E+02   4.224E-07
   8.216E+02   4.229E-07
   8.251E+02   4.239E-07
   8.286E+02   4.246E-07
   8.321E+02   4.263E-07
   8.356E+02   4.267E-07
   8.391E+02   4.276E-07
   8.426E+02   4.281E-07
   8.462E+02   4.290E-07
   8.497E+02   4.308E-07
   8.532E+02   4.315E-07
   8.567E+02   4.328E-07
   8.602E+02   4.335E-07
   8.637E+02   4.346E-07
   8.672E+02   4.363E-07
   8.707E+02   4.367E-07
   8.743E+02   4.377E-07
   8.778E+02   4.401E-07
   8.813E+02   4.416E-07
   8.848E+02   4.427E-07
   8.883E+02   4.440E-07
   8.918E+02   4.451E-07
   8.953E+02   4.469E-07
   8.989E+02   4.499E-07
   9.024E+02   4.504E-07
   9.059E+02   4.535E-07
   9.094E+02   4.553E-07
   9.129E+02   4.572E-07
   9.164E+02   4.591E-07
   9.199E+02   4.618E-07
   9.235E+02   4.625E-07
   9.270E+02   4.652E-07
   9.305E+02   4.678E-07
   9.340E+02   4.704E-07
   9.375E+02   4.718E-07
   9.410E+02   4.745E-07
   9.445E+02   4.767E-07
   9.481E+02   4.807E-07
   9.516E+02   4.828E-07
   9.551E+02   4.859E-07
   9.586E+02   4.882E-07
   9.621E+02   4.909E-07
   9.656E+02   4.955E-07
   9.691E+02   4.971E-07
   9.726E+02   5.007E-07
   9.762E+02   5.043E-07
   9.797E+02   5.085E-07
   9.832E+02   5.122E-07
   9.867E+02   5.151E-07
   9.902E+02   5.186E-07
   9.937E+02   5.223E-07
   9.972E+02   5.258E-07
   1.001E+03   5.301E-07
   1.004E+03   5.348E-07
   1.008E+03   5.374E-07
   1.011E+03   5.428E-07
   1.015E+03   5.469E-07
   1.018E+03   5.500E-07
   1.022E+03   5.542E-07
   1.025E+03   5.594E-07
   1.029E+03   5.642E-07
   1.032E+03   5.695E-07
   1.036E+03   5.749E-07
   1.039E+03   5.812E-07
   1.043E+03   5.856E-07
   1.046E+03   5.941E-07
   1.050E+03   5.995E-07
   1.053E+03   6.067E-07
   1.057E+03   6.129E-07
   1.060E+03   6.202E-07
   1.064E+03   6.270E-07
   1.068E+03   6.344E-07
   1.071E+03   6.405E-07
   1.075E+03   6.476E-07
   1.078E+03   6.549E-07
   1.082E+03   6.630E-07
   1.085E+03   6.699E-07
   1.089E+03   6.775E-07
   1.092E+03   6.854E-07
   1.096E+03   6.953E-07
   1.099E+03   7.058E-07
   1.103E+03   7.165E-07
   1.106E+03   7.291E-07
   1.110E+03   7.408E-07
   1.113E+03   7.511E-07
   1.117E+03   7.614E-07
   1.120E+03   7.733E-07
   1.124E+03   7.861E-07
   1.127E+03   8.023E-07
   1.131E+03   8.159E-07
   1.134E+03   8.294E-07
   1.138E+03   8.434E-07
   1.141E+03   8.582E-07
   1.145E+03   8.785E-07
   1.148E+03   8.919E-07
   1.152E+03   9.106E-07
   1.155E+03   9.311E-07
   1.159E+03   9.546E-07
   1.162E+03   9.763E-07
   1.166E+03   1.000E-06
   1.169E+03   1.025E-06
   1.173E+03   1.045E-06
   1.176E+03   1.074E-06
   1.180E+03   1.102E-06
   1.183E+03   1.133E-06
   1.187E+03   1.164E-06
   1.191E+03   1.192E-06
   1.194E+03   1.224E-06
   1.198E+03   1.257E-06
   1.201E+03   1.303E-06
   1.205E+03   1.345E-06
   1.208E+03   1.389E-06
   1.212E+03   1.432E-06
   1.215E+03   1.477E-06
   1.219E+03   1.522E-06
   1.222E+03   1.582E-06
   1.226E+03   1.635E-06
   1.229E+03   1.689E-06
   1.233E+03   1.761E-06
   1.236E+03   1.832E-06
   1.240E+03   1.912E-06
   1.243E+03   1.982E-06
   1.247E+03   2.044E-06
   1.250E+03   2.114E-06
   1.254E+03   2.212E-06
   1.257E+03   2.303E-06
   1.261E+03   2.413E-06
   1.264E+03   2.548E-06
   1.268E+03   2.682E-06
   1.271E+03   2.782E-06
   1.275E+03   2.891E-06
   1.278E+03   3.063E-06
   1.282E+03   3.204E-06
   1.285E+03   3.393E-06
   1.289E+03   3.590E-06
   1.292E+03   3.764E-06
   1.296E+03   3.985E-06
   1.299E+03   4.301E-06
   1.303E+03   4.567E-06
   1.306E+03   4.854E-06
   1.310E+03   5.113E-06
   1.313E+03   5.455E-06
   1.317E+03   5.835E-06
   1.321E+03   6.302E-06
   1.324E+03   6.715E-06
   1.328E+03   7.183E-06
   1.331E+03   7.708E-06
   1.335E+03   8.284E-06
   1.338E+03   8.899E-06
   1.342E+03   9.590E-06
   1.345E+03   1.016E-05
   1.349E+03   1.112E-05
   1.352E+03   1.220E-05
   1.356E+03   1.335E-05
   1.359E+03   1.466E-05
   1.363E+03   1.662E-05
   1.366E+03   1.836E-05
   1.370E+03   2.038E-05
   1.373E+03   2.287E-05
   1.377E+03   2.604E-05
   1.380E+03   3.049E-05
   1.384E+03   3.614E-05
   1.387E+03   4.284E-05
   1.391E+03   4.750E-05
   1.394E+03   5.239E-05
   1.398E+03   5.856E-05
   1.401E+03   7.661E-05
   1.405E+03   8.758E-05
   1.408E+03   9.059E-05
   1.412E+03   9.552E-05
   1.415E+03   9.576E-05
   1.419E+03   1.026E-04
   1.422E+03   8.156E-05
   1.426E+03   6.372E-05
   1.429E+03   4.889E-05
   1.433E+03   3.900E-05
   1.436E+03   3.077E-05
   1.440E+03   2.624E-05
   1.443E+03   2.384E-05
   1.447E+03   2.194E-05
   1.451E+03   2.024E-05
   1.454E+03   1.874E-05
   1.458E+03   1.728E-05
   1.461E+03   1.577E-05
   1.465E+03   1.451E-05
   1.468E+03   1.384E-05
   1.472E+03   1.321E-05
   1.475E+03   1.254E-05
   1.479E+03   1.220E-05
   1.482E+03   1.139E-05
   1.486E+03   1.096E-05
   1.489E+03   1.056E-05
   1.493E+03   1.025E-05
   1.496E+03   9.801E-06
   1.500E+03   9.557E-06
   1.503E+03   9.328E-06
   1.507E+03   9.015E-06
   1.510E+03   8.832E-06
   1.514E+03   8.600E-06
   1.517E+03   8.456E-06
   1.521E+03   8.384E-06
   1.524E+03   8.379E-06
   1.528E+03   8.184E-06
   1.531E+03   8.125E-06
   1.535E+03   7.836E-06
   1.538E+03   7.816E-06
   1.542E+03   7.712E-06
   1.545E+03   7.627E-06
   1.549E+03   7.649E-06
   1.552E+03   7.486E-06
   1.556E+03   7.439E-06
   1.559E+03   7.404E-06
   1.563E+03   7.330E-06
   1.566E+03   7.254E-06
   1.570E+03   7.263E-06
   1.574E+03   7.306E-06
   1.577E+03   7.366E-06
   1.581E+03   7.291E-06
   1.584E+03   7.219E-06
   1.588E+03   7.110E-06
   1.591E+03   7.168E-06
   1.595E+03   7.105E-06
   1.598E+03   7.166E-06
   1.602E+03   7.364E-06
   1.605E+03   7.453E-06
   1.609E+03   7.497E-06
   1.612E+03   7.572E-06
   1.616E+03   7.614E-06
   1.619E+03   7.798E-06
   1.623E+03   7.900E-06
   1.626E+03   8.081E-06
   1.630E+03   8.204E-06
   1.633E+03   8.305E-06
   1.637E+03   8.698E-06
   1.640E+03   8.808E-06
   1.644E+03   9.237E-06
   1.647E+03   9.581E-06
   1.651E+03   9.829E-06
   1.654E+03   9.656E-06
   1.658E+03   9.928E-06
   1.661E+03   1.026E-05
   1.665E+03   1.007E-05
   1.668E+03   1.007E-05
   1.672E+03   1.067E-05
   1.675E+03   1.102E-05
   1.679E+03   1.135E-05
   1.682E+03   1.285E-05
   1.686E+03   1.316E-05
   1.689E+03   1.262E-05
   1.693E+03   1.133E-05
   1.696E+03   1.228E-05
   1.700E+03   1.383E-05
