   0.000E+00   9.600E-02
   2.882E-05   8.345E-01
   5.764E-05   1.321E+00
   8.647E-05   1.703E+00
   1.153E-04   2.002E+00
   1.441E-04   2.245E+00
   1.729E-04   2.456E+00
   2.018E-04   2.648E+00
   2.306E-04   2.836E+00
   2.594E-04   3.030E+00
   2.882E-04   3.241E+00
   3.170E-04   3.468E+00
   3.459E-04   3.720E+00
   3.747E-04   3.995E+00
   4.035E-04   4.290E+00
   4.323E-04   4.604E+00
   4.612E-04   4.934E+00
   4.900E-04   5.272E+00
   5.188E-04   5.619E+00
   5.476E-04   5.964E+00
   5.764E-04   6.298E+00
   6.053E-04   6.628E+00
   6.341E-04   6.946E+00
   6.629E-04   7.252E+00
   6.917E-04   7.546E+00
   7.206E-04   7.821E+00
   7.494E-04   8.083E+00
   7.782E-04   8.330E+00
   8.070E-04   8.562E+00
   8.358E-04   8.772E+00
   8.647E-04   8.977E+00
   8.935E-04   9.164E+00
   9.223E-04   9.339E+00
   9.511E-04   9.496E+00
   9.799E-04   9.643E+00
   1.009E-03   9.785E+00
   1.038E-03   9.910E+00
   1.066E-03   1.002E+01
   1.095E-03   1.013E+01
   1.124E-03   1.022E+01
   1.153E-03   1.031E+01
   1.182E-03   1.039E+01
   1.211E-03   1.046E+01
   1.239E-03   1.051E+01
   1.268E-03   1.056E+01
   1.297E-03   1.062E+01
   1.326E-03   1.066E+01
   1.355E-03   1.068E+01
   1.383E-03   1.072E+01
   1.412E-03   1.072E+01
   1.441E-03   1.076E+01
   1.470E-03   1.076E+01
   1.499E-03   1.076E+01
   1.528E-03   1.077E+01
   1.556E-03   1.076E+01
   1.585E-03   1.077E+01
   1.614E-03   1.076E+01
   1.643E-03   1.073E+01
   1.672E-03   1.071E+01
   1.701E-03   1.068E+01
   1.729E-03   1.067E+01
   1.758E-03   1.064E+01
   1.787E-03   1.060E+01
   1.816E-03   1.057E+01
   1.845E-03   1.052E+01
   1.873E-03   1.050E+01
   1.902E-03   1.044E+01
   1.931E-03   1.041E+01
   1.960E-03   1.036E+01
   1.989E-03   1.029E+01
   2.018E-03   1.024E+01
   2.046E-03   1.019E+01
   2.075E-03   1.013E+01
   2.104E-03   1.008E+01
   2.133E-03   1.001E+01
   2.162E-03   9.955E+00
   2.190E-03   9.888E+00
   2.219E-03   9.821E+00
   2.248E-03   9.766E+00
   2.277E-03   9.707E+00
   2.306E-03   9.636E+00
   2.335E-03   9.566E+00
   2.363E-03   9.504E+00
   2.392E-03   9.416E+00
   2.421E-03   9.351E+00
   2.450E-03   9.268E+00
   2.479E-03   9.194E+00
   2.508E-03   9.125E+00
   2.536E-03   9.055E+00
   2.565E-03   8.979E+00
   2.594E-03   8.896E+00
   2.623E-03   8.819E+00
   2.652E-03   8.735E+00
   2.680E-03   8.664E+00
   2.709E-03   8.584E+00
   2.738E-03   8.517E+00
   2.767E-03   8.432E+00
   2.796E-03   8.365E+00
   2.825E-03   8.275E+00
   2.853E-03   8.202E+00
   2.882E-03   8.113E+00
   2.911E-03   8.031E+00
   2.940E-03   7.935E+00
   2.969E-03   7.867E+00
   2.997E-03   7.780E+00
   3.026E-03   7.720E+00
   3.055E-03   7.634E+00
   3.084E-03   7.552E+00
   3.113E-03   7.467E+00
   3.142E-03   7.388E+00
   3.170E-03   7.321E+00
   3.199E-03   7.230E+00
   3.228E-03   7.149E+00
   3.257E-03   7.071E+00
   3.286E-03   7.008E+00
   3.315E-03   6.917E+00
   3.343E-03   6.852E+00
   3.372E-03   6.772E+00
   3.401E-03   6.680E+00
   3.430E-03   6.621E+00
   3.459E-03   6.546E+00
   3.487E-03   6.460E+00
   3.516E-03   6.398E+00
   3.545E-03   6.328E+00
   3.574E-03   6.254E+00
   3.603E-03   6.184E+00
   3.632E-03   6.115E+00
   3.660E-03   6.041E+00
   3.689E-03   5.965E+00
   3.718E-03   5.903E+00
   3.747E-03   5.832E+00
   3.776E-03   5.763E+00
   3.805E-03   5.701E+00
   3.833E-03   5.629E+00
   3.862E-03   5.562E+00
   3.891E-03   5.506E+00
   3.920E-03   5.439E+00
   3.949E-03   5.381E+00
   3.977E-03   5.308E+00
   4.006E-03   5.247E+00
   4.035E-03   5.190E+00
   4.064E-03   5.134E+00
   4.093E-03   5.082E+00
   4.122E-03   5.010E+00
   4.150E-03   4.962E+00
   4.179E-03   4.913E+00
   4.208E-03   4.855E+00
   4.237E-03   4.796E+00
   4.266E-03   4.746E+00
   4.294E-03   4.693E+00
   4.323E-03   4.637E+00
   4.352E-03   4.590E+00
   4.381E-03   4.536E+00
   4.410E-03   4.492E+00
   4.439E-03   4.444E+00
   4.467E-03   4.394E+00
   4.496E-03   4.357E+00
   4.525E-03   4.307E+00
   4.554E-03   4.258E+00
   4.583E-03   4.222E+00
   4.612E-03   4.178E+00
   4.640E-03   4.137E+00
   4.669E-03   4.098E+00
   4.698E-03   4.056E+00
   4.727E-03   4.019E+00
   4.756E-03   3.979E+00
   4.784E-03   3.945E+00
   4.813E-03   3.905E+00
   4.842E-03   3.871E+00
   4.871E-03   3.849E+00
   4.900E-03   3.810E+00
   4.929E-03   3.781E+00
   4.957E-03   3.748E+00
   4.986E-03   3.721E+00
   5.015E-03   3.689E+00
   5.044E-03   3.663E+00
   5.073E-03   3.636E+00
   5.102E-03   3.612E+00
   5.130E-03   3.589E+00
   5.159E-03   3.557E+00
   5.188E-03   3.538E+00
   5.217E-03   3.516E+00
   5.246E-03   3.492E+00
   5.274E-03   3.473E+00
   5.303E-03   3.448E+00
   5.332E-03   3.433E+00
   5.361E-03   3.413E+00
   5.390E-03   3.397E+00
   5.419E-03   3.386E+00
   5.447E-03   3.361E+00
   5.476E-03   3.349E+00
   5.505E-03   3.333E+00
   5.534E-03   3.317E+00
   5.563E-03   3.309E+00
   5.591E-03   3.294E+00
   5.620E-03   3.285E+00
   5.649E-03   3.267E+00
   5.678E-03   3.256E+00
   5.707E-03   3.247E+00
   5.736E-03   3.237E+00
   5.764E-03   3.227E+00
   5.793E-03   3.219E+00
   5.822E-03   3.210E+00
   5.851E-03   3.204E+00
   5.880E-03   3.199E+00
   5.909E-03   3.192E+00
   5.937E-03   3.183E+00
   5.966E-03   3.180E+00
   5.995E-03   3.175E+00
   6.024E-03   3.168E+00
   6.053E-03   3.163E+00
   6.081E-03   3.162E+00
   6.110E-03   3.152E+00
   6.139E-03   3.148E+00
   6.168E-03   3.150E+00
   6.197E-03   3.140E+00
   6.226E-03   3.142E+00
   6.254E-03   3.134E+00
   6.283E-03   3.129E+00
   6.312E-03   3.124E+00
   6.341E-03   3.128E+00
   6.370E-03   3.126E+00
   6.398E-03   3.117E+00
   6.427E-03   3.118E+00
   6.456E-03   3.119E+00
   6.485E-03   3.108E+00
   6.514E-03   3.109E+00
   6.543E-03   3.109E+00
   6.571E-03   3.104E+00
   6.600E-03   3.101E+00
   6.629E-03   3.100E+00
   6.658E-03   3.094E+00
   6.687E-03   3.092E+00
   6.716E-03   3.089E+00
   6.744E-03   3.090E+00
   6.773E-03   3.075E+00
   6.802E-03   3.076E+00
   6.831E-03   3.065E+00
   6.860E-03   3.056E+00
   6.888E-03   3.053E+00
   6.917E-03   3.058E+00
   6.946E-03   3.043E+00
   6.975E-03   3.040E+00
   7.004E-03   3.037E+00
   7.033E-03   3.020E+00
   7.061E-03   3.018E+00
   7.090E-03   3.013E+00
   7.119E-03   2.997E+00
   7.148E-03   2.982E+00
   7.177E-03   2.977E+00
   7.206E-03   2.969E+00
   7.234E-03   2.956E+00
   7.263E-03   2.942E+00
   7.292E-03   2.937E+00
   7.321E-03   2.925E+00
   7.350E-03   2.909E+00
   7.378E-03   2.893E+00
   7.407E-03   2.883E+00
   7.436E-03   2.865E+00
   7.465E-03   2.846E+00
   7.494E-03   2.822E+00
   7.523E-03   2.824E+00
   7.551E-03   2.795E+00
   7.580E-03   2.784E+00
   7.609E-03   2.754E+00
   7.638E-03   2.739E+00
   7.667E-03   2.718E+00
   7.695E-03   2.700E+00
   7.724E-03   2.678E+00
   7.753E-03   2.650E+00
   7.782E-03   2.638E+00
   7.811E-03   2.609E+00
   7.840E-03   2.580E+00
   7.868E-03   2.554E+00
   7.897E-03   2.538E+00
   7.926E-03   2.503E+00
   7.955E-03   2.475E+00
   7.984E-03   2.456E+00
   8.013E-03   2.427E+00
   8.041E-03   2.396E+00
   8.070E-03   2.361E+00
   8.099E-03   2.334E+00
   8.128E-03   2.297E+00
   8.157E-03   2.275E+00
   8.185E-03   2.238E+00
   8.214E-03   2.207E+00
   8.243E-03   2.173E+00
   8.272E-03   2.140E+00
   8.301E-03   2.107E+00
   8.330E-03   2.076E+00
   8.358E-03   2.037E+00
   8.387E-03   2.003E+00
   8.416E-03   1.968E+00
   8.445E-03   1.932E+00
   8.474E-03   1.894E+00
   8.503E-03   1.855E+00
   8.531E-03   1.826E+00
   8.560E-03   1.789E+00
   8.589E-03   1.745E+00
   8.618E-03   1.708E+00
   8.647E-03   1.679E+00
   8.675E-03   1.630E+00
   8.704E-03   1.595E+00
   8.733E-03   1.558E+00
   8.762E-03   1.514E+00
   8.791E-03   1.483E+00
   8.820E-03   1.444E+00
   8.848E-03   1.407E+00
   8.877E-03   1.372E+00
   8.906E-03   1.329E+00
   8.935E-03   1.295E+00
   8.964E-03   1.254E+00
   8.992E-03   1.218E+00
   9.021E-03   1.182E+00
   9.050E-03   1.146E+00
   9.079E-03   1.111E+00
   9.108E-03   1.072E+00
   9.137E-03   1.043E+00
   9.165E-03   1.005E+00
   9.194E-03   9.668E-01
   9.223E-03   9.362E-01
   9.252E-03   9.015E-01
   9.281E-03   8.687E-01
   9.310E-03   8.321E-01
   9.338E-03   8.011E-01
   9.367E-03   7.707E-01
   9.396E-03   7.391E-01
   9.425E-03   7.088E-01
   9.454E-03   6.783E-01
   9.482E-03   6.521E-01
   9.511E-03   6.211E-01
   9.540E-03   5.964E-01
   9.569E-03   5.665E-01
   9.598E-03   5.383E-01
   9.627E-03   5.146E-01
   9.655E-03   4.890E-01
   9.684E-03   4.632E-01
   9.713E-03   4.408E-01
   9.742E-03   4.178E-01
   9.771E-03   3.991E-01
   9.799E-03   3.755E-01
   9.828E-03   3.554E-01
   9.857E-03   3.334E-01
   9.886E-03   3.152E-01
   9.915E-03   2.958E-01
   9.944E-03   2.789E-01
   9.972E-03   2.630E-01
   1.000E-02   2.470E-01
   1.003E-02   2.308E-01
   1.006E-02   2.171E-01
   1.009E-02   2.006E-01
   1.012E-02   1.881E-01
   1.015E-02   1.742E-01
   1.017E-02   1.630E-01
   1.020E-02   1.521E-01
   1.023E-02   1.405E-01
   1.026E-02   1.292E-01
   1.029E-02   1.184E-01
   1.032E-02   1.103E-01
   1.035E-02   1.007E-01
   1.038E-02   9.276E-02
   1.040E-02   8.558E-02
   1.043E-02   7.787E-02
   1.046E-02   7.119E-02
   1.049E-02   6.465E-02
   1.052E-02   5.849E-02
   1.055E-02   5.279E-02
   1.058E-02   4.800E-02
   1.061E-02   4.349E-02
   1.064E-02   3.875E-02
   1.066E-02   3.453E-02
   1.069E-02   3.113E-02
   1.072E-02   2.762E-02
   1.075E-02   2.446E-02
   1.078E-02   2.160E-02
   1.081E-02   1.908E-02
   1.084E-02   1.667E-02
   1.087E-02   1.448E-02
   1.089E-02   1.255E-02
   1.092E-02   1.087E-02
   1.095E-02   9.283E-03
   1.098E-02   7.978E-03
   1.101E-02   6.762E-03
   1.104E-02   5.773E-03
   1.107E-02   4.792E-03
   1.110E-02   3.987E-03
   1.113E-02   3.284E-03
   1.115E-02   2.701E-03
   1.118E-02   2.175E-03
   1.121E-02   1.768E-03
   1.124E-02   1.389E-03
   1.127E-02   1.078E-03
   1.130E-02   8.291E-04
   1.133E-02   6.143E-04
   1.136E-02   4.451E-04
   1.138E-02   3.081E-04
   1.141E-02   2.024E-04
   1.144E-02   1.230E-04
   1.147E-02   6.414E-05
   1.150E-02   7.339E-07
