   0.000E+00   7.449E+02
   2.882E-05   4.121E+00
   5.764E-05   1.995E+00
   8.647E-05   1.364E+00
   1.153E-04   1.082E+00
   1.441E-04   9.229E-01
   1.729E-04   8.304E-01
   2.018E-04   7.698E-01
   2.306E-04   7.264E-01
   2.594E-04   6.959E-01
   2.882E-04   6.742E-01
   3.170E-04   6.572E-01
   3.459E-04   6.426E-01
   3.747E-04   6.329E-01
   4.035E-04   6.253E-01
   4.323E-04   6.193E-01
   4.612E-04   6.142E-01
   4.900E-04   6.092E-01
   5.188E-04   6.037E-01
   5.476E-04   5.979E-01
   5.764E-04   5.911E-01
   6.053E-04   5.818E-01
   6.341E-04   5.660E-01
   6.629E-04   5.432E-01
   6.917E-04   5.139E-01
   7.206E-04   4.810E-01
   7.494E-04   4.451E-01
   7.782E-04   4.097E-01
   8.070E-04   3.756E-01
   8.358E-04   3.443E-01
   8.647E-04   3.159E-01
   8.935E-04   2.908E-01
   9.223E-04   2.689E-01
   9.511E-04   2.503E-01
   9.799E-04   2.360E-01
   1.009E-03   2.233E-01
   1.038E-03   2.131E-01
   1.066E-03   2.045E-01
   1.095E-03   1.973E-01
   1.124E-03   1.910E-01
   1.153E-03   1.857E-01
   1.182E-03   1.807E-01
   1.211E-03   1.764E-01
   1.239E-03   1.729E-01
   1.268E-03   1.694E-01
   1.297E-03   1.661E-01
   1.326E-03   1.635E-01
   1.355E-03   1.612E-01
   1.383E-03   1.591E-01
   1.412E-03   1.579E-01
   1.441E-03   1.565E-01
   1.470E-03   1.546E-01
   1.499E-03   1.526E-01
   1.528E-03   1.510E-01
   1.556E-03   1.501E-01
   1.585E-03   1.491E-01
   1.614E-03   1.481E-01
   1.643E-03   1.477E-01
   1.672E-03   1.473E-01
   1.701E-03   1.474E-01
   1.729E-03   1.475E-01
   1.758E-03   1.470E-01
   1.787E-03   1.468E-01
   1.816E-03   1.475E-01
   1.845E-03   1.475E-01
   1.873E-03   1.480E-01
   1.902E-03   1.481E-01
   1.931E-03   1.491E-01
   1.960E-03   1.495E-01
   1.989E-03   1.498E-01
   2.018E-03   1.511E-01
   2.046E-03   1.519E-01
   2.075E-03   1.531E-01
   2.104E-03   1.524E-01
   2.133E-03   1.541E-01
   2.162E-03   1.549E-01
   2.190E-03   1.563E-01
   2.219E-03   1.572E-01
   2.248E-03   1.584E-01
   2.277E-03   1.609E-01
   2.306E-03   1.617E-01
   2.335E-03   1.624E-01
   2.363E-03   1.642E-01
   2.392E-03   1.672E-01
   2.421E-03   1.671E-01
   2.450E-03   1.696E-01
   2.479E-03   1.729E-01
   2.508E-03   1.734E-01
   2.536E-03   1.760E-01
   2.565E-03   1.770E-01
   2.594E-03   1.793E-01
   2.623E-03   1.817E-01
   2.652E-03   1.851E-01
   2.680E-03   1.866E-01
   2.709E-03   1.895E-01
   2.738E-03   1.925E-01
   2.767E-03   1.922E-01
   2.796E-03   1.959E-01
   2.825E-03   1.992E-01
   2.853E-03   2.021E-01
   2.882E-03   2.052E-01
   2.911E-03   2.074E-01
   2.940E-03   2.117E-01
   2.969E-03   2.154E-01
   2.997E-03   2.203E-01
   3.026E-03   2.245E-01
   3.055E-03   2.256E-01
   3.084E-03   2.362E-01
   3.113E-03   2.380E-01
   3.142E-03   2.433E-01
   3.170E-03   2.416E-01
   3.199E-03   2.474E-01
   3.228E-03   2.566E-01
   3.257E-03   2.632E-01
   3.286E-03   2.690E-01
   3.315E-03   2.740E-01
   3.343E-03   2.787E-01
   3.372E-03   2.843E-01
   3.401E-03   2.904E-01
   3.430E-03   2.942E-01
   3.459E-03   3.020E-01
   3.487E-03   3.076E-01
   3.516E-03   3.204E-01
   3.545E-03   3.243E-01
   3.574E-03   3.317E-01
   3.603E-03   3.372E-01
   3.632E-03   3.485E-01
   3.660E-03   3.606E-01
   3.689E-03   3.649E-01
   3.718E-03   3.792E-01
   3.747E-03   3.963E-01
   3.776E-03   4.042E-01
   3.805E-03   4.032E-01
   3.833E-03   4.172E-01
   3.862E-03   4.215E-01
   3.891E-03   4.499E-01
   3.920E-03   4.540E-01
   3.949E-03   4.690E-01
   3.977E-03   4.865E-01
   4.006E-03   4.733E-01
   4.035E-03   5.170E-01
   4.064E-03   5.297E-01
   4.093E-03   5.218E-01
   4.122E-03   5.623E-01
   4.150E-03   5.837E-01
   4.179E-03   5.706E-01
   4.208E-03   6.139E-01
   4.237E-03   6.344E-01
   4.266E-03   6.224E-01
   4.294E-03   6.559E-01
   4.323E-03   6.992E-01
   4.352E-03   6.951E-01
   4.381E-03   7.166E-01
   4.410E-03   7.214E-01
   4.439E-03   7.853E-01
   4.467E-03   7.981E-01
   4.496E-03   8.053E-01
   4.525E-03   8.376E-01
   4.554E-03   8.453E-01
   4.583E-03   8.784E-01
   4.612E-03   9.150E-01
   4.640E-03   9.412E-01
   4.669E-03   9.677E-01
   4.698E-03   1.005E+00
   4.727E-03   1.063E+00
   4.756E-03   1.098E+00
   4.784E-03   1.121E+00
   4.813E-03   1.135E+00
   4.842E-03   1.168E+00
   4.871E-03   1.238E+00
   4.900E-03   1.214E+00
   4.929E-03   1.318E+00
   4.957E-03   1.326E+00
   4.986E-03   1.411E+00
   5.015E-03   1.405E+00
   5.044E-03   1.405E+00
   5.073E-03   1.506E+00
   5.102E-03   1.509E+00
   5.130E-03   1.632E+00
   5.159E-03   1.730E+00
   5.188E-03   1.808E+00
   5.217E-03   1.885E+00
   5.246E-03   1.950E+00
   5.274E-03   1.913E+00
   5.303E-03   2.028E+00
   5.332E-03   2.036E+00
   5.361E-03   1.942E+00
   5.390E-03   2.170E+00
   5.419E-03   2.254E+00
   5.447E-03   2.346E+00
   5.476E-03   2.508E+00
   5.505E-03   2.330E+00
   5.534E-03   2.686E+00
   5.563E-03   2.632E+00
   5.591E-03   2.595E+00
   5.620E-03   2.901E+00
   5.649E-03   3.075E+00
   5.678E-03   2.996E+00
   5.707E-03   3.118E+00
   5.736E-03   3.008E+00
   5.764E-03   3.380E+00
   5.793E-03   3.367E+00
   5.822E-03   3.623E+00
   5.851E-03   3.606E+00
   5.880E-03   3.748E+00
   5.909E-03   4.137E+00
   5.937E-03   4.106E+00
   5.966E-03   4.161E+00
   5.995E-03   4.603E+00
   6.024E-03   4.598E+00
   6.053E-03   4.941E+00
   6.081E-03   5.012E+00
   6.110E-03   5.459E+00
   6.139E-03   5.863E+00
   6.168E-03   5.938E+00
   6.197E-03   6.016E+00
   6.226E-03   6.365E+00
   6.254E-03   6.704E+00
   6.283E-03   7.271E+00
   6.312E-03   7.088E+00
   6.341E-03   7.425E+00
   6.370E-03   7.686E+00
   6.398E-03   8.523E+00
   6.427E-03   8.485E+00
   6.456E-03   9.009E+00
   6.485E-03   9.474E+00
   6.514E-03   1.004E+01
   6.543E-03   1.117E+01
   6.571E-03   1.135E+01
   6.600E-03   1.190E+01
   6.629E-03   1.211E+01
   6.658E-03   1.233E+01
   6.687E-03   1.313E+01
   6.716E-03   1.507E+01
   6.744E-03   1.516E+01
   6.773E-03   1.541E+01
   6.802E-03   1.721E+01
   6.831E-03   1.584E+01
   6.860E-03   1.785E+01
   6.888E-03   1.877E+01
   6.917E-03   2.042E+01
   6.946E-03   2.260E+01
   6.975E-03   2.408E+01
   7.004E-03   2.213E+01
   7.033E-03   2.426E+01
   7.061E-03   2.529E+01
   7.090E-03   2.695E+01
   7.119E-03   2.873E+01
   7.148E-03   3.015E+01
   7.177E-03   2.983E+01
   7.206E-03   3.169E+01
   7.234E-03   3.161E+01
   7.263E-03   3.636E+01
   7.292E-03   3.797E+01
   7.321E-03   4.033E+01
   7.350E-03   4.245E+01
   7.378E-03   4.112E+01
   7.407E-03   4.452E+01
   7.436E-03   4.842E+01
   7.465E-03   5.255E+01
   7.494E-03   5.035E+01
   7.523E-03   6.439E+01
   7.551E-03   6.047E+01
   7.580E-03   5.980E+01
   7.609E-03   6.239E+01
   7.638E-03   6.170E+01
   7.667E-03   7.273E+01
   7.695E-03   7.608E+01
   7.724E-03   7.746E+01
   7.753E-03   8.548E+01
   7.782E-03   8.546E+01
   7.811E-03   9.944E+01
   7.840E-03   9.630E+01
   7.868E-03   1.024E+02
   7.897E-03   1.059E+02
   7.926E-03   1.271E+02
   7.955E-03   1.235E+02
   7.984E-03   1.312E+02
   8.013E-03   1.442E+02
   8.041E-03   1.535E+02
   8.070E-03   1.600E+02
   8.099E-03   1.561E+02
   8.128E-03   1.826E+02
   8.157E-03   1.911E+02
   8.185E-03   1.956E+02
   8.214E-03   2.145E+02
   8.243E-03   2.331E+02
   8.272E-03   2.471E+02
   8.301E-03   2.274E+02
   8.330E-03   2.463E+02
   8.358E-03   2.885E+02
   8.387E-03   2.958E+02
   8.416E-03   2.976E+02
   8.445E-03   3.411E+02
   8.474E-03   3.740E+02
   8.503E-03   3.886E+02
   8.531E-03   3.859E+02
   8.560E-03   4.060E+02
   8.589E-03   4.661E+02
   8.618E-03   5.110E+02
   8.647E-03   4.721E+02
   8.675E-03   5.601E+02
   8.704E-03   5.569E+02
   8.733E-03   5.848E+02
   8.762E-03   5.952E+02
   8.791E-03   6.916E+02
   8.820E-03   7.265E+02
   8.848E-03   7.400E+02
   8.877E-03   8.058E+02
   8.906E-03   8.720E+02
   8.935E-03   8.845E+02
   8.964E-03   9.549E+02
   8.992E-03   1.013E+03
   9.021E-03   1.059E+03
   9.050E-03   1.191E+03
   9.079E-03   1.206E+03
   9.108E-03   1.304E+03
   9.137E-03   1.501E+03
   9.165E-03   1.552E+03
   9.194E-03   1.619E+03
   9.223E-03   1.746E+03
   9.252E-03   1.762E+03
   9.281E-03   1.954E+03
   9.310E-03   2.059E+03
   9.338E-03   2.164E+03
   9.367E-03   2.352E+03
   9.396E-03   2.614E+03
   9.425E-03   2.791E+03
   9.454E-03   2.981E+03
   9.482E-03   3.231E+03
   9.511E-03   3.508E+03
   9.540E-03   3.830E+03
   9.569E-03   4.043E+03
   9.598E-03   4.564E+03
   9.627E-03   4.866E+03
   9.655E-03   5.022E+03
   9.684E-03   5.862E+03
   9.713E-03   6.153E+03
   9.742E-03   6.367E+03
   9.771E-03   6.728E+03
   9.799E-03   7.417E+03
   9.828E-03   8.285E+03
   9.857E-03   8.456E+03
   9.886E-03   9.217E+03
   9.915E-03   1.009E+04
   9.944E-03   1.080E+04
   9.972E-03   1.158E+04
   1.000E-02   1.235E+04
   1.003E-02   1.355E+04
   1.006E-02   1.443E+04
   1.009E-02   1.587E+04
   1.012E-02   1.728E+04
   1.015E-02   1.908E+04
   1.017E-02   2.089E+04
   1.020E-02   2.280E+04
   1.023E-02   2.570E+04
   1.026E-02   2.828E+04
   1.029E-02   3.109E+04
   1.032E-02   3.364E+04
   1.035E-02   3.714E+04
   1.038E-02   4.161E+04
   1.040E-02   4.499E+04
   1.043E-02   4.891E+04
   1.046E-02   5.441E+04
   1.049E-02   5.896E+04
   1.052E-02   6.422E+04
   1.055E-02   7.268E+04
   1.058E-02   8.118E+04
   1.061E-02   8.868E+04
   1.064E-02   9.652E+04
   1.066E-02   1.049E+05
   1.069E-02   1.170E+05
   1.072E-02   1.306E+05
   1.075E-02   1.452E+05
   1.078E-02   1.585E+05
   1.081E-02   1.710E+05
   1.084E-02   1.884E+05
   1.087E-02   2.042E+05
   1.089E-02   2.262E+05
   1.092E-02   2.460E+05
   1.095E-02   2.612E+05
   1.098E-02   2.868E+05
   1.101E-02   3.166E+05
   1.104E-02   3.584E+05
   1.107E-02   4.099E+05
   1.110E-02   4.778E+05
   1.113E-02   5.599E+05
   1.115E-02   6.329E+05
   1.118E-02   7.283E+05
   1.121E-02   8.464E+05
   1.124E-02   1.006E+06
   1.127E-02   1.223E+06
   1.130E-02   1.484E+06
   1.133E-02   1.792E+06
   1.136E-02   2.154E+06
   1.138E-02   2.629E+06
   1.141E-02   3.510E+06
   1.144E-02   4.984E+06
   1.147E-02   7.937E+06
   1.150E-02   1.536E+42
