   0.000E+00   2.625E-03
   3.110E-06   2.858E-01
   6.221E-06   4.120E-01
   9.331E-06   3.636E-02
   1.244E-05   1.612E-02
   1.555E-05   1.338E-02
   1.866E-05   1.418E-02
   2.177E-05   1.857E-02
   2.488E-05   2.104E-02
   2.799E-05   2.452E-02
   3.110E-05   3.174E-02
   3.421E-05   3.788E-02
   3.732E-05   4.117E-02
   4.043E-05   4.226E-02
   4.355E-05   4.902E-02
   4.666E-05   5.850E-02
   4.977E-05   6.828E-02
   5.288E-05   7.501E-02
   5.599E-05   7.935E-02
   5.910E-05   8.650E-02
   6.221E-05   9.603E-02
   6.532E-05   1.028E-01
   6.843E-05   1.060E-01
   7.154E-05   1.134E-01
   7.465E-05   1.201E-01
   7.776E-05   1.263E-01
   8.087E-05   1.342E-01
   8.398E-05   1.424E-01
   8.709E-05   1.534E-01
   9.020E-05   1.654E-01
   9.331E-05   1.751E-01
   9.642E-05   1.838E-01
   9.953E-05   1.915E-01
   1.026E-04   1.968E-01
   1.058E-04   2.074E-01
   1.089E-04   2.177E-01
   1.120E-04   2.275E-01
   1.151E-04   2.398E-01
   1.182E-04   2.518E-01
   1.213E-04   2.640E-01
   1.244E-04   2.746E-01
   1.275E-04   2.844E-01
   1.306E-04   2.943E-01
   1.337E-04   3.021E-01
   1.369E-04   3.102E-01
   1.400E-04   3.213E-01
   1.431E-04   3.309E-01
   1.462E-04   3.415E-01
   1.493E-04   3.506E-01
   1.524E-04   3.603E-01
   1.555E-04   3.691E-01
   1.586E-04   3.812E-01
   1.617E-04   3.921E-01
   1.648E-04   4.003E-01
   1.680E-04   4.094E-01
   1.711E-04   4.207E-01
   1.742E-04   4.309E-01
   1.773E-04   4.427E-01
   1.804E-04   4.500E-01
   1.835E-04   4.603E-01
   1.866E-04   4.696E-01
   1.897E-04   4.789E-01
   1.928E-04   4.880E-01
   1.960E-04   5.014E-01
   1.991E-04   5.147E-01
   2.022E-04   5.239E-01
   2.053E-04   5.352E-01
   2.084E-04   5.464E-01
   2.115E-04   5.564E-01
   2.146E-04   5.706E-01
   2.177E-04   5.813E-01
   2.208E-04   5.896E-01
   2.239E-04   6.012E-01
   2.271E-04   6.134E-01
   2.302E-04   6.245E-01
   2.333E-04   6.352E-01
   2.364E-04   6.452E-01
   2.395E-04   6.550E-01
   2.426E-04   6.693E-01
   2.457E-04   6.771E-01
   2.488E-04   6.863E-01
   2.519E-04   6.983E-01
   2.551E-04   7.093E-01
   2.582E-04   7.191E-01
   2.613E-04   7.323E-01
   2.644E-04   7.426E-01
   2.675E-04   7.522E-01
   2.706E-04   7.657E-01
   2.737E-04   7.720E-01
   2.768E-04   7.812E-01
   2.799E-04   7.928E-01
   2.830E-04   8.023E-01
   2.862E-04   8.152E-01
   2.893E-04   8.258E-01
   2.924E-04   8.423E-01
   2.955E-04   8.542E-01
   2.986E-04   8.699E-01
   3.017E-04   8.798E-01
   3.048E-04   8.904E-01
   3.079E-04   9.048E-01
   3.110E-04   9.185E-01
   3.141E-04   9.283E-01
   3.173E-04   9.417E-01
   3.204E-04   9.573E-01
   3.235E-04   9.661E-01
   3.266E-04   9.788E-01
   3.297E-04   9.882E-01
   3.328E-04   1.002E+00
   3.359E-04   1.013E+00
   3.390E-04   1.028E+00
   3.421E-04   1.041E+00
   3.453E-04   1.053E+00
   3.484E-04   1.066E+00
   3.515E-04   1.078E+00
   3.546E-04   1.094E+00
   3.577E-04   1.106E+00
   3.608E-04   1.120E+00
   3.639E-04   1.131E+00
   3.670E-04   1.146E+00
   3.701E-04   1.160E+00
   3.732E-04   1.171E+00
   3.764E-04   1.186E+00
   3.795E-04   1.198E+00
   3.826E-04   1.207E+00
   3.857E-04   1.223E+00
   3.888E-04   1.229E+00
   3.919E-04   1.249E+00
   3.950E-04   1.256E+00
   3.981E-04   1.267E+00
   4.012E-04   1.283E+00
   4.043E-04   1.289E+00
   4.075E-04   1.305E+00
   4.106E-04   1.314E+00
   4.137E-04   1.325E+00
   4.168E-04   1.331E+00
   4.199E-04   1.343E+00
   4.230E-04   1.358E+00
   4.261E-04   1.369E+00
   4.292E-04   1.378E+00
   4.323E-04   1.394E+00
   4.355E-04   1.407E+00
   4.386E-04   1.420E+00
   4.417E-04   1.432E+00
   4.448E-04   1.438E+00
   4.479E-04   1.446E+00
   4.510E-04   1.463E+00
   4.541E-04   1.471E+00
   4.572E-04   1.494E+00
   4.603E-04   1.502E+00
   4.634E-04   1.520E+00
   4.666E-04   1.527E+00
   4.697E-04   1.540E+00
   4.728E-04   1.551E+00
   4.759E-04   1.563E+00
   4.790E-04   1.571E+00
   4.821E-04   1.582E+00
   4.852E-04   1.600E+00
   4.883E-04   1.610E+00
   4.914E-04   1.623E+00
   4.945E-04   1.630E+00
   4.977E-04   1.645E+00
   5.008E-04   1.649E+00
   5.039E-04   1.656E+00
   5.070E-04   1.670E+00
   5.101E-04   1.678E+00
   5.132E-04   1.692E+00
   5.163E-04   1.705E+00
   5.194E-04   1.721E+00
   5.225E-04   1.728E+00
   5.257E-04   1.740E+00
   5.288E-04   1.750E+00
   5.319E-04   1.755E+00
   5.350E-04   1.778E+00
   5.381E-04   1.785E+00
   5.412E-04   1.798E+00
   5.443E-04   1.815E+00
   5.474E-04   1.821E+00
   5.505E-04   1.835E+00
   5.536E-04   1.845E+00
   5.568E-04   1.854E+00
   5.599E-04   1.871E+00
   5.630E-04   1.876E+00
   5.661E-04   1.889E+00
   5.692E-04   1.902E+00
   5.723E-04   1.901E+00
   5.754E-04   1.919E+00
   5.785E-04   1.935E+00
   5.816E-04   1.937E+00
   5.847E-04   1.946E+00
   5.879E-04   1.955E+00
   5.910E-04   1.971E+00
   5.941E-04   1.980E+00
   5.972E-04   1.993E+00
   6.003E-04   2.005E+00
   6.034E-04   2.012E+00
   6.065E-04   2.031E+00
   6.096E-04   2.039E+00
   6.127E-04   2.053E+00
   6.159E-04   2.059E+00
   6.190E-04   2.065E+00
   6.221E-04   2.080E+00
   6.252E-04   2.095E+00
   6.283E-04   2.102E+00
   6.314E-04   2.109E+00
   6.345E-04   2.125E+00
   6.376E-04   2.131E+00
   6.407E-04   2.142E+00
   6.438E-04   2.152E+00
   6.470E-04   2.172E+00
   6.501E-04   2.178E+00
   6.532E-04   2.177E+00
   6.563E-04   2.198E+00
   6.594E-04   2.210E+00
   6.625E-04   2.216E+00
   6.656E-04   2.236E+00
   6.687E-04   2.240E+00
   6.718E-04   2.248E+00
   6.749E-04   2.261E+00
   6.781E-04   2.268E+00
   6.812E-04   2.274E+00
   6.843E-04   2.285E+00
   6.874E-04   2.296E+00
   6.905E-04   2.312E+00
   6.936E-04   2.307E+00
   6.967E-04   2.326E+00
   6.998E-04   2.333E+00
   7.029E-04   2.346E+00
   7.061E-04   2.355E+00
   7.092E-04   2.364E+00
   7.123E-04   2.368E+00
   7.154E-04   2.382E+00
   7.185E-04   2.404E+00
   7.216E-04   2.399E+00
   7.247E-04   2.405E+00
   7.278E-04   2.423E+00
   7.309E-04   2.421E+00
   7.340E-04   2.441E+00
   7.372E-04   2.441E+00
   7.403E-04   2.453E+00
   7.434E-04   2.468E+00
   7.465E-04   2.474E+00
   7.496E-04   2.482E+00
   7.527E-04   2.492E+00
   7.558E-04   2.506E+00
   7.589E-04   2.515E+00
   7.620E-04   2.526E+00
   7.652E-04   2.539E+00
   7.683E-04   2.547E+00
   7.714E-04   2.562E+00
   7.745E-04   2.566E+00
   7.776E-04   2.569E+00
   7.807E-04   2.591E+00
   7.838E-04   2.598E+00
   7.869E-04   2.605E+00
   7.900E-04   2.616E+00
   7.931E-04   2.623E+00
   7.963E-04   2.639E+00
   7.994E-04   2.651E+00
   8.025E-04   2.662E+00
   8.056E-04   2.657E+00
   8.087E-04   2.674E+00
   8.118E-04   2.676E+00
   8.149E-04   2.695E+00
   8.180E-04   2.705E+00
   8.211E-04   2.719E+00
   8.242E-04   2.734E+00
   8.274E-04   2.731E+00
   8.305E-04   2.740E+00
   8.336E-04   2.752E+00
   8.367E-04   2.767E+00
   8.398E-04   2.769E+00
   8.429E-04   2.793E+00
   8.460E-04   2.795E+00
   8.491E-04   2.799E+00
   8.522E-04   2.811E+00
   8.554E-04   2.818E+00
   8.585E-04   2.842E+00
   8.616E-04   2.836E+00
   8.647E-04   2.850E+00
   8.678E-04   2.863E+00
   8.709E-04   2.871E+00
   8.740E-04   2.882E+00
   8.771E-04   2.885E+00
   8.802E-04   2.909E+00
   8.833E-04   2.907E+00
   8.865E-04   2.918E+00
   8.896E-04   2.922E+00
   8.927E-04   2.938E+00
   8.958E-04   2.941E+00
   8.989E-04   2.948E+00
   9.020E-04   2.978E+00
   9.051E-04   2.978E+00
   9.082E-04   2.986E+00
   9.113E-04   3.000E+00
   9.144E-04   3.007E+00
   9.176E-04   3.012E+00
   9.207E-04   3.021E+00
   9.238E-04   3.032E+00
   9.269E-04   3.056E+00
   9.300E-04   4.244E+00
