   7.500E-01   0.000E+00
   7.501E-01   0.000E+00
   7.501E-01   0.000E+00
   7.502E-01   0.000E+00
   7.503E-01   0.000E+00
   7.503E-01   0.000E+00
   7.504E-01   0.000E+00
   7.505E-01   0.000E+00
   7.505E-01   0.000E+00
   7.506E-01   0.000E+00
   7.507E-01   0.000E+00
   7.507E-01   0.000E+00
   7.508E-01   0.000E+00
   7.509E-01   0.000E+00
   7.509E-01   0.000E+00
   7.510E-01   0.000E+00
   7.511E-01   0.000E+00
   7.511E-01   0.000E+00
   7.512E-01   0.000E+00
   7.513E-01   4.722E-01
   7.513E-01   2.480E-01
   7.514E-01   1.776E-01
   7.515E-01   1.440E-01
   7.515E-01   2.045E-01
   7.516E-01   1.698E-01
   7.517E-01   1.737E-01
   7.517E-01   1.483E-01
   7.518E-01   1.514E-01
   7.519E-01   1.501E-01
   7.519E-01   1.388E-01
   7.520E-01   1.369E-01
   7.521E-01   1.308E-01
   7.521E-01   1.339E-01
   7.522E-01   1.330E-01
   7.523E-01   1.242E-01
   7.523E-01   1.285E-01
   7.524E-01   1.305E-01
   7.525E-01   1.306E-01
   7.525E-01   1.325E-01
   7.526E-01   1.296E-01
   7.527E-01   1.330E-01
   7.527E-01   1.362E-01
   7.528E-01   1.381E-01
   7.529E-01   1.309E-01
   7.529E-01   1.356E-01
   7.530E-01   1.342E-01
   7.531E-01   1.354E-01
   7.531E-01   1.403E-01
   7.532E-01   1.420E-01
   7.533E-01   1.426E-01
   7.533E-01   1.396E-01
   7.534E-01   1.385E-01
   7.535E-01   1.416E-01
   7.535E-01   1.432E-01
   7.536E-01   1.433E-01
   7.537E-01   1.444E-01
   7.537E-01   1.457E-01
   7.538E-01   1.452E-01
   7.539E-01   1.456E-01
   7.539E-01   1.473E-01
   7.540E-01   1.485E-01
   7.541E-01   1.505E-01
   7.541E-01   1.518E-01
   7.542E-01   1.515E-01
   7.543E-01   1.515E-01
   7.543E-01   1.515E-01
   7.544E-01   1.520E-01
   7.545E-01   1.520E-01
   7.545E-01   1.530E-01
   7.546E-01   1.533E-01
   7.547E-01   1.542E-01
   7.547E-01   1.538E-01
   7.548E-01   1.546E-01
   7.549E-01   1.551E-01
   7.549E-01   1.545E-01
   7.550E-01   1.543E-01
   7.551E-01   1.544E-01
   7.552E-01   1.534E-01
   7.552E-01   1.526E-01
   7.553E-01   1.533E-01
   7.554E-01   1.523E-01
   7.554E-01   1.521E-01
   7.555E-01   1.516E-01
   7.556E-01   1.516E-01
   7.556E-01   1.524E-01
   7.557E-01   1.532E-01
   7.558E-01   1.540E-01
   7.558E-01   1.549E-01
   7.559E-01   1.560E-01
   7.560E-01   1.569E-01
   7.560E-01   1.577E-01
   7.561E-01   1.580E-01
   7.562E-01   1.602E-01
   7.562E-01   1.619E-01
   7.563E-01   1.640E-01
   7.564E-01   1.677E-01
   7.564E-01   1.720E-01
   7.565E-01   1.764E-01
   7.566E-01   1.807E-01
   7.566E-01   1.866E-01
   7.567E-01   1.925E-01
   7.568E-01   1.999E-01
   7.568E-01   2.059E-01
   7.569E-01   2.151E-01
   7.570E-01   2.255E-01
   7.570E-01   2.354E-01
   7.571E-01   2.456E-01
   7.572E-01   2.599E-01
   7.572E-01   2.801E-01
   7.573E-01   2.974E-01
   7.574E-01   3.164E-01
   7.574E-01   3.359E-01
   7.575E-01   3.610E-01
   7.576E-01   3.848E-01
   7.576E-01   4.130E-01
   7.577E-01   4.426E-01
   7.578E-01   4.768E-01
   7.578E-01   5.200E-01
   7.579E-01   5.629E-01
   7.580E-01   6.144E-01
   7.580E-01   6.632E-01
   7.581E-01   7.171E-01
   7.582E-01   7.688E-01
   7.582E-01   8.306E-01
   7.583E-01   8.905E-01
   7.584E-01   9.362E-01
   7.584E-01   9.747E-01
   7.585E-01   1.016E+00
   7.586E-01   1.038E+00
   7.586E-01   1.052E+00
   7.587E-01   1.063E+00
   7.588E-01   1.063E+00
   7.588E-01   1.050E+00
   7.589E-01   1.009E+00
   7.590E-01   9.577E-01
   7.590E-01   9.603E-01
   7.591E-01   1.097E+06
   7.592E-01   9.513E-01
   7.592E-01   7.329E-01
   7.593E-01   6.573E-01
   7.594E-01   6.075E-01
   7.594E-01   5.682E-01
   7.595E-01   5.299E-01
   7.596E-01   5.001E-01
   7.596E-01   4.725E-01
   7.597E-01   4.482E-01
   7.598E-01   4.211E-01
   7.598E-01   3.961E-01
   7.599E-01   3.736E-01
   7.600E-01   3.487E-01
   7.600E-01   3.298E-01
   7.601E-01   3.150E-01
   7.602E-01   3.021E-01
   7.602E-01   2.874E-01
   7.603E-01   2.731E-01
   7.604E-01   2.624E-01
   7.604E-01   2.532E-01
   7.605E-01   2.447E-01
   7.606E-01   2.369E-01
   7.606E-01   2.288E-01
   7.607E-01   2.200E-01
   7.608E-01   2.135E-01
   7.608E-01   2.089E-01
   7.609E-01   2.029E-01
   7.610E-01   1.980E-01
   7.610E-01   1.929E-01
   7.611E-01   1.889E-01
   7.612E-01   1.854E-01
   7.612E-01   1.805E-01
   7.613E-01   1.755E-01
   7.614E-01   1.708E-01
   7.614E-01   1.668E-01
   7.615E-01   1.619E-01
   7.616E-01   1.591E-01
   7.616E-01   1.578E-01
   7.617E-01   1.556E-01
   7.618E-01   1.522E-01
   7.618E-01   1.495E-01
   7.619E-01   1.467E-01
   7.620E-01   1.449E-01
   7.620E-01   1.432E-01
   7.621E-01   1.419E-01
   7.622E-01   1.406E-01
   7.622E-01   1.396E-01
   7.623E-01   1.387E-01
   7.624E-01   1.366E-01
   7.624E-01   1.349E-01
   7.625E-01   1.337E-01
   7.626E-01   1.321E-01
   7.626E-01   1.315E-01
   7.627E-01   1.305E-01
   7.628E-01   1.283E-01
   7.628E-01   1.279E-01
   7.629E-01   1.276E-01
   7.630E-01   1.266E-01
   7.630E-01   1.259E-01
   7.631E-01   1.246E-01
   7.632E-01   1.245E-01
   7.632E-01   1.240E-01
   7.633E-01   1.227E-01
   7.634E-01   1.209E-01
   7.634E-01   1.203E-01
   7.635E-01   1.195E-01
   7.636E-01   1.191E-01
   7.636E-01   1.190E-01
   7.637E-01   1.189E-01
   7.638E-01   1.183E-01
   7.638E-01   1.175E-01
   7.639E-01   1.163E-01
   7.640E-01   1.155E-01
   7.640E-01   1.155E-01
   7.641E-01   1.156E-01
   7.642E-01   1.149E-01
   7.642E-01   1.151E-01
   7.643E-01   1.141E-01
   7.644E-01   1.137E-01
   7.644E-01   1.127E-01
   7.645E-01   1.124E-01
   7.646E-01   1.121E-01
   7.646E-01   1.112E-01
   7.647E-01   1.118E-01
   7.648E-01   1.105E-01
   7.648E-01   1.124E-01
   7.649E-01   1.120E-01
   7.650E-01   1.123E-01
   7.651E-01   1.108E-01
   7.651E-01   1.095E-01
   7.652E-01   1.093E-01
   7.653E-01   1.087E-01
   7.653E-01   1.080E-01
   7.654E-01   1.074E-01
   7.655E-01   1.078E-01
   7.655E-01   1.091E-01
   7.656E-01   1.090E-01
   7.657E-01   1.090E-01
   7.657E-01   1.080E-01
   7.658E-01   1.067E-01
   7.659E-01   1.061E-01
   7.659E-01   1.064E-01
   7.660E-01   1.059E-01
   7.661E-01   1.052E-01
   7.661E-01   1.044E-01
   7.662E-01   1.030E-01
   7.663E-01   1.041E-01
   7.663E-01   1.037E-01
   7.664E-01   1.017E-01
   7.665E-01   1.019E-01
   7.665E-01   1.007E-01
   7.666E-01   1.006E-01
   7.667E-01   1.008E-01
   7.667E-01   9.911E-02
   7.668E-01   9.968E-02
   7.669E-01   1.016E-01
   7.669E-01   1.022E-01
   7.670E-01   1.022E-01
   7.671E-01   1.028E-01
   7.671E-01   1.029E-01
   7.672E-01   1.054E-01
   7.673E-01   1.051E-01
   7.673E-01   1.034E-01
   7.674E-01   1.010E-01
   7.675E-01   9.743E-02
   7.675E-01   9.703E-02
   7.676E-01   9.402E-02
   7.677E-01   9.229E-02
   7.677E-01   8.858E-02
   7.678E-01   9.126E-02
   7.679E-01   8.991E-02
   7.679E-01   8.621E-02
   7.680E-01   8.827E-02
   7.681E-01   8.564E-02
   7.681E-01   8.431E-02
   7.682E-01   8.460E-02
   7.683E-01   8.443E-02
   7.683E-01   8.346E-02
   7.684E-01   7.678E-02
   7.685E-01   7.633E-02
   7.685E-01   7.676E-02
   7.686E-01   8.213E-02
   7.687E-01   7.822E-02
   7.687E-01   8.060E-02
   7.688E-01   8.196E-02
   7.689E-01   7.150E-02
   7.689E-01   7.624E-02
   7.690E-01   7.587E-02
   7.691E-01   7.393E-02
   7.691E-01   7.951E-02
   7.692E-01   7.585E-02
   7.693E-01   8.173E-02
   7.693E-01   7.111E-02
   7.694E-01   7.070E-02
   7.695E-01   6.754E-02
   7.695E-01   6.958E-02
   7.696E-01   7.361E-02
   7.697E-01   7.675E-02
   7.697E-01   7.446E-02
   7.698E-01   7.903E-02
   7.699E-01   7.830E-02
   7.699E-01   7.976E-02
   7.700E-01   7.886E-02
