   0.000E+00   4.669E+03
   3.880E-05   1.944E+01
   7.759E-05   7.736E+00
   1.164E-04   4.469E+00
   1.552E-04   3.053E+00
   1.940E-04   2.253E+00
   2.328E-04   1.740E+00
   2.716E-04   1.404E+00
   3.104E-04   1.165E+00
   3.492E-04   9.836E-01
   3.880E-04   8.353E-01
   4.268E-04   7.116E-01
   4.656E-04   6.075E-01
   5.043E-04   5.265E-01
   5.431E-04   4.616E-01
   5.819E-04   4.102E-01
   6.207E-04   3.653E-01
   6.595E-04   3.268E-01
   6.983E-04   2.945E-01
   7.371E-04   2.684E-01
   7.759E-04   2.457E-01
   8.147E-04   2.275E-01
   8.535E-04   2.123E-01
   8.923E-04   1.990E-01
   9.311E-04   1.877E-01
   9.699E-04   1.775E-01
   1.009E-03   1.686E-01
   1.047E-03   1.612E-01
   1.086E-03   1.541E-01
   1.125E-03   1.479E-01
   1.164E-03   1.423E-01
   1.203E-03   1.374E-01
   1.241E-03   1.326E-01
   1.280E-03   1.283E-01
   1.319E-03   1.245E-01
   1.358E-03   1.209E-01
   1.397E-03   1.175E-01
   1.435E-03   1.142E-01
   1.474E-03   1.114E-01
   1.513E-03   1.087E-01
   1.552E-03   1.062E-01
   1.591E-03   1.040E-01
   1.629E-03   1.018E-01
   1.668E-03   9.963E-02
   1.707E-03   9.771E-02
   1.746E-03   9.579E-02
   1.785E-03   9.410E-02
   1.823E-03   9.248E-02
   1.862E-03   9.097E-02
   1.901E-03   8.942E-02
   1.940E-03   8.807E-02
   1.979E-03   8.668E-02
   2.017E-03   8.528E-02
   2.056E-03   8.392E-02
   2.095E-03   8.276E-02
   2.134E-03   8.163E-02
   2.173E-03   8.041E-02
   2.211E-03   7.943E-02
   2.250E-03   7.831E-02
   2.289E-03   7.756E-02
   2.328E-03   7.662E-02
   2.367E-03   7.576E-02
   2.405E-03   7.496E-02
   2.444E-03   7.417E-02
   2.483E-03   7.343E-02
   2.522E-03   7.263E-02
   2.561E-03   7.197E-02
   2.599E-03   7.130E-02
   2.638E-03   7.065E-02
   2.677E-03   7.004E-02
   2.716E-03   6.945E-02
   2.755E-03   6.892E-02
   2.793E-03   6.844E-02
   2.832E-03   6.777E-02
   2.871E-03   6.717E-02
   2.910E-03   6.668E-02
   2.948E-03   6.618E-02
   2.987E-03   6.573E-02
   3.026E-03   6.526E-02
   3.065E-03   6.482E-02
   3.104E-03   6.433E-02
   3.142E-03   6.391E-02
   3.181E-03   6.350E-02
   3.220E-03   6.309E-02
   3.259E-03   6.282E-02
   3.298E-03   6.235E-02
   3.336E-03   6.200E-02
   3.375E-03   6.165E-02
   3.414E-03   6.139E-02
   3.453E-03   6.104E-02
   3.492E-03   6.085E-02
   3.530E-03   6.031E-02
   3.569E-03   6.017E-02
   3.608E-03   5.987E-02
   3.647E-03   5.965E-02
   3.686E-03   5.940E-02
   3.724E-03   5.907E-02
   3.763E-03   5.871E-02
   3.802E-03   5.850E-02
   3.841E-03   5.839E-02
   3.880E-03   5.812E-02
   3.918E-03   5.783E-02
   3.957E-03   5.756E-02
   3.996E-03   5.717E-02
   4.035E-03   5.701E-02
   4.074E-03   5.677E-02
   4.112E-03   5.659E-02
   4.151E-03   5.643E-02
   4.190E-03   5.612E-02
   4.229E-03   5.604E-02
   4.268E-03   5.576E-02
   4.306E-03   5.565E-02
   4.345E-03   5.548E-02
   4.384E-03   5.530E-02
   4.423E-03   5.529E-02
   4.462E-03   5.510E-02
   4.500E-03   5.502E-02
   4.539E-03   5.480E-02
   4.578E-03   5.464E-02
   4.617E-03   5.455E-02
   4.656E-03   5.456E-02
   4.694E-03   5.444E-02
   4.733E-03   5.420E-02
   4.772E-03   5.413E-02
   4.811E-03   5.396E-02
   4.849E-03   5.404E-02
   4.888E-03   5.387E-02
   4.927E-03   5.385E-02
   4.966E-03   5.382E-02
   5.005E-03   5.370E-02
   5.043E-03   5.372E-02
   5.082E-03   5.356E-02
   5.121E-03   5.355E-02
   5.160E-03   5.358E-02
   5.199E-03   5.351E-02
   5.237E-03   5.349E-02
   5.276E-03   5.336E-02
   5.315E-03   5.333E-02
   5.354E-03   5.323E-02
   5.393E-03   5.320E-02
   5.431E-03   5.314E-02
   5.470E-03   5.323E-02
   5.509E-03   5.313E-02
   5.548E-03   5.313E-02
   5.587E-03   5.315E-02
   5.625E-03   5.326E-02
   5.664E-03   5.325E-02
   5.703E-03   5.334E-02
   5.742E-03   5.330E-02
   5.781E-03   5.338E-02
   5.819E-03   5.339E-02
   5.858E-03   5.329E-02
   5.897E-03   5.332E-02
   5.936E-03   5.334E-02
   5.975E-03   5.339E-02
   6.013E-03   5.351E-02
   6.052E-03   5.339E-02
   6.091E-03   5.349E-02
   6.130E-03   5.359E-02
   6.169E-03   5.350E-02
   6.207E-03   5.360E-02
   6.246E-03   5.362E-02
   6.285E-03   5.374E-02
   6.324E-03   5.384E-02
   6.363E-03   5.400E-02
   6.401E-03   5.415E-02
   6.440E-03   5.453E-02
   6.479E-03   5.435E-02
   6.518E-03   5.442E-02
   6.557E-03   5.450E-02
   6.595E-03   5.461E-02
   6.634E-03   5.470E-02
   6.673E-03   5.487E-02
   6.712E-03   5.512E-02
   6.751E-03   5.525E-02
   6.789E-03   5.537E-02
   6.828E-03   5.548E-02
   6.867E-03   5.559E-02
   6.906E-03   5.571E-02
   6.944E-03   5.586E-02
   6.983E-03   5.606E-02
   7.022E-03   5.610E-02
   7.061E-03   5.629E-02
   7.100E-03   5.639E-02
   7.138E-03   5.648E-02
   7.177E-03   5.684E-02
   7.216E-03   5.707E-02
   7.255E-03   5.744E-02
   7.294E-03   5.749E-02
   7.332E-03   5.775E-02
   7.371E-03   5.810E-02
   7.410E-03   5.824E-02
   7.449E-03   5.860E-02
   7.488E-03   5.870E-02
   7.526E-03   5.895E-02
   7.565E-03   5.924E-02
   7.604E-03   5.938E-02
   7.643E-03   6.012E-02
   7.682E-03   6.033E-02
   7.720E-03   6.070E-02
   7.759E-03   6.135E-02
   7.798E-03   6.149E-02
   7.837E-03   6.171E-02
   7.876E-03   6.209E-02
   7.914E-03   6.233E-02
   7.953E-03   6.274E-02
   7.992E-03   6.311E-02
   8.031E-03   6.333E-02
   8.070E-03   6.377E-02
   8.108E-03   6.403E-02
   8.147E-03   6.446E-02
   8.186E-03   6.479E-02
   8.225E-03   6.523E-02
   8.264E-03   6.555E-02
   8.302E-03   6.618E-02
   8.341E-03   6.680E-02
   8.380E-03   6.723E-02
   8.419E-03   6.788E-02
   8.458E-03   6.864E-02
   8.496E-03   6.923E-02
   8.535E-03   6.996E-02
   8.574E-03   7.082E-02
   8.613E-03   7.119E-02
   8.652E-03   7.186E-02
   8.690E-03   7.284E-02
   8.729E-03   7.320E-02
   8.768E-03   7.387E-02
   8.807E-03   7.480E-02
   8.845E-03   7.566E-02
   8.884E-03   7.674E-02
   8.923E-03   7.758E-02
   8.962E-03   7.868E-02
   9.001E-03   7.966E-02
   9.039E-03   8.041E-02
   9.078E-03   8.133E-02
   9.117E-03   8.255E-02
   9.156E-03   8.377E-02
   9.195E-03   8.476E-02
   9.233E-03   8.626E-02
   9.272E-03   8.762E-02
   9.311E-03   8.845E-02
   9.350E-03   8.973E-02
   9.389E-03   9.109E-02
   9.427E-03   9.248E-02
   9.466E-03   9.389E-02
   9.505E-03   9.530E-02
   9.544E-03   9.692E-02
   9.583E-03   9.822E-02
   9.621E-03   9.950E-02
   9.660E-03   1.011E-01
   9.699E-03   1.026E-01
   9.738E-03   1.050E-01
   9.777E-03   1.063E-01
   9.815E-03   1.081E-01
   9.854E-03   1.102E-01
   9.893E-03   1.124E-01
   9.932E-03   1.147E-01
   9.971E-03   1.172E-01
   1.001E-02   1.201E-01
   1.005E-02   1.229E-01
   1.009E-02   1.253E-01
   1.013E-02   1.291E-01
   1.016E-02   1.322E-01
   1.020E-02   1.356E-01
   1.024E-02   1.390E-01
   1.028E-02   1.430E-01
   1.032E-02   1.470E-01
   1.036E-02   1.514E-01
   1.040E-02   1.561E-01
   1.044E-02   1.616E-01
   1.047E-02   1.660E-01
   1.051E-02   1.723E-01
   1.055E-02   1.777E-01
   1.059E-02   1.833E-01
   1.063E-02   1.907E-01
   1.067E-02   1.984E-01
   1.071E-02   2.075E-01
   1.075E-02   2.167E-01
   1.079E-02   2.272E-01
   1.082E-02   2.389E-01
   1.086E-02   2.525E-01
   1.090E-02   2.736E-01
   1.094E-02   2.853E-01
   1.098E-02   2.984E-01
   1.102E-02   3.145E-01
   1.106E-02   3.366E-01
   1.110E-02   3.623E-01
   1.113E-02   3.927E-01
   1.117E-02   4.333E-01
   1.121E-02   4.809E-01
   1.125E-02   5.462E-01
   1.129E-02   6.291E-01
   1.133E-02   7.314E-01
   1.137E-02   8.851E-01
   1.141E-02   1.129E+00
   1.144E-02   1.572E+00
   1.148E-02   2.709E+00
   1.152E-02   7.202E+07
   1.156E-02   5.991E+00
   1.160E-02   1.921E+00
