   0.000E+00   9.908E-04
   8.729E-07   1.912E-03
   1.746E-06   1.632E-03
   2.619E-06   2.614E-03
   3.492E-06   3.896E-03
   4.365E-06   5.499E-03
   5.237E-06   7.226E-03
   6.110E-06   8.980E-03
   6.983E-06   1.054E-02
   7.856E-06   1.239E-02
   8.729E-06   1.468E-02
   9.602E-06   1.677E-02
   1.047E-05   1.877E-02
   1.135E-05   2.083E-02
   1.222E-05   2.305E-02
   1.309E-05   2.541E-02
   1.397E-05   2.756E-02
   1.484E-05   2.974E-02
   1.571E-05   3.206E-02
   1.659E-05   3.428E-02
   1.746E-05   3.636E-02
   1.833E-05   3.853E-02
   1.920E-05   4.054E-02
   2.008E-05   4.271E-02
   2.095E-05   4.466E-02
   2.182E-05   4.650E-02
   2.270E-05   4.837E-02
   2.357E-05   5.050E-02
   2.444E-05   5.253E-02
   2.531E-05   5.495E-02
   2.619E-05   5.745E-02
   2.706E-05   5.981E-02
   2.793E-05   6.268E-02
   2.881E-05   6.548E-02
   2.968E-05   6.874E-02
   3.055E-05   7.218E-02
   3.142E-05   7.578E-02
   3.230E-05   7.960E-02
   3.317E-05   8.374E-02
   3.404E-05   8.791E-02
   3.492E-05   9.234E-02
   3.579E-05   9.711E-02
   3.666E-05   1.018E-01
   3.754E-05   1.068E-01
   3.841E-05   1.123E-01
   3.928E-05   1.176E-01
   4.015E-05   1.229E-01
   4.103E-05   1.286E-01
   4.190E-05   1.348E-01
   4.277E-05   1.410E-01
   4.365E-05   1.472E-01
   4.452E-05   1.534E-01
   4.539E-05   1.601E-01
   4.626E-05   1.669E-01
   4.714E-05   1.738E-01
   4.801E-05   1.804E-01
   4.888E-05   1.879E-01
   4.976E-05   1.952E-01
   5.063E-05   2.026E-01
   5.150E-05   2.093E-01
   5.237E-05   2.173E-01
   5.325E-05   2.246E-01
   5.412E-05   2.323E-01
   5.499E-05   2.404E-01
   5.587E-05   2.475E-01
   5.674E-05   2.559E-01
   5.761E-05   2.641E-01
   5.848E-05   2.725E-01
   5.936E-05   2.801E-01
   6.023E-05   2.890E-01
   6.110E-05   2.975E-01
   6.198E-05   3.060E-01
   6.285E-05   3.140E-01
   6.372E-05   3.235E-01
   6.460E-05   3.321E-01
   6.547E-05   3.399E-01
   6.634E-05   3.500E-01
   6.721E-05   3.593E-01
   6.809E-05   3.679E-01
   6.896E-05   3.767E-01
   6.983E-05   3.855E-01
   7.071E-05   3.941E-01
   7.158E-05   4.039E-01
   7.245E-05   4.138E-01
   7.332E-05   4.224E-01
   7.420E-05   4.313E-01
   7.507E-05   4.414E-01
   7.594E-05   4.502E-01
   7.682E-05   4.600E-01
   7.769E-05   4.695E-01
   7.856E-05   4.786E-01
   7.943E-05   4.881E-01
   8.031E-05   4.978E-01
   8.118E-05   5.072E-01
   8.205E-05   5.176E-01
   8.293E-05   5.274E-01
   8.380E-05   5.376E-01
   8.467E-05   5.459E-01
   8.555E-05   5.569E-01
   8.642E-05   5.667E-01
   8.729E-05   5.763E-01
   8.816E-05   5.866E-01
   8.904E-05   5.962E-01
   8.991E-05   6.060E-01
   9.078E-05   6.164E-01
   9.166E-05   6.263E-01
   9.253E-05   6.369E-01
   9.340E-05   6.463E-01
   9.427E-05   6.576E-01
   9.515E-05   6.656E-01
   9.602E-05   6.754E-01
   9.689E-05   6.864E-01
   9.777E-05   6.957E-01
   9.864E-05   7.074E-01
   9.951E-05   7.155E-01
   1.004E-04   7.273E-01
   1.013E-04   7.359E-01
   1.021E-04   7.468E-01
   1.030E-04   7.577E-01
   1.039E-04   7.674E-01
   1.047E-04   7.777E-01
   1.056E-04   7.881E-01
   1.065E-04   7.964E-01
   1.074E-04   8.080E-01
   1.082E-04   8.176E-01
   1.091E-04   8.302E-01
   1.100E-04   8.386E-01
   1.109E-04   8.480E-01
   1.117E-04   8.579E-01
   1.126E-04   8.696E-01
   1.135E-04   8.801E-01
   1.144E-04   8.880E-01
   1.152E-04   8.991E-01
   1.161E-04   9.103E-01
   1.170E-04   9.207E-01
   1.178E-04   9.297E-01
   1.187E-04   9.382E-01
   1.196E-04   9.490E-01
   1.205E-04   9.608E-01
   1.213E-04   9.720E-01
   1.222E-04   9.818E-01
   1.231E-04   9.939E-01
   1.240E-04   1.003E+00
   1.248E-04   1.013E+00
   1.257E-04   1.022E+00
   1.266E-04   1.032E+00
   1.274E-04   1.042E+00
   1.283E-04   1.052E+00
   1.292E-04   1.062E+00
   1.301E-04   1.072E+00
   1.309E-04   1.083E+00
   1.318E-04   1.093E+00
   1.327E-04   1.104E+00
   1.336E-04   1.115E+00
   1.344E-04   1.125E+00
   1.353E-04   1.134E+00
   1.362E-04   1.146E+00
   1.370E-04   1.152E+00
   1.379E-04   1.163E+00
   1.388E-04   1.174E+00
   1.397E-04   1.183E+00
   1.405E-04   1.196E+00
   1.414E-04   1.206E+00
   1.423E-04   1.214E+00
   1.432E-04   1.224E+00
   1.440E-04   1.236E+00
   1.449E-04   1.244E+00
   1.458E-04   1.253E+00
   1.466E-04   1.270E+00
   1.475E-04   1.274E+00
   1.484E-04   1.286E+00
   1.493E-04   1.296E+00
   1.501E-04   1.307E+00
   1.510E-04   1.311E+00
   1.519E-04   1.326E+00
   1.528E-04   1.334E+00
   1.536E-04   1.348E+00
   1.545E-04   1.351E+00
   1.554E-04   1.363E+00
   1.563E-04   1.373E+00
   1.571E-04   1.380E+00
   1.580E-04   1.393E+00
   1.589E-04   1.399E+00
   1.597E-04   1.412E+00
   1.606E-04   1.419E+00
   1.615E-04   1.430E+00
   1.624E-04   1.442E+00
   1.632E-04   1.448E+00
   1.641E-04   1.459E+00
   1.650E-04   1.470E+00
   1.659E-04   1.479E+00
   1.667E-04   1.488E+00
   1.676E-04   1.499E+00
   1.685E-04   1.506E+00
   1.693E-04   1.516E+00
   1.702E-04   1.522E+00
   1.711E-04   1.533E+00
   1.720E-04   1.545E+00
   1.728E-04   1.549E+00
   1.737E-04   1.557E+00
   1.746E-04   1.567E+00
   1.755E-04   1.576E+00
   1.763E-04   1.585E+00
   1.772E-04   1.593E+00
   1.781E-04   1.606E+00
   1.789E-04   1.613E+00
   1.798E-04   1.621E+00
   1.807E-04   1.632E+00
   1.816E-04   1.638E+00
   1.824E-04   1.649E+00
   1.833E-04   1.654E+00
   1.842E-04   1.663E+00
   1.851E-04   1.676E+00
   1.859E-04   1.680E+00
   1.868E-04   1.692E+00
   1.877E-04   1.699E+00
   1.885E-04   1.704E+00
   1.894E-04   1.712E+00
   1.903E-04   1.722E+00
   1.912E-04   1.731E+00
   1.920E-04   1.741E+00
   1.929E-04   1.746E+00
   1.938E-04   1.754E+00
   1.947E-04   1.760E+00
   1.955E-04   1.766E+00
   1.964E-04   1.777E+00
   1.973E-04   1.792E+00
   1.982E-04   1.791E+00
   1.990E-04   1.801E+00
   1.999E-04   1.806E+00
   2.008E-04   1.818E+00
   2.016E-04   1.819E+00
   2.025E-04   1.830E+00
   2.034E-04   1.833E+00
   2.043E-04   1.847E+00
   2.051E-04   1.851E+00
   2.060E-04   1.853E+00
   2.069E-04   1.865E+00
   2.078E-04   1.875E+00
   2.086E-04   1.879E+00
   2.095E-04   1.885E+00
   2.104E-04   1.890E+00
   2.112E-04   1.899E+00
   2.121E-04   1.902E+00
   2.130E-04   1.912E+00
   2.139E-04   1.920E+00
   2.147E-04   1.925E+00
   2.156E-04   1.928E+00
   2.165E-04   1.935E+00
   2.174E-04   1.942E+00
   2.182E-04   1.949E+00
   2.191E-04   1.956E+00
   2.200E-04   1.961E+00
   2.208E-04   1.971E+00
   2.217E-04   1.972E+00
   2.226E-04   1.981E+00
   2.235E-04   1.980E+00
   2.243E-04   1.989E+00
   2.252E-04   1.996E+00
   2.261E-04   2.001E+00
   2.270E-04   2.003E+00
   2.278E-04   2.011E+00
   2.287E-04   2.015E+00
   2.296E-04   2.018E+00
   2.304E-04   2.022E+00
   2.313E-04   2.029E+00
   2.322E-04   2.031E+00
   2.331E-04   2.039E+00
   2.339E-04   2.041E+00
   2.348E-04   2.045E+00
   2.357E-04   2.052E+00
   2.366E-04   2.052E+00
   2.374E-04   2.054E+00
   2.383E-04   2.059E+00
   2.392E-04   2.066E+00
   2.401E-04   2.073E+00
   2.409E-04   2.071E+00
   2.418E-04   2.076E+00
   2.427E-04   2.073E+00
   2.435E-04   2.078E+00
   2.444E-04   2.086E+00
   2.453E-04   2.087E+00
   2.462E-04   2.095E+00
   2.470E-04   2.091E+00
   2.479E-04   2.090E+00
   2.488E-04   2.100E+00
   2.497E-04   2.092E+00
   2.505E-04   2.099E+00
   2.514E-04   2.099E+00
   2.523E-04   2.106E+00
   2.531E-04   2.108E+00
   2.540E-04   2.110E+00
   2.549E-04   2.109E+00
   2.558E-04   2.113E+00
   2.566E-04   2.108E+00
   2.575E-04   2.110E+00
   2.584E-04   2.102E+00
   2.593E-04   2.110E+00
   2.601E-04   2.115E+00
   2.610E-04   1.749E+00
