   2.980E+02   1.348E+04
   3.037E+02   1.645E+05
   3.094E+02   2.547E+05
   3.151E+02   3.407E+05
   3.208E+02   4.232E+05
   3.265E+02   5.017E+05
   3.322E+02   5.775E+05
   3.378E+02   6.502E+05
   3.435E+02   7.214E+05
   3.492E+02   7.885E+05
   3.549E+02   8.563E+05
   3.606E+02   9.222E+05
   3.663E+02   9.868E+05
   3.720E+02   1.050E+06
   3.777E+02   1.111E+06
   3.834E+02   1.173E+06
   3.891E+02   1.231E+06
   3.948E+02   1.290E+06
   4.005E+02   1.347E+06
   4.062E+02   1.403E+06
   4.118E+02   1.457E+06
   4.175E+02   1.510E+06
   4.232E+02   1.565E+06
   4.289E+02   1.615E+06
   4.346E+02   1.668E+06
   4.403E+02   1.717E+06
   4.460E+02   1.762E+06
   4.517E+02   1.810E+06
   4.574E+02   1.856E+06
   4.631E+02   1.900E+06
   4.688E+02   1.948E+06
   4.745E+02   1.990E+06
   4.802E+02   2.033E+06
   4.858E+02   2.074E+06
   4.915E+02   2.116E+06
   4.972E+02   2.154E+06
   5.029E+02   2.190E+06
   5.086E+02   2.231E+06
   5.143E+02   2.267E+06
   5.200E+02   2.300E+06
   5.257E+02   2.335E+06
   5.314E+02   2.371E+06
   5.371E+02   2.403E+06
   5.428E+02   2.436E+06
   5.485E+02   2.466E+06
   5.542E+02   2.500E+06
   5.598E+02   2.522E+06
   5.655E+02   2.553E+06
   5.712E+02   2.581E+06
   5.769E+02   2.603E+06
   5.826E+02   2.628E+06
   5.883E+02   2.652E+06
   5.940E+02   2.674E+06
   5.997E+02   2.698E+06
   6.054E+02   2.719E+06
   6.111E+02   2.742E+06
   6.168E+02   2.756E+06
   6.225E+02   2.769E+06
   6.282E+02   2.790E+06
   6.338E+02   2.810E+06
   6.395E+02   2.823E+06
   6.452E+02   2.837E+06
   6.509E+02   2.846E+06
   6.566E+02   2.865E+06
   6.623E+02   2.870E+06
   6.680E+02   2.881E+06
   6.737E+02   2.892E+06
   6.794E+02   2.901E+06
   6.851E+02   2.907E+06
   6.908E+02   2.915E+06
   6.965E+02   2.920E+06
   7.022E+02   2.927E+06
   7.078E+02   2.931E+06
   7.135E+02   2.935E+06
   7.192E+02   2.940E+06
   7.249E+02   2.940E+06
   7.306E+02   2.937E+06
   7.363E+02   2.941E+06
   7.420E+02   2.941E+06
   7.477E+02   2.938E+06
   7.534E+02   2.938E+06
   7.591E+02   2.938E+06
   7.648E+02   2.933E+06
   7.705E+02   2.932E+06
   7.762E+02   2.926E+06
   7.818E+02   2.922E+06
   7.875E+02   2.917E+06
   7.932E+02   2.910E+06
   7.989E+02   2.906E+06
   8.046E+02   2.895E+06
   8.103E+02   2.892E+06
   8.160E+02   2.884E+06
   8.217E+02   2.874E+06
   8.274E+02   2.871E+06
   8.331E+02   2.859E+06
   8.388E+02   2.847E+06
   8.445E+02   2.839E+06
   8.502E+02   2.826E+06
   8.558E+02   2.820E+06
   8.615E+02   2.804E+06
   8.672E+02   2.791E+06
   8.729E+02   2.782E+06
   8.786E+02   2.767E+06
   8.843E+02   2.753E+06
   8.900E+02   2.738E+06
   8.957E+02   2.721E+06
   9.014E+02   2.707E+06
   9.071E+02   2.693E+06
   9.128E+02   2.676E+06
   9.185E+02   2.657E+06
   9.242E+02   2.644E+06
   9.298E+02   2.627E+06
   9.355E+02   2.609E+06
   9.412E+02   2.591E+06
   9.469E+02   2.572E+06
   9.526E+02   2.554E+06
   9.583E+02   2.536E+06
   9.640E+02   2.515E+06
   9.697E+02   2.496E+06
   9.754E+02   2.475E+06
   9.811E+02   2.456E+06
   9.868E+02   2.435E+06
   9.925E+02   2.413E+06
   9.982E+02   2.388E+06
   1.004E+03   2.369E+06
   1.010E+03   2.348E+06
   1.015E+03   2.324E+06
   1.021E+03   2.300E+06
   1.027E+03   2.277E+06
   1.032E+03   2.252E+06
   1.038E+03   2.227E+06
   1.044E+03   2.202E+06
   1.049E+03   2.175E+06
   1.055E+03   2.154E+06
   1.061E+03   2.128E+06
   1.066E+03   2.098E+06
   1.072E+03   2.074E+06
   1.078E+03   2.045E+06
   1.084E+03   2.016E+06
   1.089E+03   1.987E+06
   1.095E+03   1.959E+06
   1.101E+03   1.926E+06
   1.106E+03   1.897E+06
   1.112E+03   1.866E+06
   1.118E+03   1.833E+06
   1.123E+03   1.802E+06
   1.129E+03   1.769E+06
   1.135E+03   1.735E+06
   1.140E+03   1.701E+06
   1.146E+03   1.667E+06
   1.152E+03   1.633E+06
   1.158E+03   1.598E+06
   1.163E+03   1.565E+06
   1.169E+03   1.528E+06
   1.175E+03   1.491E+06
   1.180E+03   1.455E+06
   1.186E+03   1.417E+06
   1.192E+03   1.375E+06
   1.197E+03   1.336E+06
   1.203E+03   1.296E+06
   1.209E+03   1.255E+06
   1.214E+03   1.214E+06
   1.220E+03   1.174E+06
   1.226E+03   1.133E+06
   1.232E+03   1.089E+06
   1.237E+03   1.046E+06
   1.243E+03   1.004E+06
   1.249E+03   9.599E+05
   1.254E+03   9.150E+05
   1.260E+03   8.703E+05
   1.266E+03   8.274E+05
   1.271E+03   7.849E+05
   1.277E+03   7.411E+05
   1.283E+03   6.973E+05
   1.288E+03   6.552E+05
   1.294E+03   6.131E+05
   1.300E+03   5.699E+05
   1.306E+03   5.268E+05
   1.311E+03   4.857E+05
   1.317E+03   4.452E+05
   1.323E+03   4.067E+05
   1.328E+03   3.708E+05
   1.334E+03   3.349E+05
   1.340E+03   2.977E+05
   1.345E+03   2.628E+05
   1.351E+03   2.314E+05
   1.357E+03   2.021E+05
   1.362E+03   1.718E+05
   1.368E+03   1.449E+05
   1.374E+03   1.215E+05
   1.380E+03   1.011E+05
   1.385E+03   8.499E+04
   1.391E+03   7.295E+04
   1.397E+03   6.639E+04
   1.402E+03   6.225E+04
   1.408E+03   6.314E+04
   1.414E+03   7.180E+04
   1.419E+03   8.457E+04
   1.425E+03   9.765E+04
   1.431E+03   1.129E+05
   1.436E+03   1.296E+05
   1.442E+03   1.458E+05
   1.448E+03   1.612E+05
   1.454E+03   1.752E+05
   1.459E+03   1.879E+05
   1.465E+03   1.987E+05
   1.471E+03   2.096E+05
   1.476E+03   2.198E+05
   1.482E+03   2.284E+05
   1.488E+03   2.348E+05
   1.493E+03   2.404E+05
   1.499E+03   2.461E+05
   1.505E+03   2.507E+05
   1.510E+03   2.544E+05
   1.516E+03   2.569E+05
   1.522E+03   2.583E+05
   1.528E+03   2.596E+05
   1.533E+03   2.618E+05
   1.539E+03   2.631E+05
   1.545E+03   2.636E+05
   1.550E+03   2.622E+05
   1.556E+03   2.585E+05
   1.562E+03   2.556E+05
   1.567E+03   2.529E+05
   1.573E+03   2.488E+05
   1.579E+03   2.445E+05
   1.584E+03   2.393E+05
   1.590E+03   2.343E+05
   1.596E+03   2.288E+05
   1.602E+03   2.238E+05
   1.607E+03   2.193E+05
   1.613E+03   2.136E+05
   1.619E+03   2.084E+05
   1.624E+03   2.038E+05
   1.630E+03   1.975E+05
   1.636E+03   1.909E+05
   1.641E+03   1.838E+05
   1.647E+03   1.807E+05
   1.653E+03   1.750E+05
   1.658E+03   1.682E+05
   1.664E+03   1.615E+05
   1.670E+03   1.562E+05
   1.676E+03   1.510E+05
   1.681E+03   1.509E+05
   1.687E+03   1.400E+05
   1.693E+03   1.225E+05
   1.698E+03   1.110E+05
   1.704E+03   1.140E+05
   1.710E+03   1.100E+05
   1.715E+03   1.333E+05
   1.721E+03   1.112E+05
   1.727E+03   6.337E+04
   1.732E+03   0.000E+00
   1.738E+03   0.000E+00
   1.744E+03   0.000E+00
   1.750E+03   0.000E+00
   1.755E+03   0.000E+00
   1.761E+03   0.000E+00
   1.767E+03   0.000E+00
   1.772E+03   0.000E+00
   1.778E+03   0.000E+00
   1.784E+03   0.000E+00
   1.789E+03   0.000E+00
   1.795E+03   0.000E+00
   1.801E+03   0.000E+00
   1.806E+03   0.000E+00
   1.812E+03   0.000E+00
   1.818E+03   0.000E+00
   1.824E+03   0.000E+00
   1.829E+03   0.000E+00
   1.835E+03   0.000E+00
   1.841E+03   0.000E+00
   1.846E+03   0.000E+00
   1.852E+03   0.000E+00
   1.858E+03   0.000E+00
   1.863E+03   0.000E+00
   1.869E+03   0.000E+00
   1.875E+03   0.000E+00
   1.880E+03   0.000E+00
   1.886E+03   0.000E+00
   1.892E+03   0.000E+00
   1.898E+03   0.000E+00
   1.903E+03   0.000E+00
   1.909E+03   0.000E+00
   1.915E+03   0.000E+00
   1.920E+03   0.000E+00
   1.926E+03   0.000E+00
   1.932E+03   0.000E+00
   1.937E+03   0.000E+00
   1.943E+03   0.000E+00
   1.949E+03   0.000E+00
   1.954E+03   0.000E+00
   1.960E+03   0.000E+00
   1.966E+03   0.000E+00
   1.972E+03   0.000E+00
   1.977E+03   0.000E+00
   1.983E+03   0.000E+00
   1.989E+03   0.000E+00
   1.994E+03   0.000E+00
   2.000E+03   0.000E+00
