   0.000E+00   3.964E-04
   3.913E-07   4.433E-04
   7.826E-07   8.747E-04
   1.174E-06   1.559E-03
   1.565E-06   2.308E-03
   1.957E-06   3.111E-03
   2.348E-06   4.012E-03
   2.739E-06   4.922E-03
   3.130E-06   5.888E-03
   3.522E-06   6.849E-03
   3.913E-06   7.772E-03
   4.304E-06   8.649E-03
   4.696E-06   9.548E-03
   5.087E-06   1.034E-02
   5.478E-06   1.109E-02
   5.870E-06   1.177E-02
   6.261E-06   1.249E-02
   6.652E-06   1.311E-02
   7.043E-06   1.372E-02
   7.435E-06   1.430E-02
   7.826E-06   1.474E-02
   8.217E-06   1.509E-02
   8.609E-06   1.504E-02
   9.000E-06   1.474E-02
   9.391E-06   1.465E-02
   9.783E-06   1.520E-02
   1.017E-05   1.869E-02
   1.057E-05   3.900E-02
   1.096E-05   8.733E-02
   1.135E-05   1.159E-01
   1.174E-05   1.331E-01
   1.213E-05   1.475E-01
   1.252E-05   1.608E-01
   1.291E-05   1.732E-01
   1.330E-05   1.851E-01
   1.370E-05   1.969E-01
   1.409E-05   2.077E-01
   1.448E-05   2.183E-01
   1.487E-05   2.283E-01
   1.526E-05   2.387E-01
   1.565E-05   2.483E-01
   1.604E-05   2.576E-01
   1.643E-05   2.673E-01
   1.683E-05   2.764E-01
   1.722E-05   2.853E-01
   1.761E-05   2.936E-01
   1.800E-05   3.027E-01
   1.839E-05   3.110E-01
   1.878E-05   3.192E-01
   1.917E-05   3.277E-01
   1.957E-05   3.360E-01
   1.996E-05   3.444E-01
   2.035E-05   3.518E-01
   2.074E-05   3.603E-01
   2.113E-05   3.676E-01
   2.152E-05   3.749E-01
   2.191E-05   3.828E-01
   2.230E-05   3.902E-01
   2.270E-05   3.978E-01
   2.309E-05   4.051E-01
   2.348E-05   4.126E-01
   2.387E-05   4.192E-01
   2.426E-05   4.264E-01
   2.465E-05   4.333E-01
   2.504E-05   4.403E-01
   2.543E-05   4.477E-01
   2.583E-05   4.541E-01
   2.622E-05   4.596E-01
   2.661E-05   4.666E-01
   2.700E-05   4.736E-01
   2.739E-05   4.802E-01
   2.778E-05   4.870E-01
   2.817E-05   4.926E-01
   2.857E-05   5.002E-01
   2.896E-05   5.050E-01
   2.935E-05   5.116E-01
   2.974E-05   5.183E-01
   3.013E-05   5.238E-01
   3.052E-05   5.308E-01
   3.091E-05   5.365E-01
   3.130E-05   5.417E-01
   3.170E-05   5.483E-01
   3.209E-05   5.549E-01
   3.248E-05   5.600E-01
   3.287E-05   5.665E-01
   3.326E-05   5.722E-01
   3.365E-05   5.776E-01
   3.404E-05   5.833E-01
   3.443E-05   5.895E-01
   3.483E-05   5.953E-01
   3.522E-05   6.001E-01
   3.561E-05   6.061E-01
   3.600E-05   6.118E-01
   3.639E-05   6.175E-01
   3.678E-05   6.228E-01
   3.717E-05   6.284E-01
   3.757E-05   6.324E-01
   3.796E-05   6.389E-01
   3.835E-05   6.446E-01
   3.874E-05   6.491E-01
   3.913E-05   6.541E-01
   3.952E-05   6.602E-01
   3.991E-05   6.635E-01
   4.030E-05   6.700E-01
   4.070E-05   6.740E-01
   4.109E-05   6.801E-01
   4.148E-05   6.836E-01
   4.187E-05   6.887E-01
   4.226E-05   6.938E-01
   4.265E-05   6.989E-01
   4.304E-05   7.043E-01
   4.343E-05   7.084E-01
   4.383E-05   7.133E-01
   4.422E-05   7.177E-01
   4.461E-05   7.223E-01
   4.500E-05   7.266E-01
   4.539E-05   7.291E-01
   4.578E-05   7.344E-01
   4.617E-05   7.411E-01
   4.657E-05   7.443E-01
   4.696E-05   7.505E-01
   4.735E-05   7.546E-01
   4.774E-05   7.581E-01
   4.813E-05   7.623E-01
   4.852E-05   7.659E-01
   4.891E-05   7.700E-01
   4.930E-05   7.746E-01
   4.970E-05   7.801E-01
   5.009E-05   7.833E-01
   5.048E-05   7.865E-01
   5.087E-05   7.921E-01
   5.126E-05   7.956E-01
   5.165E-05   7.984E-01
   5.204E-05   8.022E-01
   5.243E-05   8.082E-01
   5.283E-05   8.126E-01
   5.322E-05   8.171E-01
   5.361E-05   8.177E-01
   5.400E-05   8.236E-01
   5.439E-05   8.289E-01
   5.478E-05   8.329E-01
   5.517E-05   8.359E-01
   5.557E-05   8.385E-01
   5.596E-05   8.428E-01
   5.635E-05   8.461E-01
   5.674E-05   8.500E-01
   5.713E-05   8.552E-01
   5.752E-05   8.594E-01
   5.791E-05   8.605E-01
   5.830E-05   8.662E-01
   5.870E-05   8.676E-01
   5.909E-05   8.722E-01
   5.948E-05   8.751E-01
   5.987E-05   8.784E-01
   6.026E-05   8.823E-01
   6.065E-05   8.835E-01
   6.104E-05   8.884E-01
   6.143E-05   8.918E-01
   6.183E-05   8.962E-01
   6.222E-05   8.986E-01
   6.261E-05   9.018E-01
   6.300E-05   9.042E-01
   6.339E-05   9.079E-01
   6.378E-05   9.096E-01
   6.417E-05   9.145E-01
   6.457E-05   9.161E-01
   6.496E-05   9.182E-01
   6.535E-05   9.214E-01
   6.574E-05   9.261E-01
   6.613E-05   9.280E-01
   6.652E-05   9.325E-01
   6.691E-05   9.347E-01
   6.730E-05   9.359E-01
   6.770E-05   9.384E-01
   6.809E-05   9.432E-01
   6.848E-05   9.450E-01
   6.887E-05   9.491E-01
   6.926E-05   9.516E-01
   6.965E-05   9.533E-01
   7.004E-05   9.568E-01
   7.043E-05   9.588E-01
   7.083E-05   9.620E-01
   7.122E-05   9.619E-01
   7.161E-05   9.666E-01
   7.200E-05   9.680E-01
   7.239E-05   9.695E-01
   7.278E-05   9.709E-01
   7.317E-05   9.761E-01
   7.357E-05   9.750E-01
   7.396E-05   9.800E-01
   7.435E-05   9.815E-01
   7.474E-05   9.815E-01
   7.513E-05   9.848E-01
   7.552E-05   9.875E-01
   7.591E-05   9.914E-01
   7.630E-05   9.907E-01
   7.670E-05   9.945E-01
   7.709E-05   9.966E-01
   7.748E-05   9.980E-01
   7.787E-05   1.001E+00
   7.826E-05   1.003E+00
   7.865E-05   1.004E+00
   7.904E-05   1.007E+00
   7.943E-05   1.007E+00
   7.983E-05   1.008E+00
   8.022E-05   1.009E+00
   8.061E-05   1.011E+00
   8.100E-05   1.013E+00
   8.139E-05   1.014E+00
   8.178E-05   1.016E+00
   8.217E-05   1.017E+00
   8.257E-05   1.018E+00
   8.296E-05   1.023E+00
   8.335E-05   1.022E+00
   8.374E-05   1.025E+00
   8.413E-05   1.025E+00
   8.452E-05   1.025E+00
   8.491E-05   1.027E+00
   8.530E-05   1.029E+00
   8.570E-05   1.028E+00
   8.609E-05   1.033E+00
   8.648E-05   1.031E+00
   8.687E-05   1.030E+00
   8.726E-05   1.034E+00
   8.765E-05   1.035E+00
   8.804E-05   1.035E+00
   8.843E-05   1.036E+00
   8.883E-05   1.036E+00
   8.922E-05   1.036E+00
   8.961E-05   1.037E+00
   9.000E-05   1.041E+00
   9.039E-05   1.040E+00
   9.078E-05   1.040E+00
   9.117E-05   1.038E+00
   9.157E-05   1.044E+00
   9.196E-05   1.042E+00
   9.235E-05   1.043E+00
   9.274E-05   1.041E+00
   9.313E-05   1.044E+00
   9.352E-05   1.043E+00
   9.391E-05   1.044E+00
   9.430E-05   1.043E+00
   9.470E-05   1.043E+00
   9.509E-05   1.045E+00
   9.548E-05   1.043E+00
   9.587E-05   1.044E+00
   9.626E-05   1.045E+00
   9.665E-05   1.044E+00
   9.704E-05   1.045E+00
   9.743E-05   1.044E+00
   9.783E-05   1.044E+00
   9.822E-05   1.043E+00
   9.861E-05   1.044E+00
   9.900E-05   1.042E+00
   9.939E-05   1.042E+00
   9.978E-05   1.043E+00
   1.002E-04   1.043E+00
   1.006E-04   1.043E+00
   1.010E-04   1.040E+00
   1.013E-04   1.039E+00
   1.017E-04   1.039E+00
   1.021E-04   1.036E+00
   1.025E-04   1.039E+00
   1.029E-04   1.036E+00
   1.033E-04   1.037E+00
   1.037E-04   1.034E+00
   1.041E-04   1.038E+00
   1.045E-04   1.033E+00
   1.049E-04   1.035E+00
   1.053E-04   1.036E+00
   1.057E-04   1.033E+00
   1.060E-04   1.032E+00
   1.064E-04   1.032E+00
   1.068E-04   1.029E+00
   1.072E-04   1.030E+00
   1.076E-04   1.027E+00
   1.080E-04   1.026E+00
   1.084E-04   1.026E+00
   1.088E-04   1.022E+00
   1.092E-04   1.021E+00
   1.096E-04   1.024E+00
   1.100E-04   1.020E+00
   1.103E-04   1.021E+00
   1.107E-04   1.020E+00
   1.111E-04   1.017E+00
   1.115E-04   1.017E+00
   1.119E-04   1.015E+00
   1.123E-04   1.014E+00
   1.127E-04   1.011E+00
   1.131E-04   1.007E+00
   1.135E-04   1.007E+00
   1.139E-04   1.006E+00
   1.143E-04   1.005E+00
   1.147E-04   1.003E+00
   1.150E-04   1.002E+00
   1.154E-04   1.001E+00
   1.158E-04   9.984E-01
   1.162E-04   9.980E-01
   1.166E-04   9.953E-01
   1.170E-04   9.284E-01
