   0.000E+00   1.711E+12
   1.438E-07   2.834E+04
   2.876E-07   1.167E+04
   4.314E-07   6.934E+03
   5.753E-07   4.922E+03
   7.191E-07   3.433E+03
   8.629E-07   2.685E+03
   1.007E-06   2.123E+03
   1.151E-06   1.683E+03
   1.294E-06   1.448E+03
   1.438E-06   1.311E+03
   1.582E-06   1.151E+03
   1.726E-06   9.922E+02
   1.870E-06   8.786E+02
   2.013E-06   7.731E+02
   2.157E-06   6.874E+02
   2.301E-06   6.349E+02
   2.445E-06   5.822E+02
   2.589E-06   5.175E+02
   2.732E-06   4.762E+02
   2.876E-06   4.429E+02
   3.020E-06   4.163E+02
   3.164E-06   3.853E+02
   3.308E-06   3.684E+02
   3.452E-06   3.464E+02
   3.595E-06   3.262E+02
   3.739E-06   3.124E+02
   3.883E-06   2.932E+02
   4.027E-06   2.789E+02
   4.171E-06   2.658E+02
   4.314E-06   2.554E+02
   4.458E-06   2.449E+02
   4.602E-06   2.348E+02
   4.746E-06   2.275E+02
   4.890E-06   2.151E+02
   5.033E-06   2.018E+02
   5.177E-06   1.956E+02
   5.321E-06   1.901E+02
   5.465E-06   1.838E+02
   5.609E-06   1.759E+02
   5.753E-06   1.676E+02
   5.896E-06   1.608E+02
   6.040E-06   1.537E+02
   6.184E-06   1.490E+02
   6.328E-06   1.438E+02
   6.472E-06   1.381E+02
   6.615E-06   1.340E+02
   6.759E-06   1.295E+02
   6.903E-06   1.259E+02
   7.047E-06   1.222E+02
   7.191E-06   1.193E+02
   7.334E-06   1.160E+02
   7.478E-06   1.144E+02
   7.622E-06   1.119E+02
   7.766E-06   1.081E+02
   7.910E-06   1.060E+02
   8.054E-06   1.041E+02
   8.197E-06   1.008E+02
   8.341E-06   9.870E+01
   8.485E-06   9.753E+01
   8.629E-06   9.535E+01
   8.773E-06   9.371E+01
   8.916E-06   9.073E+01
   9.060E-06   8.827E+01
   9.204E-06   8.515E+01
   9.348E-06   8.290E+01
   9.492E-06   8.050E+01
   9.635E-06   7.853E+01
   9.779E-06   7.697E+01
   9.923E-06   7.545E+01
   1.007E-05   7.424E+01
   1.021E-05   7.275E+01
   1.035E-05   7.188E+01
   1.050E-05   7.058E+01
   1.064E-05   6.933E+01
   1.079E-05   6.799E+01
   1.093E-05   6.679E+01
   1.107E-05   6.550E+01
   1.122E-05   6.401E+01
   1.136E-05   6.320E+01
   1.151E-05   6.183E+01
   1.165E-05   6.082E+01
   1.179E-05   5.970E+01
   1.194E-05   5.855E+01
   1.208E-05   5.739E+01
   1.222E-05   5.655E+01
   1.237E-05   5.560E+01
   1.251E-05   5.490E+01
   1.266E-05   5.394E+01
   1.280E-05   5.316E+01
   1.294E-05   5.232E+01
   1.309E-05   5.144E+01
   1.323E-05   5.073E+01
   1.337E-05   5.015E+01
   1.352E-05   4.932E+01
   1.366E-05   4.832E+01
   1.381E-05   4.751E+01
   1.395E-05   4.669E+01
   1.409E-05   4.597E+01
   1.424E-05   4.543E+01
   1.438E-05   4.490E+01
   1.453E-05   4.453E+01
   1.467E-05   4.412E+01
   1.481E-05   4.353E+01
   1.496E-05   4.322E+01
   1.510E-05   4.261E+01
   1.524E-05   4.205E+01
   1.539E-05   4.177E+01
   1.553E-05   4.099E+01
   1.568E-05   4.032E+01
   1.582E-05   3.994E+01
   1.596E-05   3.956E+01
   1.611E-05   3.927E+01
   1.625E-05   3.872E+01
   1.639E-05   3.817E+01
   1.654E-05   3.771E+01
   1.668E-05   3.736E+01
   1.683E-05   3.687E+01
   1.697E-05   3.650E+01
   1.711E-05   3.594E+01
   1.726E-05   3.569E+01
   1.740E-05   3.528E+01
   1.755E-05   3.495E+01
   1.769E-05   3.456E+01
   1.783E-05   3.413E+01
   1.798E-05   3.381E+01
   1.812E-05   3.343E+01
   1.826E-05   3.305E+01
   1.841E-05   3.291E+01
   1.855E-05   3.252E+01
   1.870E-05   3.225E+01
   1.884E-05   3.195E+01
   1.898E-05   3.156E+01
   1.913E-05   3.133E+01
   1.927E-05   3.109E+01
   1.941E-05   3.081E+01
   1.956E-05   3.054E+01
   1.970E-05   3.038E+01
   1.985E-05   3.015E+01
   1.999E-05   2.981E+01
   2.013E-05   2.933E+01
   2.028E-05   2.910E+01
   2.042E-05   2.887E+01
   2.057E-05   2.863E+01
   2.071E-05   2.821E+01
   2.085E-05   2.805E+01
   2.100E-05   2.782E+01
   2.114E-05   2.759E+01
   2.128E-05   2.720E+01
   2.143E-05   2.682E+01
   2.157E-05   2.654E+01
   2.172E-05   2.634E+01
   2.186E-05   2.620E+01
   2.200E-05   2.593E+01
   2.215E-05   2.559E+01
   2.229E-05   2.531E+01
   2.243E-05   2.510E+01
   2.258E-05   2.492E+01
   2.272E-05   2.480E+01
   2.287E-05   2.464E+01
   2.301E-05   2.439E+01
   2.315E-05   2.422E+01
   2.330E-05   2.403E+01
   2.344E-05   2.380E+01
   2.359E-05   2.350E+01
   2.373E-05   2.336E+01
   2.387E-05   2.322E+01
   2.402E-05   2.290E+01
   2.416E-05   2.276E+01
   2.430E-05   2.261E+01
   2.445E-05   2.244E+01
   2.459E-05   2.219E+01
   2.474E-05   2.204E+01
   2.488E-05   2.189E+01
   2.502E-05   2.178E+01
   2.517E-05   2.159E+01
   2.531E-05   2.147E+01
   2.545E-05   2.140E+01
   2.560E-05   2.120E+01
   2.574E-05   2.108E+01
   2.589E-05   2.090E+01
   2.603E-05   2.072E+01
   2.617E-05   2.060E+01
   2.632E-05   2.048E+01
   2.646E-05   2.032E+01
   2.661E-05   2.023E+01
   2.675E-05   2.008E+01
   2.689E-05   1.991E+01
   2.704E-05   1.981E+01
   2.718E-05   1.962E+01
   2.732E-05   1.942E+01
   2.747E-05   1.932E+01
   2.761E-05   1.917E+01
   2.776E-05   1.911E+01
   2.790E-05   1.899E+01
   2.804E-05   1.893E+01
   2.819E-05   1.874E+01
   2.833E-05   1.862E+01
   2.847E-05   1.843E+01
   2.862E-05   1.834E+01
   2.876E-05   1.828E+01
   2.891E-05   1.810E+01
   2.905E-05   1.793E+01
   2.919E-05   1.782E+01
   2.934E-05   1.776E+01
   2.948E-05   1.759E+01
   2.963E-05   1.749E+01
   2.977E-05   1.741E+01
   2.991E-05   1.727E+01
   3.006E-05   1.719E+01
   3.020E-05   1.715E+01
   3.034E-05   1.704E+01
   3.049E-05   1.697E+01
   3.063E-05   1.687E+01
   3.078E-05   1.674E+01
   3.092E-05   1.668E+01
   3.106E-05   1.652E+01
   3.121E-05   1.640E+01
   3.135E-05   1.632E+01
   3.149E-05   1.634E+01
   3.164E-05   1.626E+01
   3.178E-05   1.613E+01
   3.193E-05   1.600E+01
   3.207E-05   1.600E+01
   3.221E-05   1.595E+01
   3.236E-05   1.585E+01
   3.250E-05   1.569E+01
   3.265E-05   1.561E+01
   3.279E-05   1.559E+01
   3.293E-05   1.549E+01
   3.308E-05   1.542E+01
   3.322E-05   1.536E+01
   3.336E-05   1.527E+01
   3.351E-05   1.520E+01
   3.365E-05   1.517E+01
   3.380E-05   1.511E+01
   3.394E-05   1.501E+01
   3.408E-05   1.490E+01
   3.423E-05   1.482E+01
   3.437E-05   1.477E+01
   3.452E-05   1.466E+01
   3.466E-05   1.461E+01
   3.480E-05   1.453E+01
   3.495E-05   1.446E+01
   3.509E-05   1.444E+01
   3.523E-05   1.434E+01
   3.538E-05   1.428E+01
   3.552E-05   1.426E+01
   3.567E-05   1.423E+01
   3.581E-05   1.409E+01
   3.595E-05   1.399E+01
   3.610E-05   1.390E+01
   3.624E-05   1.382E+01
   3.638E-05   1.375E+01
   3.653E-05   1.366E+01
   3.667E-05   1.359E+01
   3.682E-05   1.354E+01
   3.696E-05   1.348E+01
   3.710E-05   1.347E+01
   3.725E-05   1.345E+01
   3.739E-05   1.344E+01
   3.754E-05   1.334E+01
   3.768E-05   1.327E+01
   3.782E-05   1.316E+01
   3.797E-05   1.312E+01
   3.811E-05   1.307E+01
   3.825E-05   1.297E+01
   3.840E-05   1.295E+01
   3.854E-05   1.282E+01
   3.869E-05   1.278E+01
   3.883E-05   1.272E+01
   3.897E-05   1.270E+01
   3.912E-05   1.263E+01
   3.926E-05   1.257E+01
   3.940E-05   1.258E+01
   3.955E-05   1.244E+01
   3.969E-05   1.240E+01
   3.984E-05   1.235E+01
   3.998E-05   1.230E+01
   4.012E-05   1.224E+01
   4.027E-05   1.218E+01
   4.041E-05   1.214E+01
   4.056E-05   1.207E+01
   4.070E-05   1.201E+01
   4.084E-05   1.199E+01
   4.099E-05   1.195E+01
   4.113E-05   1.187E+01
   4.127E-05   1.177E+01
   4.142E-05   1.169E+01
   4.156E-05   1.167E+01
   4.171E-05   1.159E+01
   4.185E-05   1.158E+01
   4.199E-05   1.150E+01
   4.214E-05   1.151E+01
   4.228E-05   1.143E+01
   4.242E-05   1.140E+01
   4.257E-05   1.135E+01
   4.271E-05   1.127E+01
   4.286E-05   1.126E+01
   4.300E-05   5.180E+00
