   0.000E+00   1.930E+12
   3.110E-06   4.709E+00
   6.221E-06   1.560E+02
   9.331E-06   1.550E+03
   1.244E-05   1.203E+03
   1.555E-05   8.583E+02
   1.866E-05   6.194E+02
   2.177E-05   4.655E+02
   2.488E-05   3.746E+02
   2.799E-05   3.204E+02
   3.110E-05   2.533E+02
   3.421E-05   2.206E+02
   3.732E-05   1.874E+02
   4.043E-05   1.765E+02
   4.355E-05   1.503E+02
   4.666E-05   1.298E+02
   4.977E-05   1.102E+02
   5.288E-05   1.020E+02
   5.599E-05   9.629E+01
   5.910E-05   9.256E+01
   6.221E-05   7.903E+01
   6.532E-05   7.279E+01
   6.843E-05   7.063E+01
   7.154E-05   6.376E+01
   7.465E-05   5.954E+01
   7.776E-05   5.758E+01
   8.087E-05   5.412E+01
   8.398E-05   4.926E+01
   8.709E-05   4.483E+01
   9.020E-05   3.983E+01
   9.331E-05   3.857E+01
   9.642E-05   3.646E+01
   9.953E-05   3.492E+01
   1.026E-04   3.479E+01
   1.058E-04   3.177E+01
   1.089E-04   2.978E+01
   1.120E-04   2.807E+01
   1.151E-04   2.640E+01
   1.182E-04   2.470E+01
   1.213E-04   2.387E+01
   1.244E-04   2.330E+01
   1.275E-04   2.211E+01
   1.306E-04   2.126E+01
   1.337E-04   2.118E+01
   1.369E-04   2.052E+01
   1.400E-04   2.000E+01
   1.431E-04   1.931E+01
   1.462E-04   1.848E+01
   1.493E-04   1.788E+01
   1.524E-04   1.715E+01
   1.555E-04   1.649E+01
   1.586E-04   1.562E+01
   1.617E-04   1.506E+01
   1.648E-04   1.461E+01
   1.680E-04   1.407E+01
   1.711E-04   1.351E+01
   1.742E-04   1.290E+01
   1.773E-04   1.231E+01
   1.804E-04   1.210E+01
   1.835E-04   1.183E+01
   1.866E-04   1.162E+01
   1.897E-04   1.126E+01
   1.928E-04   1.101E+01
   1.960E-04   1.074E+01
   1.991E-04   1.026E+01
   2.022E-04   9.920E+00
   2.053E-04   9.716E+00
   2.084E-04   9.330E+00
   2.115E-04   9.050E+00
   2.146E-04   8.755E+00
   2.177E-04   8.566E+00
   2.208E-04   8.447E+00
   2.239E-04   8.326E+00
   2.271E-04   8.033E+00
   2.302E-04   7.801E+00
   2.333E-04   7.718E+00
   2.364E-04   7.573E+00
   2.395E-04   7.413E+00
   2.426E-04   7.279E+00
   2.457E-04   7.176E+00
   2.488E-04   7.008E+00
   2.519E-04   6.822E+00
   2.551E-04   6.699E+00
   2.582E-04   6.548E+00
   2.613E-04   6.387E+00
   2.644E-04   6.268E+00
   2.675E-04   6.184E+00
   2.706E-04   6.055E+00
   2.737E-04   5.966E+00
   2.768E-04   5.928E+00
   2.799E-04   5.956E+00
   2.830E-04   5.820E+00
   2.862E-04   5.638E+00
   2.893E-04   5.552E+00
   2.924E-04   5.421E+00
   2.955E-04   5.295E+00
   2.986E-04   5.227E+00
   3.017E-04   5.082E+00
   3.048E-04   5.004E+00
   3.079E-04   4.904E+00
   3.110E-04   4.807E+00
   3.141E-04   4.743E+00
   3.173E-04   4.662E+00
   3.204E-04   4.620E+00
   3.235E-04   4.550E+00
   3.266E-04   4.464E+00
   3.297E-04   4.396E+00
   3.328E-04   4.363E+00
   3.359E-04   4.271E+00
   3.390E-04   4.153E+00
   3.421E-04   4.064E+00
   3.453E-04   3.985E+00
   3.484E-04   3.918E+00
   3.515E-04   3.919E+00
   3.546E-04   3.830E+00
   3.577E-04   3.747E+00
   3.608E-04   3.675E+00
   3.639E-04   3.615E+00
   3.670E-04   3.555E+00
   3.701E-04   3.529E+00
   3.732E-04   3.483E+00
   3.764E-04   3.420E+00
   3.795E-04   3.377E+00
   3.826E-04   3.328E+00
   3.857E-04   3.290E+00
   3.888E-04   3.246E+00
   3.919E-04   3.192E+00
   3.950E-04   3.150E+00
   3.981E-04   3.112E+00
   4.012E-04   3.075E+00
   4.043E-04   3.088E+00
   4.075E-04   3.050E+00
   4.106E-04   3.005E+00
   4.137E-04   2.975E+00
   4.168E-04   2.954E+00
   4.199E-04   2.936E+00
   4.230E-04   2.899E+00
   4.261E-04   2.853E+00
   4.292E-04   2.809E+00
   4.323E-04   2.766E+00
   4.355E-04   2.739E+00
   4.386E-04   2.711E+00
   4.417E-04   2.680E+00
   4.448E-04   2.693E+00
   4.479E-04   2.672E+00
   4.510E-04   2.623E+00
   4.541E-04   2.571E+00
   4.572E-04   2.538E+00
   4.603E-04   2.489E+00
   4.634E-04   2.447E+00
   4.666E-04   2.412E+00
   4.697E-04   2.368E+00
   4.728E-04   2.342E+00
   4.759E-04   2.319E+00
   4.790E-04   2.284E+00
   4.821E-04   2.260E+00
   4.852E-04   2.242E+00
   4.883E-04   2.222E+00
   4.914E-04   2.207E+00
   4.945E-04   2.194E+00
   4.977E-04   2.177E+00
   5.008E-04   2.169E+00
   5.039E-04   2.159E+00
   5.070E-04   2.137E+00
   5.101E-04   2.124E+00
   5.132E-04   2.107E+00
   5.163E-04   2.080E+00
   5.194E-04   2.054E+00
   5.225E-04   2.041E+00
   5.257E-04   2.020E+00
   5.288E-04   1.997E+00
   5.319E-04   1.965E+00
   5.350E-04   1.938E+00
   5.381E-04   1.926E+00
   5.412E-04   1.898E+00
   5.443E-04   1.875E+00
   5.474E-04   1.860E+00
   5.505E-04   1.842E+00
   5.536E-04   1.821E+00
   5.568E-04   1.808E+00
   5.599E-04   1.796E+00
   5.630E-04   1.791E+00
   5.661E-04   1.779E+00
   5.692E-04   1.764E+00
   5.723E-04   1.746E+00
   5.754E-04   1.731E+00
   5.785E-04   1.722E+00
   5.816E-04   1.709E+00
   5.847E-04   1.699E+00
   5.879E-04   1.693E+00
   5.910E-04   1.684E+00
   5.941E-04   1.669E+00
   5.972E-04   1.656E+00
   6.003E-04   1.639E+00
   6.034E-04   1.622E+00
   6.065E-04   1.605E+00
   6.096E-04   1.595E+00
   6.127E-04   1.576E+00
   6.159E-04   1.568E+00
   6.190E-04   1.570E+00
   6.221E-04   1.553E+00
   6.252E-04   1.541E+00
   6.283E-04   1.532E+00
   6.314E-04   1.529E+00
   6.345E-04   1.527E+00
   6.376E-04   1.516E+00
   6.407E-04   1.503E+00
   6.438E-04   1.487E+00
   6.470E-04   1.469E+00
   6.501E-04   1.453E+00
   6.532E-04   1.439E+00
   6.563E-04   1.430E+00
   6.594E-04   1.424E+00
   6.625E-04   1.418E+00
   6.656E-04   1.405E+00
   6.687E-04   1.394E+00
   6.718E-04   1.391E+00
   6.749E-04   1.383E+00
   6.781E-04   1.376E+00
   6.812E-04   1.372E+00
   6.843E-04   1.373E+00
   6.874E-04   1.351E+00
   6.905E-04   1.338E+00
   6.936E-04   1.333E+00
   6.967E-04   1.323E+00
   6.998E-04   1.318E+00
   7.029E-04   1.308E+00
   7.061E-04   1.303E+00
   7.092E-04   1.295E+00
   7.123E-04   1.289E+00
   7.154E-04   1.278E+00
   7.185E-04   1.268E+00
   7.216E-04   1.262E+00
   7.247E-04   1.259E+00
   7.278E-04   1.253E+00
   7.309E-04   1.251E+00
   7.340E-04   1.241E+00
   7.372E-04   1.241E+00
   7.403E-04   1.229E+00
   7.434E-04   1.222E+00
   7.465E-04   1.217E+00
   7.496E-04   1.211E+00
   7.527E-04   1.204E+00
   7.558E-04   1.198E+00
   7.589E-04   1.191E+00
   7.620E-04   1.183E+00
   7.652E-04   1.176E+00
   7.683E-04   1.166E+00
   7.714E-04   1.160E+00
   7.745E-04   1.152E+00
   7.776E-04   1.145E+00
   7.807E-04   1.137E+00
   7.838E-04   1.132E+00
   7.869E-04   1.126E+00
   7.900E-04   1.128E+00
   7.931E-04   1.121E+00
   7.963E-04   1.111E+00
   7.994E-04   1.104E+00
   8.025E-04   1.096E+00
   8.056E-04   1.088E+00
   8.087E-04   1.081E+00
   8.118E-04   1.079E+00
   8.149E-04   1.072E+00
   8.180E-04   1.070E+00
   8.211E-04   1.070E+00
   8.242E-04   1.060E+00
   8.274E-04   1.049E+00
   8.305E-04   1.041E+00
   8.336E-04   1.036E+00
   8.367E-04   1.029E+00
   8.398E-04   1.023E+00
   8.429E-04   1.019E+00
   8.460E-04   1.016E+00
   8.491E-04   1.012E+00
   8.522E-04   1.008E+00
   8.554E-04   9.997E-01
   8.585E-04   9.919E-01
   8.616E-04   9.893E-01
   8.647E-04   9.855E-01
   8.678E-04   9.805E-01
   8.709E-04   9.793E-01
   8.740E-04   9.726E-01
   8.771E-04   9.669E-01
   8.802E-04   9.633E-01
   8.833E-04   9.591E-01
   8.865E-04   9.554E-01
   8.896E-04   9.517E-01
   8.927E-04   9.467E-01
   8.958E-04   9.393E-01
   8.989E-04   9.370E-01
   9.020E-04   9.313E-01
   9.051E-04   9.276E-01
   9.082E-04   9.210E-01
   9.113E-04   9.157E-01
   9.144E-04   9.117E-01
   9.176E-04   9.088E-01
   9.207E-04   9.052E-01
   9.238E-04   9.000E-01
   9.269E-04   8.932E-01
   9.300E-04   5.453E-01
