   0.000E+00   9.792E+11
   3.913E-07   2.171E+04
   7.826E-07   7.185E+03
   1.174E-06   3.474E+03
   1.565E-06   2.038E+03
   1.957E-06   1.387E+03
   2.348E-06   9.991E+02
   2.739E-06   7.649E+02
   3.130E-06   5.992E+02
   3.522E-06   4.899E+02
   3.913E-06   4.096E+02
   4.304E-06   3.524E+02
   4.696E-06   3.049E+02
   5.087E-06   2.726E+02
   5.478E-06   2.480E+02
   5.870E-06   2.276E+02
   6.261E-06   2.073E+02
   6.652E-06   1.929E+02
   7.043E-06   1.805E+02
   7.435E-06   1.709E+02
   7.826E-06   1.680E+02
   8.217E-06   1.684E+02
   8.609E-06   1.791E+02
   9.000E-06   2.003E+02
   9.391E-06   2.219E+02
   9.783E-06   2.513E+02
   1.017E-05   2.983E+02
   1.057E-05   2.740E+02
   1.096E-05   7.943E+01
   1.135E-05   2.144E+01
   1.174E-05   1.394E+01
   1.213E-05   1.195E+01
   1.252E-05   1.064E+01
   1.291E-05   9.714E+00
   1.330E-05   8.953E+00
   1.370E-05   8.303E+00
   1.409E-05   7.785E+00
   1.448E-05   7.343E+00
   1.487E-05   6.985E+00
   1.526E-05   6.666E+00
   1.565E-05   6.396E+00
   1.604E-05   6.151E+00
   1.643E-05   5.918E+00
   1.683E-05   5.712E+00
   1.722E-05   5.506E+00
   1.761E-05   5.342E+00
   1.800E-05   5.186E+00
   1.839E-05   5.044E+00
   1.878E-05   4.906E+00
   1.917E-05   4.781E+00
   1.957E-05   4.654E+00
   1.996E-05   4.541E+00
   2.035E-05   4.442E+00
   2.074E-05   4.349E+00
   2.113E-05   4.248E+00
   2.152E-05   4.156E+00
   2.191E-05   4.050E+00
   2.230E-05   3.977E+00
   2.270E-05   3.891E+00
   2.309E-05   3.816E+00
   2.348E-05   3.745E+00
   2.387E-05   3.675E+00
   2.426E-05   3.610E+00
   2.465E-05   3.552E+00
   2.504E-05   3.480E+00
   2.543E-05   3.420E+00
   2.583E-05   3.369E+00
   2.622E-05   3.330E+00
   2.661E-05   3.274E+00
   2.700E-05   3.229E+00
   2.739E-05   3.190E+00
   2.778E-05   3.148E+00
   2.817E-05   3.107E+00
   2.857E-05   3.060E+00
   2.896E-05   3.017E+00
   2.935E-05   2.978E+00
   2.974E-05   2.932E+00
   3.013E-05   2.903E+00
   3.052E-05   2.867E+00
   3.091E-05   2.827E+00
   3.130E-05   2.809E+00
   3.170E-05   2.768E+00
   3.209E-05   2.737E+00
   3.248E-05   2.712E+00
   3.287E-05   2.679E+00
   3.326E-05   2.644E+00
   3.365E-05   2.615E+00
   3.404E-05   2.588E+00
   3.443E-05   2.558E+00
   3.483E-05   2.521E+00
   3.522E-05   2.500E+00
   3.561E-05   2.469E+00
   3.600E-05   2.455E+00
   3.639E-05   2.426E+00
   3.678E-05   2.405E+00
   3.717E-05   2.382E+00
   3.757E-05   2.367E+00
   3.796E-05   2.347E+00
   3.835E-05   2.320E+00
   3.874E-05   2.302E+00
   3.913E-05   2.291E+00
   3.952E-05   2.264E+00
   3.991E-05   2.252E+00
   4.030E-05   2.229E+00
   4.070E-05   2.213E+00
   4.109E-05   2.196E+00
   4.148E-05   2.179E+00
   4.187E-05   2.174E+00
   4.226E-05   2.159E+00
   4.265E-05   2.131E+00
   4.304E-05   2.114E+00
   4.343E-05   2.102E+00
   4.383E-05   2.083E+00
   4.422E-05   2.071E+00
   4.461E-05   2.053E+00
   4.500E-05   2.042E+00
   4.539E-05   2.035E+00
   4.578E-05   2.021E+00
   4.617E-05   1.997E+00
   4.657E-05   1.992E+00
   4.696E-05   1.969E+00
   4.735E-05   1.962E+00
   4.774E-05   1.952E+00
   4.813E-05   1.949E+00
   4.852E-05   1.939E+00
   4.891E-05   1.931E+00
   4.930E-05   1.912E+00
   4.970E-05   1.906E+00
   5.009E-05   1.891E+00
   5.048E-05   1.886E+00
   5.087E-05   1.872E+00
   5.126E-05   1.852E+00
   5.165E-05   1.848E+00
   5.204E-05   1.836E+00
   5.243E-05   1.821E+00
   5.283E-05   1.811E+00
   5.322E-05   1.798E+00
   5.361E-05   1.789E+00
   5.400E-05   1.780E+00
   5.439E-05   1.774E+00
   5.478E-05   1.754E+00
   5.517E-05   1.753E+00
   5.557E-05   1.747E+00
   5.596E-05   1.731E+00
   5.635E-05   1.726E+00
   5.674E-05   1.710E+00
   5.713E-05   1.700E+00
   5.752E-05   1.688E+00
   5.791E-05   1.685E+00
   5.830E-05   1.678E+00
   5.870E-05   1.670E+00
   5.909E-05   1.662E+00
   5.948E-05   1.658E+00
   5.987E-05   1.651E+00
   6.026E-05   1.644E+00
   6.065E-05   1.640E+00
   6.104E-05   1.627E+00
   6.143E-05   1.621E+00
   6.183E-05   1.609E+00
   6.222E-05   1.612E+00
   6.261E-05   1.604E+00
   6.300E-05   1.600E+00
   6.339E-05   1.587E+00
   6.378E-05   1.592E+00
   6.417E-05   1.573E+00
   6.457E-05   1.574E+00
   6.496E-05   1.567E+00
   6.535E-05   1.560E+00
   6.574E-05   1.557E+00
   6.613E-05   1.544E+00
   6.652E-05   1.538E+00
   6.691E-05   1.535E+00
   6.730E-05   1.535E+00
   6.770E-05   1.528E+00
   6.809E-05   1.520E+00
   6.848E-05   1.515E+00
   6.887E-05   1.514E+00
   6.926E-05   1.507E+00
   6.965E-05   1.500E+00
   7.004E-05   1.489E+00
   7.043E-05   1.496E+00
   7.083E-05   1.493E+00
   7.122E-05   1.493E+00
   7.161E-05   1.483E+00
   7.200E-05   1.476E+00
   7.239E-05   1.483E+00
   7.278E-05   1.478E+00
   7.317E-05   1.465E+00
   7.357E-05   1.474E+00
   7.396E-05   1.464E+00
   7.435E-05   1.459E+00
   7.474E-05   1.464E+00
   7.513E-05   1.450E+00
   7.552E-05   1.444E+00
   7.591E-05   1.442E+00
   7.630E-05   1.440E+00
   7.670E-05   1.440E+00
   7.709E-05   1.431E+00
   7.748E-05   1.433E+00
   7.787E-05   1.430E+00
   7.826E-05   1.424E+00
   7.865E-05   1.423E+00
   7.904E-05   1.418E+00
   7.943E-05   1.417E+00
   7.983E-05   1.420E+00
   8.022E-05   1.411E+00
   8.061E-05   1.411E+00
   8.100E-05   1.412E+00
   8.139E-05   1.404E+00
   8.178E-05   1.406E+00
   8.217E-05   1.405E+00
   8.257E-05   1.403E+00
   8.296E-05   1.396E+00
   8.335E-05   1.394E+00
   8.374E-05   1.393E+00
   8.413E-05   1.397E+00
   8.452E-05   1.393E+00
   8.491E-05   1.390E+00
   8.530E-05   1.385E+00
   8.570E-05   1.390E+00
   8.609E-05   1.388E+00
   8.648E-05   1.387E+00
   8.687E-05   1.389E+00
   8.726E-05   1.389E+00
   8.765E-05   1.383E+00
   8.804E-05   1.379E+00
   8.843E-05   1.382E+00
   8.883E-05   1.383E+00
   8.922E-05   1.381E+00
   8.961E-05   1.386E+00
   9.000E-05   1.386E+00
   9.039E-05   1.385E+00
   9.078E-05   1.383E+00
   9.117E-05   1.391E+00
   9.157E-05   1.380E+00
   9.196E-05   1.380E+00
   9.235E-05   1.387E+00
   9.274E-05   1.386E+00
   9.313E-05   1.387E+00
   9.352E-05   1.386E+00
   9.391E-05   1.388E+00
   9.430E-05   1.390E+00
   9.470E-05   1.389E+00
   9.509E-05   1.385E+00
   9.548E-05   1.394E+00
   9.587E-05   1.395E+00
   9.626E-05   1.397E+00
   9.665E-05   1.399E+00
   9.704E-05   1.400E+00
   9.743E-05   1.400E+00
   9.783E-05   1.398E+00
   9.822E-05   1.402E+00
   9.861E-05   1.402E+00
   9.900E-05   1.407E+00
   9.939E-05   1.410E+00
   9.978E-05   1.409E+00
   1.002E-04   1.413E+00
   1.006E-04   1.416E+00
   1.010E-04   1.423E+00
   1.013E-04   1.430E+00
   1.017E-04   1.426E+00
   1.021E-04   1.434E+00
   1.025E-04   1.431E+00
   1.029E-04   1.441E+00
   1.033E-04   1.444E+00
   1.037E-04   1.444E+00
   1.041E-04   1.446E+00
   1.045E-04   1.452E+00
   1.049E-04   1.461E+00
   1.053E-04   1.455E+00
   1.057E-04   1.462E+00
   1.060E-04   1.466E+00
   1.064E-04   1.463E+00
   1.068E-04   1.475E+00
   1.072E-04   1.481E+00
   1.076E-04   1.483E+00
   1.080E-04   1.489E+00
   1.084E-04   1.493E+00
   1.088E-04   1.506E+00
   1.092E-04   1.505E+00
   1.096E-04   1.499E+00
   1.100E-04   1.517E+00
   1.103E-04   1.513E+00
   1.107E-04   1.518E+00
   1.111E-04   1.533E+00
   1.115E-04   1.530E+00
   1.119E-04   1.526E+00
   1.123E-04   1.538E+00
   1.127E-04   1.546E+00
   1.131E-04   1.557E+00
   1.135E-04   1.553E+00
   1.139E-04   1.560E+00
   1.143E-04   1.565E+00
   1.147E-04   1.575E+00
   1.150E-04   1.571E+00
   1.154E-04   1.578E+00
   1.158E-04   1.589E+00
   1.162E-04   1.585E+00
   1.166E-04   1.600E+00
   1.170E-04   2.126E+00
