   0.000E+00   4.088E-03
   4.348E-06   5.123E-01
   8.696E-06   7.510E-01
   1.304E-05   9.473E-01
   1.739E-05   1.114E+00
   2.174E-05   1.263E+00
   2.609E-05   1.396E+00
   3.043E-05   1.516E+00
   3.478E-05   1.627E+00
   3.913E-05   1.726E+00
   4.348E-05   1.816E+00
   4.783E-05   1.903E+00
   5.217E-05   1.978E+00
   5.652E-05   2.049E+00
   6.087E-05   2.116E+00
   6.522E-05   2.174E+00
   6.957E-05   2.233E+00
   7.391E-05   2.285E+00
   7.826E-05   2.333E+00
   8.261E-05   2.376E+00
   8.696E-05   2.417E+00
   9.130E-05   2.450E+00
   9.565E-05   2.488E+00
   1.000E-04   2.520E+00
   1.043E-04   2.547E+00
   1.087E-04   2.574E+00
   1.130E-04   2.606E+00
   1.174E-04   2.631E+00
   1.217E-04   2.650E+00
   1.261E-04   2.667E+00
   1.304E-04   2.690E+00
   1.348E-04   2.706E+00
   1.391E-04   2.722E+00
   1.435E-04   2.735E+00
   1.478E-04   2.745E+00
   1.522E-04   2.759E+00
   1.565E-04   2.540E+00
   1.609E-04   2.376E+00
   1.652E-04   1.942E+00
   1.696E-04   1.272E+00
   1.739E-04   7.142E-01
   1.783E-04   3.961E-01
   1.826E-04   2.852E-01
   1.870E-04   2.053E-01
   1.913E-04   1.537E-01
   1.957E-04   1.264E-01
   2.000E-04   1.123E-01
   2.043E-04   1.017E-01
   2.087E-04   8.856E-02
   2.130E-04   8.398E-02
   2.174E-04   8.645E-02
   2.217E-04   8.448E-02
   2.261E-04   7.902E-02
   2.304E-04   7.868E-02
   2.348E-04   7.809E-02
   2.391E-04   7.977E-02
   2.435E-04   8.261E-02
   2.478E-04   8.644E-02
   2.522E-04   9.156E-02
   2.565E-04   9.611E-02
   2.609E-04   9.907E-02
   2.652E-04   1.011E-01
   2.696E-04   1.050E-01
   2.739E-04   1.083E-01
   2.783E-04   1.119E-01
   2.826E-04   1.184E-01
   2.870E-04   1.242E-01
   2.913E-04   1.288E-01
   2.957E-04   1.340E-01
   3.000E-04   1.393E-01
   3.043E-04   1.445E-01
   3.087E-04   1.490E-01
   3.130E-04   1.537E-01
   3.174E-04   1.583E-01
   3.217E-04   1.644E-01
   3.261E-04   1.699E-01
   3.304E-04   1.766E-01
   3.348E-04   1.846E-01
   3.391E-04   1.916E-01
   3.435E-04   1.979E-01
   3.478E-04   2.029E-01
   3.522E-04   2.079E-01
   3.565E-04   2.133E-01
   3.609E-04   2.198E-01
   3.652E-04   2.272E-01
   3.696E-04   2.366E-01
   3.739E-04   2.442E-01
   3.783E-04   2.515E-01
   3.826E-04   2.588E-01
   3.870E-04   2.662E-01
   3.913E-04   2.748E-01
   3.957E-04   2.842E-01
   4.000E-04   2.916E-01
   4.043E-04   2.984E-01
   4.087E-04   3.049E-01
   4.130E-04   3.132E-01
   4.174E-04   3.205E-01
   4.217E-04   3.287E-01
   4.261E-04   3.375E-01
   4.304E-04   3.476E-01
   4.348E-04   3.539E-01
   4.391E-04   3.617E-01
   4.435E-04   3.712E-01
   4.478E-04   3.818E-01
   4.522E-04   3.931E-01
   4.565E-04   4.037E-01
   4.609E-04   4.150E-01
   4.652E-04   4.235E-01
   4.696E-04   4.336E-01
   4.739E-04   4.466E-01
   4.783E-04   4.545E-01
   4.826E-04   4.663E-01
   4.870E-04   4.745E-01
   4.913E-04   4.856E-01
   4.957E-04   4.964E-01
   5.000E-04   5.082E-01
   5.043E-04   5.208E-01
   5.087E-04   5.308E-01
   5.130E-04   5.415E-01
   5.174E-04   5.529E-01
   5.217E-04   5.649E-01
   5.261E-04   5.732E-01
   5.304E-04   5.847E-01
   5.348E-04   5.939E-01
   5.391E-04   6.035E-01
   5.435E-04   6.124E-01
   5.478E-04   6.222E-01
   5.522E-04   6.295E-01
   5.565E-04   6.386E-01
   5.609E-04   6.448E-01
   5.652E-04   6.531E-01
   5.696E-04   6.651E-01
   5.739E-04   6.805E-01
   5.783E-04   6.950E-01
   5.826E-04   7.085E-01
   5.870E-04   7.197E-01
   5.913E-04   7.314E-01
   5.957E-04   7.420E-01
   6.000E-04   7.549E-01
   6.043E-04   7.659E-01
   6.087E-04   7.784E-01
   6.130E-04   7.911E-01
   6.174E-04   8.034E-01
   6.217E-04   8.133E-01
   6.261E-04   8.255E-01
   6.304E-04   8.410E-01
   6.348E-04   8.557E-01
   6.391E-04   8.711E-01
   6.435E-04   8.833E-01
   6.478E-04   8.960E-01
   6.522E-04   9.078E-01
   6.565E-04   9.175E-01
   6.609E-04   9.277E-01
   6.652E-04   9.373E-01
   6.696E-04   9.469E-01
   6.739E-04   9.557E-01
   6.783E-04   9.618E-01
   6.826E-04   9.716E-01
   6.870E-04   9.792E-01
   6.913E-04   9.895E-01
   6.957E-04   9.988E-01
   7.000E-04   1.009E+00
   7.043E-04   1.019E+00
   7.087E-04   1.027E+00
   7.130E-04   1.036E+00
   7.174E-04   1.042E+00
   7.217E-04   1.054E+00
   7.261E-04   1.065E+00
   7.304E-04   1.076E+00
   7.348E-04   1.091E+00
   7.391E-04   1.102E+00
   7.435E-04   1.114E+00
   7.478E-04   1.129E+00
   7.522E-04   1.138E+00
   7.565E-04   1.155E+00
   7.609E-04   1.166E+00
   7.652E-04   1.177E+00
   7.696E-04   1.189E+00
   7.739E-04   1.202E+00
   7.783E-04   1.214E+00
   7.826E-04   1.224E+00
   7.870E-04   1.231E+00
   7.913E-04   1.244E+00
   7.957E-04   1.256E+00
   8.000E-04   1.265E+00
   8.043E-04   1.279E+00
   8.087E-04   1.287E+00
   8.130E-04   1.297E+00
   8.174E-04   1.308E+00
   8.217E-04   1.315E+00
   8.261E-04   1.327E+00
   8.304E-04   1.340E+00
   8.348E-04   1.351E+00
   8.391E-04   1.363E+00
   8.435E-04   1.375E+00
   8.478E-04   1.388E+00
   8.522E-04   1.402E+00
   8.565E-04   1.417E+00
   8.609E-04   1.428E+00
   8.652E-04   1.440E+00
   8.696E-04   1.455E+00
   8.739E-04   1.472E+00
   8.783E-04   1.485E+00
   8.826E-04   1.497E+00
   8.870E-04   1.517E+00
   8.913E-04   1.528E+00
   8.957E-04   1.544E+00
   9.000E-04   1.553E+00
   9.043E-04   1.568E+00
   9.087E-04   1.576E+00
   9.130E-04   1.597E+00
   9.174E-04   1.605E+00
   9.217E-04   1.618E+00
   9.261E-04   1.639E+00
   9.304E-04   1.650E+00
   9.348E-04   1.666E+00
   9.391E-04   1.676E+00
   9.435E-04   1.698E+00
   9.478E-04   1.713E+00
   9.522E-04   1.726E+00
   9.565E-04   1.740E+00
   9.609E-04   1.761E+00
   9.652E-04   1.771E+00
   9.696E-04   1.783E+00
   9.739E-04   1.797E+00
   9.783E-04   1.804E+00
   9.826E-04   1.818E+00
   9.870E-04   1.834E+00
   9.913E-04   1.848E+00
   9.957E-04   1.856E+00
   1.000E-03   1.873E+00
   1.004E-03   1.884E+00
   1.009E-03   1.905E+00
   1.013E-03   1.919E+00
   1.017E-03   1.933E+00
   1.022E-03   1.945E+00
   1.026E-03   1.965E+00
   1.030E-03   1.978E+00
   1.035E-03   1.989E+00
   1.039E-03   2.004E+00
   1.043E-03   2.020E+00
   1.048E-03   2.038E+00
   1.052E-03   2.045E+00
   1.057E-03   2.054E+00
   1.061E-03   2.075E+00
   1.065E-03   2.082E+00
   1.070E-03   2.090E+00
   1.074E-03   2.107E+00
   1.078E-03   2.117E+00
   1.083E-03   2.125E+00
   1.087E-03   2.139E+00
   1.091E-03   2.149E+00
   1.096E-03   2.160E+00
   1.100E-03   2.176E+00
   1.104E-03   2.189E+00
   1.109E-03   2.207E+00
   1.113E-03   2.225E+00
   1.117E-03   2.235E+00
   1.122E-03   2.249E+00
   1.126E-03   2.258E+00
   1.130E-03   2.273E+00
   1.135E-03   2.283E+00
   1.139E-03   2.296E+00
   1.143E-03   2.311E+00
   1.148E-03   2.326E+00
   1.152E-03   2.341E+00
   1.157E-03   2.352E+00
   1.161E-03   2.358E+00
   1.165E-03   2.367E+00
   1.170E-03   2.376E+00
   1.174E-03   2.393E+00
   1.178E-03   2.405E+00
   1.183E-03   2.419E+00
   1.187E-03   2.429E+00
   1.191E-03   2.448E+00
   1.196E-03   2.459E+00
   1.200E-03   2.465E+00
   1.204E-03   2.480E+00
   1.209E-03   2.488E+00
   1.213E-03   2.500E+00
   1.217E-03   2.515E+00
   1.222E-03   2.521E+00
   1.226E-03   2.534E+00
   1.230E-03   2.544E+00
   1.235E-03   2.550E+00
   1.239E-03   2.569E+00
   1.243E-03   2.575E+00
   1.248E-03   2.580E+00
   1.252E-03   2.598E+00
   1.257E-03   2.607E+00
   1.261E-03   2.618E+00
   1.265E-03   2.635E+00
   1.270E-03   2.645E+00
   1.274E-03   2.661E+00
   1.278E-03   2.670E+00
   1.283E-03   2.682E+00
   1.287E-03   2.695E+00
   1.291E-03   2.702E+00
   1.296E-03   2.713E+00
   1.300E-03   4.437E+00
