   0.000E+00   2.410E-01
   3.411E-04   1.214E+01
   6.823E-04   1.853E+01
   1.023E-03   2.440E+01
   1.365E-03   3.008E+01
   1.706E-03   3.554E+01
   2.047E-03   4.090E+01
   2.388E-03   4.603E+01
   2.729E-03   5.112E+01
   3.070E-03   5.592E+01
   3.411E-03   6.066E+01
   3.753E-03   6.539E+01
   4.094E-03   6.978E+01
   4.435E-03   7.419E+01
   4.776E-03   7.860E+01
   5.117E-03   8.275E+01
   5.458E-03   8.680E+01
   5.799E-03   9.101E+01
   6.140E-03   9.494E+01
   6.482E-03   9.903E+01
   6.823E-03   1.030E+02
   7.164E-03   1.068E+02
   7.505E-03   1.106E+02
   7.846E-03   1.146E+02
   8.187E-03   1.182E+02
   8.528E-03   1.220E+02
   8.870E-03   1.255E+02
   9.211E-03   1.289E+02
   9.552E-03   1.323E+02
   9.893E-03   1.358E+02
   1.023E-02   1.393E+02
   1.058E-02   1.425E+02
   1.092E-02   1.460E+02
   1.126E-02   1.490E+02
   1.160E-02   1.521E+02
   1.194E-02   1.553E+02
   1.228E-02   1.581E+02
   1.262E-02   1.612E+02
   1.296E-02   1.641E+02
   1.330E-02   1.673E+02
   1.365E-02   1.700E+02
   1.399E-02   1.728E+02
   1.433E-02   1.758E+02
   1.467E-02   1.789E+02
   1.501E-02   1.815E+02
   1.535E-02   1.843E+02
   1.569E-02   1.872E+02
   1.603E-02   1.895E+02
   1.637E-02   1.921E+02
   1.672E-02   1.947E+02
   1.706E-02   1.972E+02
   1.740E-02   1.997E+02
   1.774E-02   2.023E+02
   1.808E-02   2.047E+02
   1.842E-02   2.074E+02
   1.876E-02   2.094E+02
   1.910E-02   2.116E+02
   1.944E-02   2.140E+02
   1.979E-02   2.167E+02
   2.013E-02   2.181E+02
   2.047E-02   2.208E+02
   2.081E-02   2.231E+02
   2.115E-02   2.247E+02
   2.149E-02   2.272E+02
   2.183E-02   2.291E+02
   2.217E-02   2.308E+02
   2.252E-02   2.329E+02
   2.286E-02   2.344E+02
   2.320E-02   2.370E+02
   2.354E-02   2.386E+02
   2.388E-02   2.407E+02
   2.422E-02   2.419E+02
   2.456E-02   2.440E+02
   2.490E-02   2.451E+02
   2.524E-02   2.469E+02
   2.559E-02   2.486E+02
   2.593E-02   2.506E+02
   2.627E-02   2.521E+02
   2.661E-02   2.538E+02
   2.695E-02   2.551E+02
   2.729E-02   2.565E+02
   2.763E-02   2.579E+02
   2.797E-02   2.591E+02
   2.831E-02   2.604E+02
   2.866E-02   2.616E+02
   2.900E-02   2.631E+02
   2.934E-02   2.645E+02
   2.968E-02   2.656E+02
   3.002E-02   2.670E+02
   3.036E-02   2.682E+02
   3.070E-02   2.691E+02
   3.104E-02   2.699E+02
   3.138E-02   2.710E+02
   3.173E-02   2.725E+02
   3.207E-02   2.732E+02
   3.241E-02   2.745E+02
   3.275E-02   2.757E+02
   3.309E-02   2.768E+02
   3.343E-02   2.765E+02
   3.377E-02   2.781E+02
   3.411E-02   2.788E+02
   3.445E-02   2.801E+02
   3.480E-02   2.807E+02
   3.514E-02   2.810E+02
   3.548E-02   2.820E+02
   3.582E-02   2.824E+02
   3.616E-02   2.834E+02
   3.650E-02   2.845E+02
   3.684E-02   2.847E+02
   3.718E-02   2.854E+02
   3.753E-02   2.863E+02
   3.787E-02   2.869E+02
   3.821E-02   2.868E+02
   3.855E-02   2.874E+02
   3.889E-02   2.883E+02
   3.923E-02   2.885E+02
   3.957E-02   2.890E+02
   3.991E-02   2.892E+02
   4.025E-02   2.900E+02
   4.060E-02   2.901E+02
   4.094E-02   2.906E+02
   4.128E-02   2.911E+02
   4.162E-02   2.913E+02
   4.196E-02   2.914E+02
   4.230E-02   2.921E+02
   4.264E-02   2.924E+02
   4.298E-02   2.924E+02
   4.332E-02   2.929E+02
   4.367E-02   2.929E+02
   4.401E-02   2.935E+02
   4.435E-02   2.936E+02
   4.469E-02   2.936E+02
   4.503E-02   2.933E+02
   4.537E-02   2.939E+02
   4.571E-02   2.934E+02
   4.605E-02   2.942E+02
   4.639E-02   2.942E+02
   4.674E-02   2.939E+02
   4.708E-02   2.944E+02
   4.742E-02   2.941E+02
   4.776E-02   2.945E+02
   4.810E-02   2.942E+02
   4.844E-02   2.939E+02
   4.878E-02   2.940E+02
   4.912E-02   2.940E+02
   4.946E-02   2.943E+02
   4.981E-02   2.941E+02
   5.015E-02   2.933E+02
   5.049E-02   2.937E+02
   5.083E-02   2.930E+02
   5.117E-02   2.929E+02
   5.151E-02   2.933E+02
   5.185E-02   2.928E+02
   5.219E-02   2.921E+02
   5.254E-02   2.924E+02
   5.288E-02   2.919E+02
   5.322E-02   2.915E+02
   5.356E-02   2.914E+02
   5.390E-02   2.907E+02
   5.424E-02   2.903E+02
   5.458E-02   2.900E+02
   5.492E-02   2.896E+02
   5.526E-02   2.892E+02
   5.561E-02   2.886E+02
   5.595E-02   2.882E+02
   5.629E-02   2.875E+02
   5.663E-02   2.873E+02
   5.697E-02   2.861E+02
   5.731E-02   2.859E+02
   5.765E-02   2.855E+02
   5.799E-02   2.847E+02
   5.833E-02   2.839E+02
   5.868E-02   2.834E+02
   5.902E-02   2.829E+02
   5.936E-02   2.825E+02
   5.970E-02   2.817E+02
   6.004E-02   2.803E+02
   6.038E-02   2.794E+02
   6.072E-02   2.788E+02
   6.106E-02   2.784E+02
   6.140E-02   2.776E+02
   6.175E-02   2.763E+02
   6.209E-02   2.757E+02
   6.243E-02   2.749E+02
   6.277E-02   2.741E+02
   6.311E-02   2.728E+02
   6.345E-02   2.715E+02
   6.379E-02   2.706E+02
   6.413E-02   2.698E+02
   6.447E-02   2.684E+02
   6.482E-02   2.676E+02
   6.516E-02   2.666E+02
   6.550E-02   2.654E+02
   6.584E-02   2.639E+02
   6.618E-02   2.630E+02
   6.652E-02   2.620E+02
   6.686E-02   2.601E+02
   6.720E-02   2.591E+02
   6.755E-02   2.576E+02
   6.789E-02   2.569E+02
   6.823E-02   2.549E+02
   6.857E-02   2.540E+02
   6.891E-02   2.524E+02
   6.925E-02   2.507E+02
   6.959E-02   2.493E+02
   6.993E-02   2.476E+02
   7.027E-02   2.457E+02
   7.062E-02   2.445E+02
   7.096E-02   2.427E+02
   7.130E-02   2.407E+02
   7.164E-02   2.392E+02
   7.198E-02   2.369E+02
   7.232E-02   2.351E+02
   7.266E-02   2.331E+02
   7.300E-02   2.313E+02
   7.334E-02   2.290E+02
   7.369E-02   2.274E+02
   7.403E-02   2.247E+02
   7.437E-02   2.229E+02
   7.471E-02   2.207E+02
   7.505E-02   2.184E+02
   7.539E-02   2.159E+02
   7.573E-02   2.136E+02
   7.607E-02   2.113E+02
   7.641E-02   2.092E+02
   7.676E-02   2.064E+02
   7.710E-02   2.040E+02
   7.744E-02   2.015E+02
   7.778E-02   1.988E+02
   7.812E-02   1.957E+02
   7.846E-02   1.936E+02
   7.880E-02   1.910E+02
   7.914E-02   1.880E+02
   7.948E-02   1.850E+02
   7.983E-02   1.824E+02
   8.017E-02   1.793E+02
   8.051E-02   1.764E+02
   8.085E-02   1.731E+02
   8.119E-02   1.699E+02
   8.153E-02   1.666E+02
   8.187E-02   1.634E+02
   8.221E-02   1.600E+02
   8.256E-02   1.564E+02
   8.290E-02   1.534E+02
   8.324E-02   1.498E+02
   8.358E-02   1.465E+02
   8.392E-02   1.428E+02
   8.426E-02   1.394E+02
   8.460E-02   1.356E+02
   8.494E-02   1.320E+02
   8.528E-02   1.285E+02
   8.563E-02   1.248E+02
   8.597E-02   1.209E+02
   8.631E-02   1.173E+02
   8.665E-02   1.138E+02
   8.699E-02   1.099E+02
   8.733E-02   1.063E+02
   8.767E-02   1.023E+02
   8.801E-02   9.906E+01
   8.835E-02   9.551E+01
   8.870E-02   9.192E+01
   8.904E-02   8.838E+01
   8.938E-02   8.440E+01
   8.972E-02   8.087E+01
   9.006E-02   7.751E+01
   9.040E-02   7.418E+01
   9.074E-02   7.092E+01
   9.108E-02   6.751E+01
   9.142E-02   6.418E+01
   9.177E-02   6.078E+01
   9.211E-02   5.758E+01
   9.245E-02   5.451E+01
   9.279E-02   5.150E+01
   9.313E-02   4.843E+01
   9.347E-02   4.555E+01
   9.381E-02   4.283E+01
   9.415E-02   4.035E+01
   9.449E-02   3.772E+01
   9.484E-02   3.488E+01
   9.518E-02   3.229E+01
   9.552E-02   2.983E+01
   9.586E-02   2.754E+01
   9.620E-02   2.527E+01
   9.654E-02   2.314E+01
   9.688E-02   2.106E+01
   9.722E-02   1.903E+01
   9.757E-02   1.723E+01
   9.791E-02   1.552E+01
   9.825E-02   1.402E+01
   9.859E-02   1.262E+01
   9.893E-02   1.132E+01
   9.927E-02   1.022E+01
   9.961E-02   9.211E+00
   9.995E-02   8.413E+00
   1.003E-01   7.783E+00
   1.006E-01   7.295E+00
   1.010E-01   6.881E+00
   1.013E-01   6.538E+00
   1.017E-01   6.397E+00
   1.020E-01   1.790E+01
