   2.730E+02   2.640E+01
   2.768E+02   2.039E+01
   2.807E+02   1.814E+01
   2.845E+02   1.542E+01
   2.883E+02   1.306E+01
   2.921E+02   9.311E+00
   2.960E+02   1.002E+01
   2.998E+02   3.856E+00
   3.036E+02   8.083E+00
   3.074E+02   1.218E+01
   3.113E+02   1.623E+01
   3.151E+02   2.020E+01
   3.189E+02   2.408E+01
   3.228E+02   2.789E+01
   3.266E+02   3.169E+01
   3.304E+02   3.534E+01
   3.342E+02   3.904E+01
   3.381E+02   4.273E+01
   3.419E+02   4.635E+01
   3.457E+02   4.990E+01
   3.495E+02   5.347E+01
   3.534E+02   5.698E+01
   3.572E+02   6.041E+01
   3.610E+02   6.387E+01
   3.648E+02   6.730E+01
   3.687E+02   7.080E+01
   3.725E+02   7.424E+01
   3.763E+02   7.756E+01
   3.802E+02   8.101E+01
   3.840E+02   8.411E+01
   3.878E+02   8.749E+01
   3.916E+02   9.072E+01
   3.955E+02   9.390E+01
   3.993E+02   9.719E+01
   4.031E+02   1.004E+02
   4.069E+02   1.034E+02
   4.108E+02   1.065E+02
   4.146E+02   1.096E+02
   4.184E+02   1.125E+02
   4.223E+02   1.157E+02
   4.261E+02   1.186E+02
   4.299E+02   1.214E+02
   4.337E+02   1.245E+02
   4.376E+02   1.274E+02
   4.414E+02   1.302E+02
   4.452E+02   1.331E+02
   4.490E+02   1.360E+02
   4.529E+02   1.387E+02
   4.567E+02   1.414E+02
   4.605E+02   1.442E+02
   4.644E+02   1.470E+02
   4.682E+02   1.497E+02
   4.720E+02   1.524E+02
   4.758E+02   1.549E+02
   4.797E+02   1.575E+02
   4.835E+02   1.601E+02
   4.873E+02   1.627E+02
   4.911E+02   1.653E+02
   4.950E+02   1.680E+02
   4.988E+02   1.705E+02
   5.026E+02   1.728E+02
   5.065E+02   1.751E+02
   5.103E+02   1.775E+02
   5.141E+02   1.801E+02
   5.179E+02   1.824E+02
   5.218E+02   1.849E+02
   5.256E+02   1.871E+02
   5.294E+02   1.896E+02
   5.332E+02   1.919E+02
   5.371E+02   1.942E+02
   5.409E+02   1.964E+02
   5.447E+02   1.984E+02
   5.485E+02   2.009E+02
   5.524E+02   2.029E+02
   5.562E+02   2.050E+02
   5.600E+02   2.073E+02
   5.639E+02   2.094E+02
   5.677E+02   2.114E+02
   5.715E+02   2.134E+02
   5.753E+02   2.156E+02
   5.792E+02   2.176E+02
   5.830E+02   2.195E+02
   5.868E+02   2.214E+02
   5.906E+02   2.233E+02
   5.945E+02   2.251E+02
   5.983E+02   2.268E+02
   6.021E+02   2.287E+02
   6.060E+02   2.306E+02
   6.098E+02   2.323E+02
   6.136E+02   2.339E+02
   6.174E+02   2.360E+02
   6.213E+02   2.375E+02
   6.251E+02   2.392E+02
   6.289E+02   2.408E+02
   6.327E+02   2.427E+02
   6.366E+02   2.439E+02
   6.404E+02   2.458E+02
   6.442E+02   2.473E+02
   6.481E+02   2.488E+02
   6.519E+02   2.505E+02
   6.557E+02   2.519E+02
   6.595E+02   2.535E+02
   6.634E+02   2.549E+02
   6.672E+02   2.565E+02
   6.710E+02   2.578E+02
   6.748E+02   2.595E+02
   6.787E+02   2.605E+02
   6.825E+02   2.617E+02
   6.863E+02   2.633E+02
   6.902E+02   2.643E+02
   6.940E+02   2.657E+02
   6.978E+02   2.668E+02
   7.016E+02   2.682E+02
   7.055E+02   2.693E+02
   7.093E+02   2.706E+02
   7.131E+02   2.718E+02
   7.169E+02   2.731E+02
   7.208E+02   2.744E+02
   7.246E+02   2.751E+02
   7.284E+02   2.767E+02
   7.322E+02   2.774E+02
   7.361E+02   2.786E+02
   7.399E+02   2.796E+02
   7.437E+02   2.800E+02
   7.476E+02   2.813E+02
   7.514E+02   2.821E+02
   7.552E+02   2.834E+02
   7.590E+02   2.841E+02
   7.629E+02   2.852E+02
   7.667E+02   2.860E+02
   7.705E+02   2.872E+02
   7.743E+02   2.878E+02
   7.782E+02   2.887E+02
   7.820E+02   2.894E+02
   7.858E+02   2.900E+02
   7.897E+02   2.910E+02
   7.935E+02   2.920E+02
   7.973E+02   2.927E+02
   8.011E+02   2.930E+02
   8.050E+02   2.941E+02
   8.088E+02   2.946E+02
   8.126E+02   2.956E+02
   8.164E+02   2.962E+02
   8.203E+02   2.964E+02
   8.241E+02   2.972E+02
   8.279E+02   2.983E+02
   8.318E+02   2.984E+02
   8.356E+02   2.990E+02
   8.394E+02   2.996E+02
   8.432E+02   3.003E+02
   8.471E+02   3.008E+02
   8.509E+02   3.012E+02
   8.547E+02   3.018E+02
   8.585E+02   3.022E+02
   8.624E+02   3.028E+02
   8.662E+02   3.032E+02
   8.700E+02   3.040E+02
   8.738E+02   3.043E+02
   8.777E+02   3.046E+02
   8.815E+02   3.049E+02
   8.853E+02   3.054E+02
   8.892E+02   3.056E+02
   8.930E+02   3.063E+02
   8.968E+02   3.063E+02
   9.006E+02   3.065E+02
   9.045E+02   3.066E+02
   9.083E+02   3.067E+02
   9.121E+02   3.071E+02
   9.159E+02   3.075E+02
   9.198E+02   3.075E+02
   9.236E+02   3.078E+02
   9.274E+02   3.078E+02
   9.313E+02   3.077E+02
   9.351E+02   3.078E+02
   9.389E+02   3.079E+02
   9.427E+02   3.078E+02
   9.466E+02   3.081E+02
   9.504E+02   3.077E+02
   9.542E+02   3.079E+02
   9.580E+02   3.077E+02
   9.619E+02   3.076E+02
   9.657E+02   3.071E+02
   9.695E+02   3.069E+02
   9.734E+02   3.071E+02
   9.772E+02   3.064E+02
   9.810E+02   3.057E+02
   9.848E+02   3.058E+02
   9.887E+02   3.051E+02
   9.925E+02   3.047E+02
   9.963E+02   3.043E+02
   1.000E+03   3.038E+02
   1.004E+03   3.031E+02
   1.008E+03   3.030E+02
   1.012E+03   3.018E+02
   1.015E+03   3.013E+02
   1.019E+03   3.006E+02
   1.023E+03   2.998E+02
   1.027E+03   2.990E+02
   1.031E+03   2.983E+02
   1.035E+03   2.975E+02
   1.038E+03   2.962E+02
   1.042E+03   2.955E+02
   1.046E+03   2.938E+02
   1.050E+03   2.928E+02
   1.054E+03   2.916E+02
   1.058E+03   2.905E+02
   1.061E+03   2.893E+02
   1.065E+03   2.879E+02
   1.069E+03   2.864E+02
   1.073E+03   2.847E+02
   1.077E+03   2.835E+02
   1.081E+03   2.817E+02
   1.084E+03   2.804E+02
   1.088E+03   2.787E+02
   1.092E+03   2.771E+02
   1.096E+03   2.753E+02
   1.100E+03   2.733E+02
   1.103E+03   2.713E+02
   1.107E+03   2.690E+02
   1.111E+03   2.670E+02
   1.115E+03   2.649E+02
   1.119E+03   2.630E+02
   1.123E+03   2.606E+02
   1.126E+03   2.580E+02
   1.130E+03   2.559E+02
   1.134E+03   2.531E+02
   1.138E+03   2.506E+02
   1.142E+03   2.479E+02
   1.146E+03   2.451E+02
   1.149E+03   2.425E+02
   1.153E+03   2.397E+02
   1.157E+03   2.364E+02
   1.161E+03   2.334E+02
   1.165E+03   2.302E+02
   1.169E+03   2.271E+02
   1.172E+03   2.240E+02
   1.176E+03   2.207E+02
   1.180E+03   2.171E+02
   1.184E+03   2.137E+02
   1.188E+03   2.099E+02
   1.191E+03   2.063E+02
   1.195E+03   2.028E+02
   1.199E+03   1.990E+02
   1.203E+03   1.952E+02
   1.207E+03   1.912E+02
   1.211E+03   1.872E+02
   1.214E+03   1.834E+02
   1.218E+03   1.794E+02
   1.222E+03   1.752E+02
   1.226E+03   1.712E+02
   1.230E+03   1.669E+02
   1.234E+03   1.627E+02
   1.237E+03   1.585E+02
   1.241E+03   1.541E+02
   1.245E+03   1.498E+02
   1.249E+03   1.456E+02
   1.253E+03   1.414E+02
   1.257E+03   1.371E+02
   1.260E+03   1.326E+02
   1.264E+03   1.282E+02
   1.268E+03   1.235E+02
   1.272E+03   1.193E+02
   1.276E+03   1.150E+02
   1.280E+03   1.104E+02
   1.283E+03   1.060E+02
   1.287E+03   1.015E+02
   1.291E+03   9.718E+01
   1.295E+03   9.277E+01
   1.299E+03   8.840E+01
   1.302E+03   8.394E+01
   1.306E+03   7.972E+01
   1.310E+03   7.551E+01
   1.314E+03   7.143E+01
   1.318E+03   6.732E+01
   1.322E+03   6.326E+01
   1.325E+03   5.936E+01
   1.329E+03   5.558E+01
   1.333E+03   5.195E+01
   1.337E+03   4.837E+01
   1.341E+03   4.490E+01
   1.345E+03   4.163E+01
   1.348E+03   3.846E+01
   1.352E+03   3.528E+01
   1.356E+03   3.225E+01
   1.360E+03   2.935E+01
   1.364E+03   2.643E+01
   1.368E+03   2.377E+01
   1.371E+03   2.133E+01
   1.375E+03   1.890E+01
   1.379E+03   1.659E+01
   1.383E+03   1.434E+01
   1.387E+03   1.231E+01
   1.391E+03   1.068E+01
   1.394E+03   9.363E+00
   1.398E+03   8.256E+00
   1.402E+03   7.047E+00
   1.406E+03   6.366E+00
   1.410E+03   6.049E+00
   1.413E+03   6.013E+00
   1.417E+03   6.161E+00
   1.421E+03   7.040E+00
   1.425E+03   8.572E+00
   1.429E+03   1.032E+01
   1.433E+03   1.209E+01
   1.436E+03   1.383E+01
   1.440E+03   1.534E+01
   1.444E+03   1.657E+01
   1.448E+03   1.786E+01
   1.452E+03   1.905E+01
   1.456E+03   2.026E+01
   1.459E+03   2.141E+01
   1.463E+03   2.245E+01
   1.467E+03   2.330E+01
   1.471E+03   2.407E+01
   1.475E+03   2.477E+01
   1.479E+03   2.542E+01
   1.482E+03   2.611E+01
   1.486E+03   2.662E+01
   1.490E+03   2.708E+01
   1.494E+03   2.752E+01
   1.498E+03   2.790E+01
   1.501E+03   2.819E+01
   1.505E+03   2.850E+01
   1.509E+03   2.870E+01
   1.513E+03   2.887E+01
   1.517E+03   2.898E+01
   1.521E+03   2.903E+01
   1.524E+03   2.905E+01
   1.528E+03   2.919E+01
   1.532E+03   2.923E+01
   1.536E+03   2.923E+01
   1.540E+03   2.910E+01
   1.544E+03   2.902E+01
   1.547E+03   2.888E+01
   1.551E+03   2.880E+01
   1.555E+03   2.869E+01
   1.559E+03   2.854E+01
   1.563E+03   2.840E+01
   1.567E+03   2.821E+01
   1.570E+03   2.798E+01
   1.574E+03   2.776E+01
   1.578E+03   2.752E+01
   1.582E+03   2.733E+01
   1.586E+03   2.705E+01
   1.590E+03   2.674E+01
   1.593E+03   2.645E+01
   1.597E+03   2.609E+01
   1.601E+03   2.565E+01
   1.605E+03   2.518E+01
   1.609E+03   2.482E+01
   1.612E+03   2.448E+01
   1.616E+03   2.409E+01
   1.620E+03   2.371E+01
   1.624E+03   2.328E+01
   1.628E+03   2.285E+01
   1.632E+03   2.240E+01
   1.635E+03   2.186E+01
   1.639E+03   2.152E+01
   1.643E+03   2.105E+01
   1.647E+03   2.055E+01
   1.651E+03   2.012E+01
   1.655E+03   1.973E+01
   1.658E+03   1.925E+01
   1.662E+03   1.889E+01
   1.666E+03   1.823E+01
   1.670E+03   1.779E+01
   1.674E+03   1.726E+01
   1.678E+03   1.677E+01
   1.681E+03   1.631E+01
   1.685E+03   1.632E+01
   1.689E+03   1.665E+01
   1.693E+03   1.680E+01
   1.697E+03   1.663E+01
   1.700E+03   1.626E+01
   1.704E+03   1.680E+01
   1.708E+03   1.467E+01
   1.712E+03   1.288E+01
   1.716E+03   1.101E+01
   1.720E+03   9.507E+00
   1.723E+03   7.567E+00
   1.727E+03   0.000E+00
   1.731E+03   0.000E+00
   1.735E+03   0.000E+00
   1.739E+03   0.000E+00
   1.743E+03   0.000E+00
   1.746E+03   0.000E+00
   1.750E+03   0.000E+00
   1.754E+03   0.000E+00
   1.758E+03   0.000E+00
   1.762E+03   0.000E+00
   1.766E+03   0.000E+00
   1.769E+03   0.000E+00
   1.773E+03   0.000E+00
   1.777E+03   0.000E+00
   1.781E+03   0.000E+00
   1.785E+03   0.000E+00
   1.789E+03   0.000E+00
   1.792E+03   0.000E+00
   1.796E+03   0.000E+00
   1.800E+03   0.000E+00
