   2.730E+02   1.557E+01
   2.768E+02   1.056E+01
   2.807E+02   8.984E+00
   2.845E+02   8.220E+00
   2.883E+02   6.888E+00
   2.921E+02   4.882E+00
   2.960E+02   7.450E-02
   2.998E+02   5.231E+00
   3.036E+02   1.095E+01
   3.074E+02   1.639E+01
   3.113E+02   2.169E+01
   3.151E+02   2.684E+01
   3.189E+02   3.180E+01
   3.228E+02   3.662E+01
   3.266E+02   4.138E+01
   3.304E+02   4.591E+01
   3.342E+02   5.048E+01
   3.381E+02   5.500E+01
   3.419E+02   5.939E+01
   3.457E+02   6.369E+01
   3.495E+02   6.799E+01
   3.534E+02   7.215E+01
   3.572E+02   7.624E+01
   3.610E+02   8.032E+01
   3.648E+02   8.434E+01
   3.687E+02   8.844E+01
   3.725E+02   9.245E+01
   3.763E+02   9.630E+01
   3.802E+02   1.003E+02
   3.840E+02   1.038E+02
   3.878E+02   1.077E+02
   3.916E+02   1.114E+02
   3.955E+02   1.150E+02
   3.993E+02   1.187E+02
   4.031E+02   1.223E+02
   4.069E+02   1.257E+02
   4.108E+02   1.292E+02
   4.146E+02   1.325E+02
   4.184E+02   1.358E+02
   4.223E+02   1.393E+02
   4.261E+02   1.425E+02
   4.299E+02   1.456E+02
   4.337E+02   1.490E+02
   4.376E+02   1.522E+02
   4.414E+02   1.552E+02
   4.452E+02   1.584E+02
   4.490E+02   1.616E+02
   4.529E+02   1.644E+02
   4.567E+02   1.673E+02
   4.605E+02   1.704E+02
   4.644E+02   1.734E+02
   4.682E+02   1.763E+02
   4.720E+02   1.791E+02
   4.758E+02   1.818E+02
   4.797E+02   1.845E+02
   4.835E+02   1.873E+02
   4.873E+02   1.900E+02
   4.911E+02   1.929E+02
   4.950E+02   1.956E+02
   4.988E+02   1.983E+02
   5.026E+02   2.007E+02
   5.065E+02   2.031E+02
   5.103E+02   2.056E+02
   5.141E+02   2.083E+02
   5.179E+02   2.106E+02
   5.218E+02   2.133E+02
   5.256E+02   2.155E+02
   5.294E+02   2.182E+02
   5.332E+02   2.204E+02
   5.371E+02   2.228E+02
   5.409E+02   2.250E+02
   5.447E+02   2.271E+02
   5.485E+02   2.297E+02
   5.524E+02   2.317E+02
   5.562E+02   2.338E+02
   5.600E+02   2.361E+02
   5.639E+02   2.382E+02
   5.677E+02   2.402E+02
   5.715E+02   2.422E+02
   5.753E+02   2.444E+02
   5.792E+02   2.464E+02
   5.830E+02   2.482E+02
   5.868E+02   2.500E+02
   5.906E+02   2.518E+02
   5.945E+02   2.537E+02
   5.983E+02   2.552E+02
   6.021E+02   2.571E+02
   6.060E+02   2.588E+02
   6.098E+02   2.605E+02
   6.136E+02   2.620E+02
   6.174E+02   2.641E+02
   6.213E+02   2.654E+02
   6.251E+02   2.670E+02
   6.289E+02   2.684E+02
   6.327E+02   2.702E+02
   6.366E+02   2.712E+02
   6.404E+02   2.730E+02
   6.442E+02   2.744E+02
   6.481E+02   2.757E+02
   6.519E+02   2.772E+02
   6.557E+02   2.784E+02
   6.595E+02   2.798E+02
   6.634E+02   2.810E+02
   6.672E+02   2.824E+02
   6.710E+02   2.834E+02
   6.748E+02   2.849E+02
   6.787E+02   2.857E+02
   6.825E+02   2.867E+02
   6.863E+02   2.880E+02
   6.902E+02   2.888E+02
   6.940E+02   2.899E+02
   6.978E+02   2.907E+02
   7.016E+02   2.918E+02
   7.055E+02   2.927E+02
   7.093E+02   2.937E+02
   7.131E+02   2.945E+02
   7.169E+02   2.955E+02
   7.208E+02   2.965E+02
   7.246E+02   2.968E+02
   7.284E+02   2.981E+02
   7.322E+02   2.984E+02
   7.361E+02   2.994E+02
   7.399E+02   3.000E+02
   7.437E+02   3.000E+02
   7.476E+02   3.009E+02
   7.514E+02   3.013E+02
   7.552E+02   3.023E+02
   7.590E+02   3.026E+02
   7.629E+02   3.033E+02
   7.667E+02   3.036E+02
   7.705E+02   3.044E+02
   7.743E+02   3.046E+02
   7.782E+02   3.051E+02
   7.820E+02   3.054E+02
   7.858E+02   3.054E+02
   7.897E+02   3.061E+02
   7.935E+02   3.066E+02
   7.973E+02   3.068E+02
   8.011E+02   3.066E+02
   8.050E+02   3.073E+02
   8.088E+02   3.073E+02
   8.126E+02   3.078E+02
   8.164E+02   3.079E+02
   8.203E+02   3.077E+02
   8.241E+02   3.080E+02
   8.279E+02   3.085E+02
   8.318E+02   3.081E+02
   8.356E+02   3.082E+02
   8.394E+02   3.082E+02
   8.432E+02   3.084E+02
   8.471E+02   3.084E+02
   8.509E+02   3.082E+02
   8.547E+02   3.083E+02
   8.585E+02   3.082E+02
   8.624E+02   3.081E+02
   8.662E+02   3.080E+02
   8.700E+02   3.082E+02
   8.738E+02   3.081E+02
   8.777E+02   3.078E+02
   8.815E+02   3.074E+02
   8.853E+02   3.073E+02
   8.892E+02   3.070E+02
   8.930E+02   3.070E+02
   8.968E+02   3.064E+02
   9.006E+02   3.061E+02
   9.045E+02   3.056E+02
   9.083E+02   3.051E+02
   9.121E+02   3.049E+02
   9.159E+02   3.048E+02
   9.198E+02   3.041E+02
   9.236E+02   3.038E+02
   9.274E+02   3.032E+02
   9.313E+02   3.025E+02
   9.351E+02   3.020E+02
   9.389E+02   3.015E+02
   9.427E+02   3.008E+02
   9.466E+02   3.004E+02
   9.504E+02   2.994E+02
   9.542E+02   2.990E+02
   9.580E+02   2.982E+02
   9.619E+02   2.975E+02
   9.657E+02   2.964E+02
   9.695E+02   2.956E+02
   9.734E+02   2.952E+02
   9.772E+02   2.939E+02
   9.810E+02   2.926E+02
   9.848E+02   2.921E+02
   9.887E+02   2.908E+02
   9.925E+02   2.898E+02
   9.963E+02   2.888E+02
   1.000E+03   2.877E+02
   1.004E+03   2.865E+02
   1.008E+03   2.857E+02
   1.012E+03   2.840E+02
   1.015E+03   2.830E+02
   1.019E+03   2.818E+02
   1.023E+03   2.804E+02
   1.027E+03   2.790E+02
   1.031E+03   2.778E+02
   1.035E+03   2.764E+02
   1.038E+03   2.746E+02
   1.042E+03   2.734E+02
   1.046E+03   2.712E+02
   1.050E+03   2.697E+02
   1.054E+03   2.681E+02
   1.058E+03   2.665E+02
   1.061E+03   2.648E+02
   1.065E+03   2.630E+02
   1.069E+03   2.610E+02
   1.073E+03   2.589E+02
   1.077E+03   2.573E+02
   1.081E+03   2.551E+02
   1.084E+03   2.533E+02
   1.088E+03   2.513E+02
   1.092E+03   2.493E+02
   1.096E+03   2.471E+02
   1.100E+03   2.448E+02
   1.103E+03   2.426E+02
   1.107E+03   2.399E+02
   1.111E+03   2.376E+02
   1.115E+03   2.352E+02
   1.119E+03   2.330E+02
   1.123E+03   2.304E+02
   1.126E+03   2.277E+02
   1.130E+03   2.253E+02
   1.134E+03   2.224E+02
   1.138E+03   2.197E+02
   1.142E+03   2.168E+02
   1.146E+03   2.139E+02
   1.149E+03   2.112E+02
   1.153E+03   2.083E+02
   1.157E+03   2.050E+02
   1.161E+03   2.020E+02
   1.165E+03   1.988E+02
   1.169E+03   1.956E+02
   1.172E+03   1.925E+02
   1.176E+03   1.893E+02
   1.180E+03   1.858E+02
   1.184E+03   1.824E+02
   1.188E+03   1.789E+02
   1.191E+03   1.754E+02
   1.195E+03   1.720E+02
   1.199E+03   1.684E+02
   1.203E+03   1.649E+02
   1.207E+03   1.611E+02
   1.211E+03   1.573E+02
   1.214E+03   1.539E+02
   1.218E+03   1.502E+02
   1.222E+03   1.463E+02
   1.226E+03   1.426E+02
   1.230E+03   1.387E+02
   1.234E+03   1.350E+02
   1.237E+03   1.311E+02
   1.241E+03   1.273E+02
   1.245E+03   1.234E+02
   1.249E+03   1.197E+02
   1.253E+03   1.159E+02
   1.257E+03   1.122E+02
   1.260E+03   1.083E+02
   1.264E+03   1.044E+02
   1.268E+03   1.003E+02
   1.272E+03   9.672E+01
   1.276E+03   9.299E+01
   1.280E+03   8.909E+01
   1.283E+03   8.531E+01
   1.287E+03   8.151E+01
   1.291E+03   7.783E+01
   1.295E+03   7.411E+01
   1.299E+03   7.046E+01
   1.302E+03   6.674E+01
   1.306E+03   6.324E+01
   1.310E+03   5.974E+01
   1.314E+03   5.638E+01
   1.318E+03   5.301E+01
   1.322E+03   4.968E+01
   1.325E+03   4.651E+01
   1.329E+03   4.344E+01
   1.333E+03   4.050E+01
   1.337E+03   3.761E+01
   1.341E+03   3.482E+01
   1.345E+03   3.219E+01
   1.348E+03   2.966E+01
   1.352E+03   2.714E+01
   1.356E+03   2.475E+01
   1.360E+03   2.246E+01
   1.364E+03   2.018E+01
   1.368E+03   1.810E+01
   1.371E+03   1.620E+01
   1.375E+03   1.431E+01
   1.379E+03   1.253E+01
   1.383E+03   1.080E+01
   1.387E+03   9.238E+00
   1.391E+03   7.988E+00
   1.394E+03   6.987E+00
   1.398E+03   6.148E+00
   1.402E+03   5.238E+00
   1.406E+03   4.725E+00
   1.410E+03   4.483E+00
   1.413E+03   4.452E+00
   1.417E+03   4.565E+00
   1.421E+03   5.227E+00
   1.425E+03   6.382E+00
   1.429E+03   7.700E+00
   1.433E+03   9.045E+00
   1.436E+03   1.036E+01
   1.440E+03   1.150E+01
   1.444E+03   1.244E+01
   1.448E+03   1.340E+01
   1.452E+03   1.430E+01
   1.456E+03   1.521E+01
   1.459E+03   1.608E+01
   1.463E+03   1.686E+01
   1.467E+03   1.749E+01
   1.471E+03   1.806E+01
   1.475E+03   1.858E+01
   1.479E+03   1.905E+01
   1.482E+03   1.954E+01
   1.486E+03   1.991E+01
   1.490E+03   2.023E+01
   1.494E+03   2.052E+01
   1.498E+03   2.078E+01
   1.501E+03   2.096E+01
   1.505E+03   2.115E+01
   1.509E+03   2.127E+01
   1.513E+03   2.134E+01
   1.517E+03   2.136E+01
   1.521E+03   2.135E+01
   1.524E+03   2.130E+01
   1.528E+03   2.135E+01
   1.532E+03   2.133E+01
   1.536E+03   2.128E+01
   1.540E+03   2.114E+01
   1.544E+03   2.104E+01
   1.547E+03   2.090E+01
   1.551E+03   2.078E+01
   1.555E+03   2.063E+01
   1.559E+03   2.047E+01
   1.563E+03   2.032E+01
   1.567E+03   2.012E+01
   1.570E+03   1.989E+01
   1.574E+03   1.968E+01
   1.578E+03   1.947E+01
   1.582E+03   1.929E+01
   1.586E+03   1.904E+01
   1.590E+03   1.878E+01
   1.593E+03   1.851E+01
   1.597E+03   1.818E+01
   1.601E+03   1.782E+01
   1.605E+03   1.747E+01
   1.609E+03   1.717E+01
   1.612E+03   1.687E+01
   1.616E+03   1.653E+01
   1.620E+03   1.619E+01
   1.624E+03   1.584E+01
   1.628E+03   1.549E+01
   1.632E+03   1.515E+01
   1.635E+03   1.471E+01
   1.639E+03   1.443E+01
   1.643E+03   1.404E+01
   1.647E+03   1.371E+01
   1.651E+03   1.343E+01
   1.655E+03   1.321E+01
   1.658E+03   1.285E+01
   1.662E+03   1.261E+01
   1.666E+03   1.223E+01
   1.670E+03   1.188E+01
   1.674E+03   1.150E+01
   1.678E+03   1.107E+01
   1.681E+03   1.064E+01
   1.685E+03   1.056E+01
   1.689E+03   1.068E+01
   1.693E+03   1.083E+01
   1.697E+03   1.053E+01
   1.700E+03   1.038E+01
   1.704E+03   1.112E+01
   1.708E+03   1.012E+01
   1.712E+03   8.814E+00
   1.716E+03   7.472E+00
   1.720E+03   6.047E+00
   1.723E+03   4.549E+00
   1.727E+03   0.000E+00
   1.731E+03   0.000E+00
   1.735E+03   0.000E+00
   1.739E+03   0.000E+00
   1.743E+03   0.000E+00
   1.746E+03   0.000E+00
   1.750E+03   0.000E+00
   1.754E+03   0.000E+00
   1.758E+03   0.000E+00
   1.762E+03   0.000E+00
   1.766E+03   0.000E+00
   1.769E+03   0.000E+00
   1.773E+03   0.000E+00
   1.777E+03   0.000E+00
   1.781E+03   0.000E+00
   1.785E+03   0.000E+00
   1.789E+03   0.000E+00
   1.792E+03   0.000E+00
   1.796E+03   0.000E+00
   1.800E+03   0.000E+00
