   2.730E+02   2.764E+01
   2.768E+02   2.624E+01
   2.807E+02   2.719E+01
   2.845E+02   3.163E+01
   2.883E+02   7.219E+03
   2.921E+02   4.619E+01
   2.960E+02   3.300E+01
   2.998E+02   1.217E+00
   3.036E+02   1.880E+00
   3.074E+02   2.548E+00
   3.113E+02   3.248E+00
   3.151E+02   3.938E+00
   3.189E+02   4.600E+00
   3.228E+02   5.240E+00
   3.266E+02   5.867E+00
   3.304E+02   6.452E+00
   3.342E+02   7.039E+00
   3.381E+02   7.608E+00
   3.419E+02   8.152E+00
   3.457E+02   8.673E+00
   3.495E+02   9.190E+00
   3.534E+02   9.677E+00
   3.572E+02   1.015E+01
   3.610E+02   1.061E+01
   3.648E+02   1.105E+01
   3.687E+02   1.149E+01
   3.725E+02   1.191E+01
   3.763E+02   1.231E+01
   3.802E+02   1.270E+01
   3.840E+02   1.304E+01
   3.878E+02   1.341E+01
   3.916E+02   1.375E+01
   3.955E+02   1.407E+01
   3.993E+02   1.441E+01
   4.031E+02   1.469E+01
   4.069E+02   1.497E+01
   4.108E+02   1.524E+01
   4.146E+02   1.549E+01
   4.184E+02   1.573E+01
   4.223E+02   1.599E+01
   4.261E+02   1.618E+01
   4.299E+02   1.639E+01
   4.337E+02   1.660E+01
   4.376E+02   1.681E+01
   4.414E+02   1.698E+01
   4.452E+02   1.713E+01
   4.490E+02   1.730E+01
   4.529E+02   1.744E+01
   4.567E+02   1.756E+01
   4.605E+02   1.772E+01
   4.644E+02   1.781E+01
   4.682E+02   1.795E+01
   4.720E+02   1.803E+01
   4.758E+02   1.812E+01
   4.797E+02   1.821E+01
   4.835E+02   1.828E+01
   4.873E+02   1.835E+01
   4.911E+02   1.844E+01
   4.950E+02   1.849E+01
   4.988E+02   1.854E+01
   5.026E+02   1.855E+01
   5.065E+02   1.859E+01
   5.103E+02   1.860E+01
   5.141E+02   1.862E+01
   5.179E+02   1.864E+01
   5.218E+02   1.868E+01
   5.256E+02   1.866E+01
   5.294E+02   1.867E+01
   5.332E+02   1.864E+01
   5.371E+02   1.865E+01
   5.409E+02   1.860E+01
   5.447E+02   1.858E+01
   5.485E+02   1.857E+01
   5.524E+02   1.853E+01
   5.562E+02   1.846E+01
   5.600E+02   1.843E+01
   5.639E+02   1.837E+01
   5.677E+02   1.832E+01
   5.715E+02   1.827E+01
   5.753E+02   1.821E+01
   5.792E+02   1.813E+01
   5.830E+02   1.807E+01
   5.868E+02   1.799E+01
   5.906E+02   1.792E+01
   5.945E+02   1.783E+01
   5.983E+02   1.774E+01
   6.021E+02   1.767E+01
   6.060E+02   1.757E+01
   6.098E+02   1.747E+01
   6.136E+02   1.738E+01
   6.174E+02   1.730E+01
   6.213E+02   1.718E+01
   6.251E+02   1.709E+01
   6.289E+02   1.699E+01
   6.327E+02   1.689E+01
   6.366E+02   1.676E+01
   6.404E+02   1.669E+01
   6.442E+02   1.659E+01
   6.481E+02   1.646E+01
   6.519E+02   1.636E+01
   6.557E+02   1.625E+01
   6.595E+02   1.613E+01
   6.634E+02   1.603E+01
   6.672E+02   1.593E+01
   6.710E+02   1.583E+01
   6.748E+02   1.574E+01
   6.787E+02   1.562E+01
   6.825E+02   1.550E+01
   6.863E+02   1.539E+01
   6.902E+02   1.528E+01
   6.940E+02   1.519E+01
   6.978E+02   1.508E+01
   7.016E+02   1.500E+01
   7.055E+02   1.487E+01
   7.093E+02   1.480E+01
   7.131E+02   1.469E+01
   7.169E+02   1.460E+01
   7.208E+02   1.452E+01
   7.246E+02   1.446E+01
   7.284E+02   1.437E+01
   7.322E+02   1.428E+01
   7.361E+02   1.422E+01
   7.399E+02   1.414E+01
   7.437E+02   1.408E+01
   7.476E+02   1.403E+01
   7.514E+02   1.396E+01
   7.552E+02   1.391E+01
   7.590E+02   1.386E+01
   7.629E+02   1.384E+01
   7.667E+02   1.381E+01
   7.705E+02   1.377E+01
   7.743E+02   1.374E+01
   7.782E+02   1.373E+01
   7.820E+02   1.372E+01
   7.858E+02   1.371E+01
   7.897E+02   1.371E+01
   7.935E+02   1.377E+01
   7.973E+02   1.373E+01
   8.011E+02   1.378E+01
   8.050E+02   1.380E+01
   8.088E+02   1.383E+01
   8.126E+02   1.391E+01
   8.164E+02   1.392E+01
   8.203E+02   1.403E+01
   8.241E+02   1.410E+01
   8.279E+02   1.417E+01
   8.318E+02   1.425E+01
   8.356E+02   1.435E+01
   8.394E+02   1.444E+01
   8.432E+02   1.457E+01
   8.471E+02   1.469E+01
   8.509E+02   1.481E+01
   8.547E+02   1.493E+01
   8.585E+02   1.507E+01
   8.624E+02   1.521E+01
   8.662E+02   1.537E+01
   8.700E+02   1.556E+01
   8.738E+02   1.568E+01
   8.777E+02   1.587E+01
   8.815E+02   1.606E+01
   8.853E+02   1.622E+01
   8.892E+02   1.641E+01
   8.930E+02   1.663E+01
   8.968E+02   1.681E+01
   9.006E+02   1.700E+01
   9.045E+02   1.720E+01
   9.083E+02   1.740E+01
   9.121E+02   1.765E+01
   9.159E+02   1.786E+01
   9.198E+02   1.806E+01
   9.236E+02   1.831E+01
   9.274E+02   1.853E+01
   9.313E+02   1.875E+01
   9.351E+02   1.900E+01
   9.389E+02   1.921E+01
   9.427E+02   1.944E+01
   9.466E+02   1.971E+01
   9.504E+02   1.995E+01
   9.542E+02   2.019E+01
   9.580E+02   2.044E+01
   9.619E+02   2.068E+01
   9.657E+02   2.089E+01
   9.695E+02   2.116E+01
   9.734E+02   2.143E+01
   9.772E+02   2.166E+01
   9.810E+02   2.187E+01
   9.848E+02   2.218E+01
   9.887E+02   2.239E+01
   9.925E+02   2.261E+01
   9.963E+02   2.287E+01
   1.000E+03   2.311E+01
   1.004E+03   2.336E+01
   1.008E+03   2.366E+01
   1.012E+03   2.383E+01
   1.015E+03   2.409E+01
   1.019E+03   2.430E+01
   1.023E+03   2.453E+01
   1.027E+03   2.474E+01
   1.031E+03   2.498E+01
   1.035E+03   2.522E+01
   1.038E+03   2.541E+01
   1.042E+03   2.563E+01
   1.046E+03   2.581E+01
   1.050E+03   2.600E+01
   1.054E+03   2.619E+01
   1.058E+03   2.640E+01
   1.061E+03   2.660E+01
   1.065E+03   2.677E+01
   1.069E+03   2.694E+01
   1.073E+03   2.707E+01
   1.077E+03   2.727E+01
   1.081E+03   2.740E+01
   1.084E+03   2.757E+01
   1.088E+03   2.771E+01
   1.092E+03   2.785E+01
   1.096E+03   2.796E+01
   1.100E+03   2.809E+01
   1.103E+03   2.818E+01
   1.107E+03   2.824E+01
   1.111E+03   2.833E+01
   1.115E+03   2.841E+01
   1.119E+03   2.852E+01
   1.123E+03   2.858E+01
   1.126E+03   2.858E+01
   1.130E+03   2.866E+01
   1.134E+03   2.865E+01
   1.138E+03   2.867E+01
   1.142E+03   2.867E+01
   1.146E+03   2.866E+01
   1.149E+03   2.864E+01
   1.153E+03   2.862E+01
   1.157E+03   2.853E+01
   1.161E+03   2.847E+01
   1.165E+03   2.838E+01
   1.169E+03   2.830E+01
   1.172E+03   2.823E+01
   1.176E+03   2.809E+01
   1.180E+03   2.795E+01
   1.184E+03   2.781E+01
   1.188E+03   2.762E+01
   1.191E+03   2.745E+01
   1.195E+03   2.728E+01
   1.199E+03   2.708E+01
   1.203E+03   2.683E+01
   1.207E+03   2.659E+01
   1.211E+03   2.633E+01
   1.214E+03   2.608E+01
   1.218E+03   2.581E+01
   1.222E+03   2.548E+01
   1.226E+03   2.519E+01
   1.230E+03   2.485E+01
   1.234E+03   2.452E+01
   1.237E+03   2.416E+01
   1.241E+03   2.379E+01
   1.245E+03   2.340E+01
   1.249E+03   2.302E+01
   1.253E+03   2.263E+01
   1.257E+03   2.223E+01
   1.260E+03   2.178E+01
   1.264E+03   2.133E+01
   1.268E+03   2.083E+01
   1.272E+03   2.040E+01
   1.276E+03   1.992E+01
   1.280E+03   1.942E+01
   1.283E+03   1.891E+01
   1.287E+03   1.838E+01
   1.291E+03   1.786E+01
   1.295E+03   1.733E+01
   1.299E+03   1.677E+01
   1.302E+03   1.619E+01
   1.306E+03   1.563E+01
   1.310E+03   1.507E+01
   1.314E+03   1.452E+01
   1.318E+03   1.395E+01
   1.322E+03   1.336E+01
   1.325E+03   1.279E+01
   1.329E+03   1.223E+01
   1.333E+03   1.169E+01
   1.337E+03   1.113E+01
   1.341E+03   1.059E+01
   1.345E+03   1.007E+01
   1.348E+03   9.558E+00
   1.352E+03   9.028E+00
   1.356E+03   8.525E+00
   1.360E+03   8.020E+00
   1.364E+03   7.491E+00
   1.368E+03   7.017E+00
   1.371E+03   6.582E+00
   1.375E+03   6.149E+00
   1.379E+03   5.718E+00
   1.383E+03   5.243E+00
   1.387E+03   4.766E+00
   1.391E+03   4.374E+00
   1.394E+03   4.102E+00
   1.398E+03   3.778E+00
   1.402E+03   3.283E+00
   1.406E+03   2.944E+00
   1.410E+03   2.740E+00
   1.413E+03   2.560E+00
   1.417E+03   2.445E+00
   1.421E+03   2.629E+00
   1.425E+03   3.046E+00
   1.429E+03   3.518E+00
   1.433E+03   3.998E+00
   1.436E+03   4.461E+00
   1.440E+03   4.847E+00
   1.444E+03   5.165E+00
   1.448E+03   5.486E+00
   1.452E+03   5.781E+00
   1.456E+03   6.083E+00
   1.459E+03   6.375E+00
   1.463E+03   6.639E+00
   1.467E+03   6.857E+00
   1.471E+03   7.054E+00
   1.475E+03   7.233E+00
   1.479E+03   7.408E+00
   1.482E+03   7.591E+00
   1.486E+03   7.736E+00
   1.490E+03   7.866E+00
   1.494E+03   7.991E+00
   1.498E+03   8.097E+00
   1.501E+03   8.186E+00
   1.505E+03   8.283E+00
   1.509E+03   8.358E+00
   1.513E+03   8.432E+00
   1.517E+03   8.484E+00
   1.521E+03   8.518E+00
   1.524E+03   8.549E+00
   1.528E+03   8.600E+00
   1.532E+03   8.628E+00
   1.536E+03   8.637E+00
   1.540E+03   8.625E+00
   1.544E+03   8.624E+00
   1.547E+03   8.598E+00
   1.551E+03   8.596E+00
   1.555E+03   8.589E+00
   1.559E+03   8.576E+00
   1.563E+03   8.564E+00
   1.567E+03   8.528E+00
   1.570E+03   8.486E+00
   1.574E+03   8.436E+00
   1.578E+03   8.370E+00
   1.582E+03   8.322E+00
   1.586E+03   8.262E+00
   1.590E+03   8.186E+00
   1.593E+03   8.122E+00
   1.597E+03   8.036E+00
   1.601E+03   7.922E+00
   1.605E+03   7.805E+00
   1.609E+03   7.715E+00
   1.612E+03   7.644E+00
   1.616E+03   7.548E+00
   1.620E+03   7.464E+00
   1.624E+03   7.358E+00
   1.628E+03   7.259E+00
   1.632E+03   7.117E+00
   1.635E+03   6.971E+00
   1.639E+03   6.841E+00
   1.643E+03   6.680E+00
   1.647E+03   6.513E+00
   1.651E+03   6.396E+00
   1.655E+03   6.207E+00
   1.658E+03   6.052E+00
   1.662E+03   5.956E+00
   1.666E+03   5.707E+00
   1.670E+03   5.543E+00
   1.674E+03   5.423E+00
   1.678E+03   5.298E+00
   1.681E+03   5.093E+00
   1.685E+03   5.066E+00
   1.689E+03   5.180E+00
   1.693E+03   5.106E+00
   1.697E+03   4.912E+00
   1.700E+03   4.782E+00
   1.704E+03   5.052E+00
   1.708E+03   4.339E+00
   1.712E+03   3.901E+00
   1.716E+03   3.506E+00
   1.720E+03   3.108E+00
   1.723E+03   2.165E+00
   1.727E+03   0.000E+00
   1.731E+03   0.000E+00
   1.735E+03   0.000E+00
   1.739E+03   0.000E+00
   1.743E+03   0.000E+00
   1.746E+03   0.000E+00
   1.750E+03   0.000E+00
   1.754E+03   0.000E+00
   1.758E+03   0.000E+00
   1.762E+03   0.000E+00
   1.766E+03   0.000E+00
   1.769E+03   0.000E+00
   1.773E+03   0.000E+00
   1.777E+03   0.000E+00
   1.781E+03   0.000E+00
   1.785E+03   0.000E+00
   1.789E+03   0.000E+00
   1.792E+03   0.000E+00
   1.796E+03   0.000E+00
   1.800E+03   0.000E+00
