   2.730E+02   1.718E+01
   2.768E+02   1.290E+01
   2.807E+02   1.233E+01
   2.845E+02   1.187E+01
   2.883E+02   1.049E+01
   2.921E+02   7.639E+00
   2.960E+02   5.738E-01
   2.998E+02   2.140E+00
   3.036E+02   3.462E+00
   3.074E+02   4.496E+00
   3.113E+02   5.387E+00
   3.151E+02   6.171E+00
   3.189E+02   6.859E+00
   3.228E+02   7.477E+00
   3.266E+02   8.068E+00
   3.304E+02   8.589E+00
   3.342E+02   9.096E+00
   3.381E+02   9.583E+00
   3.419E+02   1.003E+01
   3.457E+02   1.045E+01
   3.495E+02   1.087E+01
   3.534E+02   1.124E+01
   3.572E+02   1.160E+01
   3.610E+02   1.195E+01
   3.648E+02   1.229E+01
   3.687E+02   1.262E+01
   3.725E+02   1.295E+01
   3.763E+02   1.324E+01
   3.802E+02   1.354E+01
   3.840E+02   1.379E+01
   3.878E+02   1.408E+01
   3.916E+02   1.433E+01
   3.955E+02   1.458E+01
   3.993E+02   1.484E+01
   4.031E+02   1.506E+01
   4.069E+02   1.528E+01
   4.108E+02   1.551E+01
   4.146E+02   1.570E+01
   4.184E+02   1.590E+01
   4.223E+02   1.612E+01
   4.261E+02   1.629E+01
   4.299E+02   1.646E+01
   4.337E+02   1.666E+01
   4.376E+02   1.684E+01
   4.414E+02   1.699E+01
   4.452E+02   1.715E+01
   4.490E+02   1.732E+01
   4.529E+02   1.746E+01
   4.567E+02   1.759E+01
   4.605E+02   1.776E+01
   4.644E+02   1.788E+01
   4.682E+02   1.804E+01
   4.720E+02   1.816E+01
   4.758E+02   1.828E+01
   4.797E+02   1.840E+01
   4.835E+02   1.853E+01
   4.873E+02   1.866E+01
   4.911E+02   1.878E+01
   4.950E+02   1.889E+01
   4.988E+02   1.900E+01
   5.026E+02   1.909E+01
   5.065E+02   1.918E+01
   5.103E+02   1.928E+01
   5.141E+02   1.939E+01
   5.179E+02   1.948E+01
   5.218E+02   1.959E+01
   5.256E+02   1.966E+01
   5.294E+02   1.978E+01
   5.332E+02   1.985E+01
   5.371E+02   1.995E+01
   5.409E+02   2.000E+01
   5.447E+02   2.007E+01
   5.485E+02   2.018E+01
   5.524E+02   2.024E+01
   5.562E+02   2.029E+01
   5.600E+02   2.037E+01
   5.639E+02   2.044E+01
   5.677E+02   2.048E+01
   5.715E+02   2.055E+01
   5.753E+02   2.062E+01
   5.792E+02   2.068E+01
   5.830E+02   2.072E+01
   5.868E+02   2.077E+01
   5.906E+02   2.081E+01
   5.945E+02   2.086E+01
   5.983E+02   2.088E+01
   6.021E+02   2.092E+01
   6.060E+02   2.097E+01
   6.098E+02   2.099E+01
   6.136E+02   2.102E+01
   6.174E+02   2.108E+01
   6.213E+02   2.109E+01
   6.251E+02   2.112E+01
   6.289E+02   2.114E+01
   6.327E+02   2.119E+01
   6.366E+02   2.117E+01
   6.404E+02   2.122E+01
   6.442E+02   2.124E+01
   6.481E+02   2.124E+01
   6.519E+02   2.128E+01
   6.557E+02   2.127E+01
   6.595E+02   2.129E+01
   6.634E+02   2.131E+01
   6.672E+02   2.132E+01
   6.710E+02   2.132E+01
   6.748E+02   2.133E+01
   6.787E+02   2.132E+01
   6.825E+02   2.131E+01
   6.863E+02   2.133E+01
   6.902E+02   2.132E+01
   6.940E+02   2.132E+01
   6.978E+02   2.129E+01
   7.016E+02   2.131E+01
   7.055E+02   2.129E+01
   7.093E+02   2.128E+01
   7.131E+02   2.126E+01
   7.169E+02   2.126E+01
   7.208E+02   2.126E+01
   7.246E+02   2.121E+01
   7.284E+02   2.123E+01
   7.322E+02   2.118E+01
   7.361E+02   2.118E+01
   7.399E+02   2.116E+01
   7.437E+02   2.108E+01
   7.476E+02   2.108E+01
   7.514E+02   2.104E+01
   7.552E+02   2.103E+01
   7.590E+02   2.099E+01
   7.629E+02   2.098E+01
   7.667E+02   2.093E+01
   7.705E+02   2.092E+01
   7.743E+02   2.087E+01
   7.782E+02   2.083E+01
   7.820E+02   2.079E+01
   7.858E+02   2.074E+01
   7.897E+02   2.071E+01
   7.935E+02   2.069E+01
   7.973E+02   2.065E+01
   8.011E+02   2.057E+01
   8.050E+02   2.055E+01
   8.088E+02   2.049E+01
   8.126E+02   2.046E+01
   8.164E+02   2.042E+01
   8.203E+02   2.035E+01
   8.241E+02   2.029E+01
   8.279E+02   2.027E+01
   8.318E+02   2.020E+01
   8.356E+02   2.015E+01
   8.394E+02   2.008E+01
   8.432E+02   2.004E+01
   8.471E+02   1.998E+01
   8.509E+02   1.991E+01
   8.547E+02   1.987E+01
   8.585E+02   1.980E+01
   8.624E+02   1.974E+01
   8.662E+02   1.969E+01
   8.700E+02   1.964E+01
   8.738E+02   1.958E+01
   8.777E+02   1.950E+01
   8.815E+02   1.942E+01
   8.853E+02   1.937E+01
   8.892E+02   1.929E+01
   8.930E+02   1.923E+01
   8.968E+02   1.915E+01
   9.006E+02   1.908E+01
   9.045E+02   1.899E+01
   9.083E+02   1.891E+01
   9.121E+02   1.884E+01
   9.159E+02   1.878E+01
   9.198E+02   1.869E+01
   9.236E+02   1.862E+01
   9.274E+02   1.853E+01
   9.313E+02   1.844E+01
   9.351E+02   1.836E+01
   9.389E+02   1.828E+01
   9.427E+02   1.820E+01
   9.466E+02   1.811E+01
   9.504E+02   1.799E+01
   9.542E+02   1.792E+01
   9.580E+02   1.782E+01
   9.619E+02   1.773E+01
   9.657E+02   1.762E+01
   9.695E+02   1.752E+01
   9.734E+02   1.744E+01
   9.772E+02   1.732E+01
   9.810E+02   1.720E+01
   9.848E+02   1.711E+01
   9.887E+02   1.699E+01
   9.925E+02   1.689E+01
   9.963E+02   1.678E+01
   1.000E+03   1.666E+01
   1.004E+03   1.654E+01
   1.008E+03   1.644E+01
   1.012E+03   1.629E+01
   1.015E+03   1.619E+01
   1.019E+03   1.607E+01
   1.023E+03   1.594E+01
   1.027E+03   1.581E+01
   1.031E+03   1.569E+01
   1.035E+03   1.557E+01
   1.038E+03   1.541E+01
   1.042E+03   1.530E+01
   1.046E+03   1.512E+01
   1.050E+03   1.499E+01
   1.054E+03   1.485E+01
   1.058E+03   1.472E+01
   1.061E+03   1.457E+01
   1.065E+03   1.442E+01
   1.069E+03   1.426E+01
   1.073E+03   1.410E+01
   1.077E+03   1.396E+01
   1.081E+03   1.379E+01
   1.084E+03   1.364E+01
   1.088E+03   1.348E+01
   1.092E+03   1.331E+01
   1.096E+03   1.315E+01
   1.100E+03   1.297E+01
   1.103E+03   1.280E+01
   1.107E+03   1.261E+01
   1.111E+03   1.244E+01
   1.115E+03   1.227E+01
   1.119E+03   1.209E+01
   1.123E+03   1.191E+01
   1.126E+03   1.171E+01
   1.130E+03   1.154E+01
   1.134E+03   1.134E+01
   1.138E+03   1.114E+01
   1.142E+03   1.094E+01
   1.146E+03   1.074E+01
   1.149E+03   1.055E+01
   1.153E+03   1.035E+01
   1.157E+03   1.013E+01
   1.161E+03   9.930E+00
   1.165E+03   9.717E+00
   1.169E+03   9.508E+00
   1.172E+03   9.297E+00
   1.176E+03   9.094E+00
   1.180E+03   8.863E+00
   1.184E+03   8.648E+00
   1.188E+03   8.424E+00
   1.191E+03   8.199E+00
   1.195E+03   7.989E+00
   1.199E+03   7.762E+00
   1.203E+03   7.544E+00
   1.207E+03   7.314E+00
   1.211E+03   7.080E+00
   1.214E+03   6.874E+00
   1.218E+03   6.651E+00
   1.222E+03   6.429E+00
   1.226E+03   6.207E+00
   1.230E+03   5.979E+00
   1.234E+03   5.767E+00
   1.237E+03   5.545E+00
   1.241E+03   5.323E+00
   1.245E+03   5.104E+00
   1.249E+03   4.895E+00
   1.253E+03   4.690E+00
   1.257E+03   4.482E+00
   1.260E+03   4.276E+00
   1.264E+03   4.071E+00
   1.268E+03   3.855E+00
   1.272E+03   3.666E+00
   1.276E+03   3.477E+00
   1.280E+03   3.278E+00
   1.283E+03   3.089E+00
   1.287E+03   2.901E+00
   1.291E+03   2.724E+00
   1.295E+03   2.542E+00
   1.299E+03   2.374E+00
   1.302E+03   2.204E+00
   1.306E+03   2.046E+00
   1.310E+03   1.890E+00
   1.314E+03   1.742E+00
   1.318E+03   1.598E+00
   1.322E+03   1.458E+00
   1.325E+03   1.328E+00
   1.329E+03   1.206E+00
   1.333E+03   1.090E+00
   1.337E+03   9.795E-01
   1.341E+03   8.762E-01
   1.345E+03   7.810E-01
   1.348E+03   6.935E-01
   1.352E+03   6.088E-01
   1.356E+03   5.311E-01
   1.360E+03   4.609E-01
   1.364E+03   3.942E-01
   1.368E+03   3.354E-01
   1.371E+03   2.841E-01
   1.375E+03   2.366E-01
   1.379E+03   1.942E-01
   1.383E+03   1.562E-01
   1.387E+03   1.241E-01
   1.391E+03   9.949E-02
   1.394E+03   8.082E-02
   1.398E+03   6.621E-02
   1.402E+03   5.260E-02
   1.406E+03   4.491E-02
   1.410E+03   4.138E-02
   1.413E+03   4.094E-02
   1.417E+03   4.290E-02
   1.421E+03   5.141E-02
   1.425E+03   6.653E-02
   1.429E+03   8.463E-02
   1.433E+03   1.044E-01
   1.436E+03   1.248E-01
   1.440E+03   1.437E-01
   1.444E+03   1.608E-01
   1.448E+03   1.788E-01
   1.452E+03   1.965E-01
   1.456E+03   2.141E-01
   1.459E+03   2.318E-01
   1.463E+03   2.482E-01
   1.467E+03   2.624E-01
   1.471E+03   2.766E-01
   1.475E+03   2.887E-01
   1.479E+03   3.011E-01
   1.482E+03   3.139E-01
   1.486E+03   3.240E-01
   1.490E+03   3.339E-01
   1.494E+03   3.422E-01
   1.498E+03   3.512E-01
   1.501E+03   3.576E-01
   1.505E+03   3.653E-01
   1.509E+03   3.709E-01
   1.513E+03   3.767E-01
   1.517E+03   3.809E-01
   1.521E+03   3.839E-01
   1.524E+03   3.863E-01
   1.528E+03   3.901E-01
   1.532E+03   3.937E-01
   1.536E+03   3.947E-01
   1.540E+03   3.949E-01
   1.544E+03   3.952E-01
   1.547E+03   3.955E-01
   1.551E+03   3.963E-01
   1.555E+03   3.968E-01
   1.559E+03   3.959E-01
   1.563E+03   3.961E-01
   1.567E+03   3.954E-01
   1.570E+03   3.943E-01
   1.574E+03   3.933E-01
   1.578E+03   3.913E-01
   1.582E+03   3.888E-01
   1.586E+03   3.861E-01
   1.590E+03   3.823E-01
   1.593E+03   3.796E-01
   1.597E+03   3.765E-01
   1.601E+03   3.703E-01
   1.605E+03   3.651E-01
   1.609E+03   3.611E-01
   1.612E+03   3.565E-01
   1.616E+03   3.525E-01
   1.620E+03   3.478E-01
   1.624E+03   3.433E-01
   1.628E+03   3.382E-01
   1.632E+03   3.316E-01
   1.635E+03   3.265E-01
   1.639E+03   3.225E-01
   1.643E+03   3.180E-01
   1.647E+03   3.125E-01
   1.651E+03   3.066E-01
   1.655E+03   3.016E-01
   1.658E+03   2.971E-01
   1.662E+03   2.916E-01
   1.666E+03   2.840E-01
   1.670E+03   2.797E-01
   1.674E+03   2.737E-01
   1.678E+03   2.710E-01
   1.681E+03   2.681E-01
   1.685E+03   2.742E-01
   1.689E+03   2.820E-01
   1.693E+03   2.888E-01
   1.697E+03   2.845E-01
   1.700E+03   2.729E-01
   1.704E+03   2.682E-01
   1.708E+03   2.326E-01
   1.712E+03   2.112E-01
   1.716E+03   1.967E-01
   1.720E+03   1.955E-01
   1.723E+03   1.805E-01
   1.727E+03   0.000E+00
   1.731E+03   0.000E+00
   1.735E+03   0.000E+00
   1.739E+03   0.000E+00
   1.743E+03   0.000E+00
   1.746E+03   0.000E+00
   1.750E+03   0.000E+00
   1.754E+03   0.000E+00
   1.758E+03   0.000E+00
   1.762E+03   0.000E+00
   1.766E+03   0.000E+00
   1.769E+03   0.000E+00
   1.773E+03   0.000E+00
   1.777E+03   0.000E+00
   1.781E+03   0.000E+00
   1.785E+03   0.000E+00
   1.789E+03   0.000E+00
   1.792E+03   0.000E+00
   1.796E+03   0.000E+00
   1.800E+03   0.000E+00
