   2.730E+02   1.932E+00
   2.768E+02   1.384E+00
   2.807E+02   1.022E+00
   2.845E+02   7.409E-01
   2.883E+02   4.594E-01
   2.921E+02   2.139E-01
   2.960E+02   1.095E-03
   2.998E+02   7.279E-02
   3.036E+02   1.552E-01
   3.074E+02   2.332E-01
   3.113E+02   3.077E-01
   3.151E+02   3.782E-01
   3.189E+02   4.439E-01
   3.228E+02   5.052E-01
   3.266E+02   5.639E-01
   3.304E+02   6.166E-01
   3.342E+02   6.675E-01
   3.381E+02   7.158E-01
   3.419E+02   7.594E-01
   3.457E+02   7.997E-01
   3.495E+02   8.380E-01
   3.534E+02   8.716E-01
   3.572E+02   9.029E-01
   3.610E+02   9.310E-01
   3.648E+02   9.564E-01
   3.687E+02   9.804E-01
   3.725E+02   1.002E+00
   3.763E+02   1.020E+00
   3.802E+02   1.035E+00
   3.840E+02   1.046E+00
   3.878E+02   1.057E+00
   3.916E+02   1.064E+00
   3.955E+02   1.070E+00
   3.993E+02   1.075E+00
   4.031E+02   1.075E+00
   4.069E+02   1.073E+00
   4.108E+02   1.070E+00
   4.146E+02   1.064E+00
   4.184E+02   1.057E+00
   4.223E+02   1.049E+00
   4.261E+02   1.037E+00
   4.299E+02   1.024E+00
   4.337E+02   1.011E+00
   4.376E+02   9.966E-01
   4.414E+02   9.793E-01
   4.452E+02   9.607E-01
   4.490E+02   9.417E-01
   4.529E+02   9.205E-01
   4.567E+02   8.973E-01
   4.605E+02   8.754E-01
   4.644E+02   8.513E-01
   4.682E+02   8.269E-01
   4.720E+02   8.004E-01
   4.758E+02   7.736E-01
   4.797E+02   7.466E-01
   4.835E+02   7.180E-01
   4.873E+02   6.894E-01
   4.911E+02   6.616E-01
   4.950E+02   6.324E-01
   4.988E+02   6.026E-01
   5.026E+02   5.720E-01
   5.065E+02   5.422E-01
   5.103E+02   5.128E-01
   5.141E+02   4.838E-01
   5.179E+02   4.549E-01
   5.218E+02   4.265E-01
   5.256E+02   3.989E-01
   5.294E+02   3.730E-01
   5.332E+02   3.483E-01
   5.371E+02   3.262E-01
   5.409E+02   3.052E-01
   5.447E+02   2.881E-01
   5.485E+02   2.743E-01
   5.524E+02   2.646E-01
   5.562E+02   2.592E-01
   5.600E+02   2.596E-01
   5.639E+02   2.652E-01
   5.677E+02   2.755E-01
   5.715E+02   2.897E-01
   5.753E+02   3.079E-01
   5.792E+02   3.283E-01
   5.830E+02   3.508E-01
   5.868E+02   3.749E-01
   5.906E+02   3.993E-01
   5.945E+02   4.252E-01
   5.983E+02   4.512E-01
   6.021E+02   4.780E-01
   6.060E+02   5.044E-01
   6.098E+02   5.307E-01
   6.136E+02   5.580E-01
   6.174E+02   5.857E-01
   6.213E+02   6.117E-01
   6.251E+02   6.373E-01
   6.289E+02   6.640E-01
   6.327E+02   6.902E-01
   6.366E+02   7.133E-01
   6.404E+02   7.392E-01
   6.442E+02   7.636E-01
   6.481E+02   7.868E-01
   6.519E+02   8.100E-01
   6.557E+02   8.330E-01
   6.595E+02   8.552E-01
   6.634E+02   8.760E-01
   6.672E+02   8.977E-01
   6.710E+02   9.169E-01
   6.748E+02   9.377E-01
   6.787E+02   9.546E-01
   6.825E+02   9.732E-01
   6.863E+02   9.916E-01
   6.902E+02   1.008E+00
   6.940E+02   1.024E+00
   6.978E+02   1.038E+00
   7.016E+02   1.054E+00
   7.055E+02   1.067E+00
   7.093E+02   1.080E+00
   7.131E+02   1.093E+00
   7.169E+02   1.105E+00
   7.208E+02   1.116E+00
   7.246E+02   1.126E+00
   7.284E+02   1.137E+00
   7.322E+02   1.145E+00
   7.361E+02   1.154E+00
   7.399E+02   1.162E+00
   7.437E+02   1.167E+00
   7.476E+02   1.174E+00
   7.514E+02   1.178E+00
   7.552E+02   1.184E+00
   7.590E+02   1.188E+00
   7.629E+02   1.193E+00
   7.667E+02   1.195E+00
   7.705E+02   1.199E+00
   7.743E+02   1.200E+00
   7.782E+02   1.201E+00
   7.820E+02   1.201E+00
   7.858E+02   1.200E+00
   7.897E+02   1.201E+00
   7.935E+02   1.200E+00
   7.973E+02   1.198E+00
   8.011E+02   1.193E+00
   8.050E+02   1.193E+00
   8.088E+02   1.188E+00
   8.126E+02   1.185E+00
   8.164E+02   1.182E+00
   8.203E+02   1.175E+00
   8.241E+02   1.171E+00
   8.279E+02   1.166E+00
   8.318E+02   1.158E+00
   8.356E+02   1.151E+00
   8.394E+02   1.144E+00
   8.432E+02   1.137E+00
   8.471E+02   1.129E+00
   8.509E+02   1.121E+00
   8.547E+02   1.112E+00
   8.585E+02   1.102E+00
   8.624E+02   1.093E+00
   8.662E+02   1.083E+00
   8.700E+02   1.074E+00
   8.738E+02   1.063E+00
   8.777E+02   1.053E+00
   8.815E+02   1.041E+00
   8.853E+02   1.029E+00
   8.892E+02   1.017E+00
   8.930E+02   1.007E+00
   8.968E+02   9.934E-01
   9.006E+02   9.810E-01
   9.045E+02   9.686E-01
   9.083E+02   9.545E-01
   9.121E+02   9.421E-01
   9.159E+02   9.298E-01
   9.198E+02   9.158E-01
   9.236E+02   9.021E-01
   9.274E+02   8.883E-01
   9.313E+02   8.740E-01
   9.351E+02   8.601E-01
   9.389E+02   8.460E-01
   9.427E+02   8.313E-01
   9.466E+02   8.181E-01
   9.504E+02   8.022E-01
   9.542E+02   7.883E-01
   9.580E+02   7.733E-01
   9.619E+02   7.589E-01
   9.657E+02   7.434E-01
   9.695E+02   7.286E-01
   9.734E+02   7.148E-01
   9.772E+02   6.988E-01
   9.810E+02   6.831E-01
   9.848E+02   6.693E-01
   9.887E+02   6.534E-01
   9.925E+02   6.392E-01
   9.963E+02   6.244E-01
   1.000E+03   6.096E-01
   1.004E+03   5.946E-01
   1.008E+03   5.811E-01
   1.012E+03   5.654E-01
   1.015E+03   5.514E-01
   1.019E+03   5.368E-01
   1.023E+03   5.224E-01
   1.027E+03   5.081E-01
   1.031E+03   4.946E-01
   1.035E+03   4.807E-01
   1.038E+03   4.661E-01
   1.042E+03   4.533E-01
   1.046E+03   4.384E-01
   1.050E+03   4.249E-01
   1.054E+03   4.120E-01
   1.058E+03   3.991E-01
   1.061E+03   3.861E-01
   1.065E+03   3.733E-01
   1.069E+03   3.606E-01
   1.073E+03   3.478E-01
   1.077E+03   3.362E-01
   1.081E+03   3.239E-01
   1.084E+03   3.124E-01
   1.088E+03   3.010E-01
   1.092E+03   2.896E-01
   1.096E+03   2.785E-01
   1.100E+03   2.676E-01
   1.103E+03   2.570E-01
   1.107E+03   2.459E-01
   1.111E+03   2.356E-01
   1.115E+03   2.258E-01
   1.119E+03   2.166E-01
   1.123E+03   2.068E-01
   1.126E+03   1.974E-01
   1.130E+03   1.887E-01
   1.134E+03   1.794E-01
   1.138E+03   1.710E-01
   1.142E+03   1.625E-01
   1.146E+03   1.544E-01
   1.149E+03   1.467E-01
   1.153E+03   1.393E-01
   1.157E+03   1.316E-01
   1.161E+03   1.245E-01
   1.165E+03   1.175E-01
   1.169E+03   1.109E-01
   1.172E+03   1.046E-01
   1.176E+03   9.858E-02
   1.180E+03   9.266E-02
   1.184E+03   8.702E-02
   1.188E+03   8.138E-02
   1.191E+03   7.621E-02
   1.195E+03   7.135E-02
   1.199E+03   6.669E-02
   1.203E+03   6.223E-02
   1.207E+03   5.788E-02
   1.211E+03   5.373E-02
   1.214E+03   5.005E-02
   1.218E+03   4.645E-02
   1.222E+03   4.299E-02
   1.226E+03   3.985E-02
   1.230E+03   3.683E-02
   1.234E+03   3.398E-02
   1.237E+03   3.140E-02
   1.241E+03   2.895E-02
   1.245E+03   2.667E-02
   1.249E+03   2.459E-02
   1.253E+03   2.267E-02
   1.257E+03   2.088E-02
   1.260E+03   1.918E-02
   1.264E+03   1.760E-02
   1.268E+03   1.619E-02
   1.272E+03   1.493E-02
   1.276E+03   1.378E-02
   1.280E+03   1.266E-02
   1.283E+03   1.167E-02
   1.287E+03   1.079E-02
   1.291E+03   9.958E-03
   1.295E+03   9.220E-03
   1.299E+03   8.542E-03
   1.302E+03   7.895E-03
   1.306E+03   7.335E-03
   1.310E+03   6.814E-03
   1.314E+03   6.355E-03
   1.318E+03   5.915E-03
   1.322E+03   5.501E-03
   1.325E+03   5.118E-03
   1.329E+03   4.765E-03
   1.333E+03   4.435E-03
   1.337E+03   4.120E-03
   1.341E+03   3.823E-03
   1.345E+03   3.542E-03
   1.348E+03   3.274E-03
   1.352E+03   3.001E-03
   1.356E+03   2.739E-03
   1.360E+03   2.490E-03
   1.364E+03   2.235E-03
   1.368E+03   1.999E-03
   1.371E+03   1.779E-03
   1.375E+03   1.559E-03
   1.379E+03   1.346E-03
   1.383E+03   1.140E-03
   1.387E+03   9.557E-04
   1.391E+03   8.066E-04
   1.394E+03   6.877E-04
   1.398E+03   5.894E-04
   1.402E+03   4.883E-04
   1.406E+03   4.321E-04
   1.410E+03   4.085E-04
   1.413E+03   4.109E-04
   1.417E+03   4.343E-04
   1.421E+03   5.212E-04
   1.425E+03   6.712E-04
   1.429E+03   8.543E-04
   1.433E+03   1.054E-03
   1.436E+03   1.259E-03
   1.440E+03   1.453E-03
   1.444E+03   1.629E-03
   1.448E+03   1.817E-03
   1.452E+03   2.002E-03
   1.456E+03   2.197E-03
   1.459E+03   2.391E-03
   1.463E+03   2.579E-03
   1.467E+03   2.753E-03
   1.471E+03   2.921E-03
   1.475E+03   3.091E-03
   1.479E+03   3.254E-03
   1.482E+03   3.425E-03
   1.486E+03   3.579E-03
   1.490E+03   3.723E-03
   1.494E+03   3.872E-03
   1.498E+03   4.013E-03
   1.501E+03   4.142E-03
   1.505E+03   4.282E-03
   1.509E+03   4.414E-03
   1.513E+03   4.544E-03
   1.517E+03   4.662E-03
   1.521E+03   4.772E-03
   1.524E+03   4.873E-03
   1.528E+03   4.996E-03
   1.532E+03   5.117E-03
   1.536E+03   5.215E-03
   1.540E+03   5.298E-03
   1.544E+03   5.379E-03
   1.547E+03   5.454E-03
   1.551E+03   5.541E-03
   1.555E+03   5.619E-03
   1.559E+03   5.687E-03
   1.563E+03   5.760E-03
   1.567E+03   5.823E-03
   1.570E+03   5.871E-03
   1.574E+03   5.907E-03
   1.578E+03   5.935E-03
   1.582E+03   5.946E-03
   1.586E+03   5.939E-03
   1.590E+03   5.928E-03
   1.593E+03   5.925E-03
   1.597E+03   5.909E-03
   1.601E+03   5.856E-03
   1.605E+03   5.814E-03
   1.609E+03   5.776E-03
   1.612E+03   5.736E-03
   1.616E+03   5.693E-03
   1.620E+03   5.634E-03
   1.624E+03   5.575E-03
   1.628E+03   5.502E-03
   1.632E+03   5.419E-03
   1.635E+03   5.315E-03
   1.639E+03   5.229E-03
   1.643E+03   5.130E-03
   1.647E+03   5.041E-03
   1.651E+03   4.940E-03
   1.655E+03   4.848E-03
   1.658E+03   4.749E-03
   1.662E+03   4.660E-03
   1.666E+03   4.585E-03
   1.670E+03   4.451E-03
   1.674E+03   4.323E-03
   1.678E+03   4.214E-03
   1.681E+03   4.062E-03
   1.685E+03   3.984E-03
   1.689E+03   3.967E-03
   1.693E+03   3.999E-03
   1.697E+03   3.860E-03
   1.700E+03   3.693E-03
   1.704E+03   3.601E-03
   1.708E+03   3.158E-03
   1.712E+03   2.777E-03
   1.716E+03   2.502E-03
   1.720E+03   2.369E-03
   1.723E+03   2.155E-03
   1.727E+03   0.000E+00
   1.731E+03   0.000E+00
   1.735E+03   0.000E+00
   1.739E+03   0.000E+00
   1.743E+03   0.000E+00
   1.746E+03   0.000E+00
   1.750E+03   0.000E+00
   1.754E+03   0.000E+00
   1.758E+03   0.000E+00
   1.762E+03   0.000E+00
   1.766E+03   0.000E+00
   1.769E+03   0.000E+00
   1.773E+03   0.000E+00
   1.777E+03   0.000E+00
   1.781E+03   0.000E+00
   1.785E+03   0.000E+00
   1.789E+03   0.000E+00
   1.792E+03   0.000E+00
   1.796E+03   0.000E+00
   1.800E+03   0.000E+00
