   2.730E+02   3.717E-03
   2.768E+02   2.389E-03
   2.807E+02   1.615E-03
   2.845E+02   1.104E-03
   2.883E+02   6.535E-04
   2.921E+02   2.964E-04
   2.960E+02   5.244E-07
   2.998E+02   2.973E-05
   3.036E+02   8.628E-05
   3.074E+02   1.714E-04
   3.113E+02   2.888E-04
   3.151E+02   4.487E-04
   3.189E+02   6.413E-04
   3.228E+02   8.750E-04
   3.266E+02   1.173E-03
   3.304E+02   1.499E-03
   3.342E+02   1.892E-03
   3.381E+02   2.359E-03
   3.419E+02   2.874E-03
   3.457E+02   3.449E-03
   3.495E+02   4.094E-03
   3.534E+02   4.824E-03
   3.572E+02   5.639E-03
   3.610E+02   6.507E-03
   3.648E+02   7.467E-03
   3.687E+02   8.549E-03
   3.725E+02   9.716E-03
   3.763E+02   1.095E-02
   3.802E+02   1.237E-02
   3.840E+02   1.377E-02
   3.878E+02   1.538E-02
   3.916E+02   1.703E-02
   3.955E+02   1.875E-02
   3.993E+02   2.077E-02
   4.031E+02   2.274E-02
   4.069E+02   2.484E-02
   4.108E+02   2.712E-02
   4.146E+02   2.944E-02
   4.184E+02   3.183E-02
   4.223E+02   3.463E-02
   4.261E+02   3.720E-02
   4.299E+02   4.006E-02
   4.337E+02   4.313E-02
   4.376E+02   4.627E-02
   4.414E+02   4.957E-02
   4.452E+02   5.288E-02
   4.490E+02   5.647E-02
   4.529E+02   5.993E-02
   4.567E+02   6.365E-02
   4.605E+02   6.789E-02
   4.644E+02   7.188E-02
   4.682E+02   7.618E-02
   4.720E+02   8.038E-02
   4.758E+02   8.481E-02
   4.797E+02   8.947E-02
   4.835E+02   9.420E-02
   4.873E+02   9.906E-02
   4.911E+02   1.043E-01
   4.950E+02   1.097E-01
   4.988E+02   1.148E-01
   5.026E+02   1.199E-01
   5.065E+02   1.255E-01
   5.103E+02   1.310E-01
   5.141E+02   1.372E-01
   5.179E+02   1.430E-01
   5.218E+02   1.495E-01
   5.256E+02   1.556E-01
   5.294E+02   1.619E-01
   5.332E+02   1.683E-01
   5.371E+02   1.751E-01
   5.409E+02   1.814E-01
   5.447E+02   1.879E-01
   5.485E+02   1.958E-01
   5.524E+02   2.023E-01
   5.562E+02   2.094E-01
   5.600E+02   2.170E-01
   5.639E+02   2.242E-01
   5.677E+02   2.313E-01
   5.715E+02   2.389E-01
   5.753E+02   2.468E-01
   5.792E+02   2.545E-01
   5.830E+02   2.624E-01
   5.868E+02   2.703E-01
   5.906E+02   2.779E-01
   5.945E+02   2.860E-01
   5.983E+02   2.937E-01
   6.021E+02   3.022E-01
   6.060E+02   3.104E-01
   6.098E+02   3.182E-01
   6.136E+02   3.263E-01
   6.174E+02   3.360E-01
   6.213E+02   3.436E-01
   6.251E+02   3.519E-01
   6.289E+02   3.602E-01
   6.327E+02   3.696E-01
   6.366E+02   3.766E-01
   6.404E+02   3.867E-01
   6.442E+02   3.949E-01
   6.481E+02   4.034E-01
   6.519E+02   4.122E-01
   6.557E+02   4.211E-01
   6.595E+02   4.301E-01
   6.634E+02   4.387E-01
   6.672E+02   4.476E-01
   6.710E+02   4.559E-01
   6.748E+02   4.652E-01
   6.787E+02   4.731E-01
   6.825E+02   4.818E-01
   6.863E+02   4.912E-01
   6.902E+02   4.990E-01
   6.940E+02   5.079E-01
   6.978E+02   5.156E-01
   7.016E+02   5.249E-01
   7.055E+02   5.334E-01
   7.093E+02   5.420E-01
   7.131E+02   5.498E-01
   7.169E+02   5.593E-01
   7.208E+02   5.676E-01
   7.246E+02   5.748E-01
   7.284E+02   5.849E-01
   7.322E+02   5.918E-01
   7.361E+02   6.003E-01
   7.399E+02   6.085E-01
   7.437E+02   6.145E-01
   7.476E+02   6.233E-01
   7.514E+02   6.305E-01
   7.552E+02   6.390E-01
   7.590E+02   6.465E-01
   7.629E+02   6.552E-01
   7.667E+02   6.616E-01
   7.705E+02   6.703E-01
   7.743E+02   6.767E-01
   7.782E+02   6.844E-01
   7.820E+02   6.912E-01
   7.858E+02   6.976E-01
   7.897E+02   7.054E-01
   7.935E+02   7.130E-01
   7.973E+02   7.200E-01
   8.011E+02   7.251E-01
   8.050E+02   7.326E-01
   8.088E+02   7.386E-01
   8.126E+02   7.462E-01
   8.164E+02   7.522E-01
   8.203E+02   7.570E-01
   8.241E+02   7.636E-01
   8.279E+02   7.712E-01
   8.318E+02   7.753E-01
   8.356E+02   7.816E-01
   8.394E+02   7.865E-01
   8.432E+02   7.926E-01
   8.471E+02   7.976E-01
   8.509E+02   8.029E-01
   8.547E+02   8.081E-01
   8.585E+02   8.128E-01
   8.624E+02   8.181E-01
   8.662E+02   8.227E-01
   8.700E+02   8.288E-01
   8.738E+02   8.327E-01
   8.777E+02   8.367E-01
   8.815E+02   8.400E-01
   8.853E+02   8.449E-01
   8.892E+02   8.484E-01
   8.930E+02   8.532E-01
   8.968E+02   8.555E-01
   9.006E+02   8.589E-01
   9.045E+02   8.615E-01
   9.083E+02   8.640E-01
   9.121E+02   8.678E-01
   9.159E+02   8.710E-01
   9.198E+02   8.731E-01
   9.236E+02   8.759E-01
   9.274E+02   8.780E-01
   9.313E+02   8.794E-01
   9.351E+02   8.814E-01
   9.389E+02   8.829E-01
   9.427E+02   8.844E-01
   9.466E+02   8.867E-01
   9.504E+02   8.862E-01
   9.542E+02   8.879E-01
   9.580E+02   8.883E-01
   9.619E+02   8.883E-01
   9.657E+02   8.885E-01
   9.695E+02   8.878E-01
   9.734E+02   8.892E-01
   9.772E+02   8.872E-01
   9.810E+02   8.852E-01
   9.848E+02   8.854E-01
   9.887E+02   8.834E-01
   9.925E+02   8.823E-01
   9.963E+02   8.807E-01
   1.000E+03   8.785E-01
   1.004E+03   8.758E-01
   1.008E+03   8.746E-01
   1.012E+03   8.699E-01
   1.015E+03   8.682E-01
   1.019E+03   8.650E-01
   1.023E+03   8.612E-01
   1.027E+03   8.571E-01
   1.031E+03   8.536E-01
   1.035E+03   8.497E-01
   1.038E+03   8.441E-01
   1.042E+03   8.396E-01
   1.046E+03   8.323E-01
   1.050E+03   8.274E-01
   1.054E+03   8.214E-01
   1.058E+03   8.165E-01
   1.061E+03   8.101E-01
   1.065E+03   8.039E-01
   1.069E+03   7.954E-01
   1.073E+03   7.878E-01
   1.077E+03   7.811E-01
   1.081E+03   7.726E-01
   1.084E+03   7.662E-01
   1.088E+03   7.576E-01
   1.092E+03   7.491E-01
   1.096E+03   7.404E-01
   1.100E+03   7.307E-01
   1.103E+03   7.214E-01
   1.107E+03   7.104E-01
   1.111E+03   7.004E-01
   1.115E+03   6.907E-01
   1.119E+03   6.807E-01
   1.123E+03   6.699E-01
   1.126E+03   6.582E-01
   1.130E+03   6.478E-01
   1.134E+03   6.356E-01
   1.138E+03   6.235E-01
   1.142E+03   6.114E-01
   1.146E+03   5.989E-01
   1.149E+03   5.874E-01
   1.153E+03   5.747E-01
   1.157E+03   5.613E-01
   1.161E+03   5.484E-01
   1.165E+03   5.349E-01
   1.169E+03   5.220E-01
   1.172E+03   5.088E-01
   1.176E+03   4.959E-01
   1.180E+03   4.816E-01
   1.184E+03   4.682E-01
   1.188E+03   4.539E-01
   1.191E+03   4.397E-01
   1.195E+03   4.268E-01
   1.199E+03   4.127E-01
   1.203E+03   3.987E-01
   1.207E+03   3.849E-01
   1.211E+03   3.706E-01
   1.214E+03   3.584E-01
   1.218E+03   3.448E-01
   1.222E+03   3.316E-01
   1.226E+03   3.186E-01
   1.230E+03   3.049E-01
   1.234E+03   2.931E-01
   1.237E+03   2.800E-01
   1.241E+03   2.675E-01
   1.245E+03   2.552E-01
   1.249E+03   2.436E-01
   1.253E+03   2.323E-01
   1.257E+03   2.211E-01
   1.260E+03   2.100E-01
   1.264E+03   1.994E-01
   1.268E+03   1.880E-01
   1.272E+03   1.782E-01
   1.276E+03   1.687E-01
   1.280E+03   1.587E-01
   1.283E+03   1.494E-01
   1.287E+03   1.404E-01
   1.291E+03   1.319E-01
   1.295E+03   1.233E-01
   1.299E+03   1.153E-01
   1.302E+03   1.075E-01
   1.306E+03   1.002E-01
   1.310E+03   9.313E-02
   1.314E+03   8.653E-02
   1.318E+03   7.992E-02
   1.322E+03   7.368E-02
   1.325E+03   6.791E-02
   1.329E+03   6.250E-02
   1.333E+03   5.737E-02
   1.337E+03   5.234E-02
   1.341E+03   4.774E-02
   1.345E+03   4.342E-02
   1.348E+03   3.938E-02
   1.352E+03   3.541E-02
   1.356E+03   3.174E-02
   1.360E+03   2.829E-02
   1.364E+03   2.492E-02
   1.368E+03   2.188E-02
   1.371E+03   1.914E-02
   1.375E+03   1.649E-02
   1.379E+03   1.404E-02
   1.383E+03   1.172E-02
   1.387E+03   9.674E-03
   1.391E+03   8.064E-03
   1.394E+03   6.819E-03
   1.398E+03   5.814E-03
   1.402E+03   4.816E-03
   1.406E+03   4.292E-03
   1.410E+03   4.125E-03
   1.413E+03   4.259E-03
   1.417E+03   4.653E-03
   1.421E+03   5.825E-03
   1.425E+03   7.861E-03
   1.429E+03   1.045E-02
   1.433E+03   1.347E-02
   1.436E+03   1.680E-02
   1.440E+03   2.018E-02
   1.444E+03   2.353E-02
   1.448E+03   2.728E-02
   1.452E+03   3.124E-02
   1.456E+03   3.547E-02
   1.459E+03   3.998E-02
   1.463E+03   4.456E-02
   1.467E+03   4.902E-02
   1.471E+03   5.365E-02
   1.475E+03   5.830E-02
   1.479E+03   6.306E-02
   1.482E+03   6.811E-02
   1.486E+03   7.285E-02
   1.490E+03   7.770E-02
   1.494E+03   8.251E-02
   1.498E+03   8.753E-02
   1.501E+03   9.219E-02
   1.505E+03   9.725E-02
   1.509E+03   1.019E-01
   1.513E+03   1.067E-01
   1.517E+03   1.112E-01
   1.521E+03   1.154E-01
   1.524E+03   1.195E-01
   1.528E+03   1.240E-01
   1.532E+03   1.285E-01
   1.536E+03   1.322E-01
   1.540E+03   1.355E-01
   1.544E+03   1.388E-01
   1.547E+03   1.421E-01
   1.551E+03   1.455E-01
   1.555E+03   1.488E-01
   1.559E+03   1.515E-01
   1.563E+03   1.544E-01
   1.567E+03   1.569E-01
   1.570E+03   1.590E-01
   1.574E+03   1.610E-01
   1.578E+03   1.627E-01
   1.582E+03   1.644E-01
   1.586E+03   1.655E-01
   1.590E+03   1.659E-01
   1.593E+03   1.667E-01
   1.597E+03   1.672E-01
   1.601E+03   1.660E-01
   1.605E+03   1.650E-01
   1.609E+03   1.643E-01
   1.612E+03   1.634E-01
   1.616E+03   1.624E-01
   1.620E+03   1.608E-01
   1.624E+03   1.591E-01
   1.628E+03   1.570E-01
   1.632E+03   1.542E-01
   1.635E+03   1.518E-01
   1.639E+03   1.500E-01
   1.643E+03   1.475E-01
   1.647E+03   1.448E-01
   1.651E+03   1.421E-01
   1.655E+03   1.397E-01
   1.658E+03   1.373E-01
   1.662E+03   1.345E-01
   1.666E+03   1.305E-01
   1.670E+03   1.277E-01
   1.674E+03   1.241E-01
   1.678E+03   1.221E-01
   1.681E+03   1.197E-01
   1.685E+03   1.224E-01
   1.689E+03   1.258E-01
   1.693E+03   1.280E-01
   1.697E+03   1.241E-01
   1.700E+03   1.180E-01
   1.704E+03   1.159E-01
   1.708E+03   9.850E-02
   1.712E+03   8.736E-02
   1.716E+03   7.992E-02
   1.720E+03   7.828E-02
   1.723E+03   6.937E-02
   1.727E+03   0.000E+00
   1.731E+03   0.000E+00
   1.735E+03   0.000E+00
   1.739E+03   0.000E+00
   1.743E+03   0.000E+00
   1.746E+03   0.000E+00
   1.750E+03   0.000E+00
   1.754E+03   0.000E+00
   1.758E+03   0.000E+00
   1.762E+03   0.000E+00
   1.766E+03   0.000E+00
   1.769E+03   0.000E+00
   1.773E+03   0.000E+00
   1.777E+03   0.000E+00
   1.781E+03   0.000E+00
   1.785E+03   0.000E+00
   1.789E+03   0.000E+00
   1.792E+03   0.000E+00
   1.796E+03   0.000E+00
   1.800E+03   0.000E+00
