   2.730E+02   3.266E+00
   2.768E+02   2.482E+00
   2.807E+02   1.959E+00
   2.845E+02   1.501E+00
   2.883E+02   9.786E-01
   2.921E+02   4.860E-01
   2.960E+02   1.465E-03
   2.998E+02   8.948E-02
   3.036E+02   2.050E-01
   3.074E+02   3.249E-01
   3.113E+02   4.469E-01
   3.151E+02   5.694E-01
   3.189E+02   6.890E-01
   3.228E+02   8.053E-01
   3.266E+02   9.220E-01
   3.304E+02   1.031E+00
   3.342E+02   1.141E+00
   3.381E+02   1.250E+00
   3.419E+02   1.351E+00
   3.457E+02   1.450E+00
   3.495E+02   1.547E+00
   3.534E+02   1.638E+00
   3.572E+02   1.726E+00
   3.610E+02   1.810E+00
   3.648E+02   1.891E+00
   3.687E+02   1.972E+00
   3.725E+02   2.047E+00
   3.763E+02   2.115E+00
   3.802E+02   2.183E+00
   3.840E+02   2.237E+00
   3.878E+02   2.297E+00
   3.916E+02   2.348E+00
   3.955E+02   2.394E+00
   3.993E+02   2.441E+00
   4.031E+02   2.478E+00
   4.069E+02   2.511E+00
   4.108E+02   2.539E+00
   4.146E+02   2.561E+00
   4.184E+02   2.579E+00
   4.223E+02   2.598E+00
   4.261E+02   2.605E+00
   4.299E+02   2.608E+00
   4.337E+02   2.612E+00
   4.376E+02   2.610E+00
   4.414E+02   2.600E+00
   4.452E+02   2.588E+00
   4.490E+02   2.571E+00
   4.529E+02   2.551E+00
   4.567E+02   2.523E+00
   4.605E+02   2.496E+00
   4.644E+02   2.463E+00
   4.682E+02   2.426E+00
   4.720E+02   2.387E+00
   4.758E+02   2.342E+00
   4.797E+02   2.294E+00
   4.835E+02   2.242E+00
   4.873E+02   2.191E+00
   4.911E+02   2.133E+00
   4.950E+02   2.073E+00
   4.988E+02   2.012E+00
   5.026E+02   1.946E+00
   5.065E+02   1.878E+00
   5.103E+02   1.810E+00
   5.141E+02   1.740E+00
   5.179E+02   1.666E+00
   5.218E+02   1.593E+00
   5.256E+02   1.520E+00
   5.294E+02   1.449E+00
   5.332E+02   1.375E+00
   5.371E+02   1.302E+00
   5.409E+02   1.231E+00
   5.447E+02   1.162E+00
   5.485E+02   1.094E+00
   5.524E+02   1.031E+00
   5.562E+02   9.717E-01
   5.600E+02   9.148E-01
   5.639E+02   8.662E-01
   5.677E+02   8.194E-01
   5.715E+02   7.826E-01
   5.753E+02   7.510E-01
   5.792E+02   7.249E-01
   5.830E+02   7.086E-01
   5.868E+02   6.973E-01
   5.906E+02   6.922E-01
   5.945E+02   6.945E-01
   5.983E+02   7.025E-01
   6.021E+02   7.181E-01
   6.060E+02   7.370E-01
   6.098E+02   7.606E-01
   6.136E+02   7.897E-01
   6.174E+02   8.248E-01
   6.213E+02   8.605E-01
   6.251E+02   8.993E-01
   6.289E+02   9.418E-01
   6.327E+02   9.865E-01
   6.366E+02   1.029E+00
   6.404E+02   1.078E+00
   6.442E+02   1.124E+00
   6.481E+02   1.171E+00
   6.519E+02   1.219E+00
   6.557E+02   1.264E+00
   6.595E+02   1.311E+00
   6.634E+02   1.356E+00
   6.672E+02   1.399E+00
   6.710E+02   1.441E+00
   6.748E+02   1.484E+00
   6.787E+02   1.521E+00
   6.825E+02   1.558E+00
   6.863E+02   1.596E+00
   6.902E+02   1.628E+00
   6.940E+02   1.661E+00
   6.978E+02   1.689E+00
   7.016E+02   1.719E+00
   7.055E+02   1.745E+00
   7.093E+02   1.770E+00
   7.131E+02   1.793E+00
   7.169E+02   1.815E+00
   7.208E+02   1.835E+00
   7.246E+02   1.850E+00
   7.284E+02   1.869E+00
   7.322E+02   1.880E+00
   7.361E+02   1.894E+00
   7.399E+02   1.905E+00
   7.437E+02   1.910E+00
   7.476E+02   1.920E+00
   7.514E+02   1.925E+00
   7.552E+02   1.932E+00
   7.590E+02   1.934E+00
   7.629E+02   1.937E+00
   7.667E+02   1.937E+00
   7.705E+02   1.939E+00
   7.743E+02   1.936E+00
   7.782E+02   1.934E+00
   7.820E+02   1.930E+00
   7.858E+02   1.924E+00
   7.897E+02   1.920E+00
   7.935E+02   1.915E+00
   7.973E+02   1.907E+00
   8.011E+02   1.896E+00
   8.050E+02   1.889E+00
   8.088E+02   1.878E+00
   8.126E+02   1.869E+00
   8.164E+02   1.858E+00
   8.203E+02   1.844E+00
   8.241E+02   1.833E+00
   8.279E+02   1.822E+00
   8.318E+02   1.806E+00
   8.356E+02   1.793E+00
   8.394E+02   1.778E+00
   8.432E+02   1.764E+00
   8.471E+02   1.749E+00
   8.509E+02   1.733E+00
   8.547E+02   1.718E+00
   8.585E+02   1.701E+00
   8.624E+02   1.685E+00
   8.662E+02   1.668E+00
   8.700E+02   1.653E+00
   8.738E+02   1.636E+00
   8.777E+02   1.618E+00
   8.815E+02   1.600E+00
   8.853E+02   1.583E+00
   8.892E+02   1.565E+00
   8.930E+02   1.549E+00
   8.968E+02   1.529E+00
   9.006E+02   1.511E+00
   9.045E+02   1.492E+00
   9.083E+02   1.474E+00
   9.121E+02   1.456E+00
   9.159E+02   1.439E+00
   9.198E+02   1.420E+00
   9.236E+02   1.403E+00
   9.274E+02   1.384E+00
   9.313E+02   1.365E+00
   9.351E+02   1.347E+00
   9.389E+02   1.330E+00
   9.427E+02   1.311E+00
   9.466E+02   1.294E+00
   9.504E+02   1.274E+00
   9.542E+02   1.258E+00
   9.580E+02   1.240E+00
   9.619E+02   1.222E+00
   9.657E+02   1.204E+00
   9.695E+02   1.186E+00
   9.734E+02   1.170E+00
   9.772E+02   1.151E+00
   9.810E+02   1.133E+00
   9.848E+02   1.117E+00
   9.887E+02   1.099E+00
   9.925E+02   1.082E+00
   9.963E+02   1.066E+00
   1.000E+03   1.049E+00
   1.004E+03   1.032E+00
   1.008E+03   1.017E+00
   1.012E+03   9.990E-01
   1.015E+03   9.835E-01
   1.019E+03   9.677E-01
   1.023E+03   9.516E-01
   1.027E+03   9.359E-01
   1.031E+03   9.207E-01
   1.035E+03   9.056E-01
   1.038E+03   8.891E-01
   1.042E+03   8.751E-01
   1.046E+03   8.580E-01
   1.050E+03   8.431E-01
   1.054E+03   8.287E-01
   1.058E+03   8.142E-01
   1.061E+03   7.997E-01
   1.065E+03   7.851E-01
   1.069E+03   7.707E-01
   1.073E+03   7.559E-01
   1.077E+03   7.427E-01
   1.081E+03   7.282E-01
   1.084E+03   7.151E-01
   1.088E+03   7.017E-01
   1.092E+03   6.884E-01
   1.096E+03   6.750E-01
   1.100E+03   6.616E-01
   1.103E+03   6.485E-01
   1.107E+03   6.347E-01
   1.111E+03   6.220E-01
   1.115E+03   6.094E-01
   1.119E+03   5.975E-01
   1.123E+03   5.847E-01
   1.126E+03   5.721E-01
   1.130E+03   5.603E-01
   1.134E+03   5.476E-01
   1.138E+03   5.357E-01
   1.142E+03   5.235E-01
   1.146E+03   5.115E-01
   1.149E+03   5.003E-01
   1.153E+03   4.889E-01
   1.157E+03   4.767E-01
   1.161E+03   4.653E-01
   1.165E+03   4.538E-01
   1.169E+03   4.426E-01
   1.172E+03   4.318E-01
   1.176E+03   4.207E-01
   1.180E+03   4.095E-01
   1.184E+03   3.987E-01
   1.188E+03   3.876E-01
   1.191E+03   3.770E-01
   1.195E+03   3.667E-01
   1.199E+03   3.562E-01
   1.203E+03   3.460E-01
   1.207E+03   3.355E-01
   1.211E+03   3.251E-01
   1.214E+03   3.155E-01
   1.218E+03   3.056E-01
   1.222E+03   2.956E-01
   1.226E+03   2.859E-01
   1.230E+03   2.763E-01
   1.234E+03   2.667E-01
   1.237E+03   2.574E-01
   1.241E+03   2.480E-01
   1.245E+03   2.388E-01
   1.249E+03   2.300E-01
   1.253E+03   2.213E-01
   1.257E+03   2.126E-01
   1.260E+03   2.038E-01
   1.264E+03   1.951E-01
   1.268E+03   1.862E-01
   1.272E+03   1.782E-01
   1.276E+03   1.701E-01
   1.280E+03   1.617E-01
   1.283E+03   1.537E-01
   1.287E+03   1.457E-01
   1.291E+03   1.380E-01
   1.295E+03   1.303E-01
   1.299E+03   1.228E-01
   1.302E+03   1.152E-01
   1.306E+03   1.081E-01
   1.310E+03   1.011E-01
   1.314E+03   9.436E-02
   1.318E+03   8.768E-02
   1.322E+03   8.115E-02
   1.325E+03   7.495E-02
   1.329E+03   6.900E-02
   1.333E+03   6.332E-02
   1.337E+03   5.784E-02
   1.341E+03   5.259E-02
   1.345E+03   4.767E-02
   1.348E+03   4.302E-02
   1.352E+03   3.845E-02
   1.356E+03   3.417E-02
   1.360E+03   3.018E-02
   1.364E+03   2.630E-02
   1.368E+03   2.282E-02
   1.371E+03   1.970E-02
   1.375E+03   1.672E-02
   1.379E+03   1.400E-02
   1.383E+03   1.149E-02
   1.387E+03   9.320E-03
   1.391E+03   7.622E-03
   1.394E+03   6.307E-03
   1.398E+03   5.259E-03
   1.402E+03   4.247E-03
   1.406E+03   3.676E-03
   1.410E+03   3.419E-03
   1.413E+03   3.401E-03
   1.417E+03   3.570E-03
   1.421E+03   4.274E-03
   1.425E+03   5.503E-03
   1.429E+03   6.984E-03
   1.433E+03   8.586E-03
   1.436E+03   1.021E-02
   1.440E+03   1.172E-02
   1.444E+03   1.304E-02
   1.448E+03   1.444E-02
   1.452E+03   1.578E-02
   1.456E+03   1.713E-02
   1.459E+03   1.845E-02
   1.463E+03   1.966E-02
   1.467E+03   2.070E-02
   1.471E+03   2.167E-02
   1.475E+03   2.256E-02
   1.479E+03   2.339E-02
   1.482E+03   2.423E-02
   1.486E+03   2.489E-02
   1.490E+03   2.545E-02
   1.494E+03   2.597E-02
   1.498E+03   2.643E-02
   1.501E+03   2.675E-02
   1.505E+03   2.710E-02
   1.509E+03   2.733E-02
   1.513E+03   2.753E-02
   1.517E+03   2.761E-02
   1.521E+03   2.763E-02
   1.524E+03   2.758E-02
   1.528E+03   2.764E-02
   1.532E+03   2.766E-02
   1.536E+03   2.755E-02
   1.540E+03   2.736E-02
   1.544E+03   2.717E-02
   1.547E+03   2.695E-02
   1.551E+03   2.675E-02
   1.555E+03   2.652E-02
   1.559E+03   2.624E-02
   1.563E+03   2.600E-02
   1.567E+03   2.570E-02
   1.570E+03   2.535E-02
   1.574E+03   2.499E-02
   1.578E+03   2.458E-02
   1.582E+03   2.415E-02
   1.586E+03   2.365E-02
   1.590E+03   2.314E-02
   1.593E+03   2.266E-02
   1.597E+03   2.214E-02
   1.601E+03   2.151E-02
   1.605E+03   2.098E-02
   1.609E+03   2.046E-02
   1.612E+03   1.994E-02
   1.616E+03   1.943E-02
   1.620E+03   1.889E-02
   1.624E+03   1.839E-02
   1.628E+03   1.786E-02
   1.632E+03   1.734E-02
   1.635E+03   1.674E-02
   1.639E+03   1.622E-02
   1.643E+03   1.569E-02
   1.647E+03   1.525E-02
   1.651E+03   1.476E-02
   1.655E+03   1.435E-02
   1.658E+03   1.387E-02
   1.662E+03   1.349E-02
   1.666E+03   1.318E-02
   1.670E+03   1.263E-02
   1.674E+03   1.216E-02
   1.678E+03   1.175E-02
   1.681E+03   1.117E-02
   1.685E+03   1.077E-02
   1.689E+03   1.058E-02
   1.693E+03   1.055E-02
   1.697E+03   1.003E-02
   1.700E+03   9.512E-03
   1.704E+03   9.315E-03
   1.708E+03   8.274E-03
   1.712E+03   7.211E-03
   1.716E+03   6.420E-03
   1.720E+03   5.888E-03
   1.723E+03   5.247E-03
   1.727E+03   0.000E+00
   1.731E+03   0.000E+00
   1.735E+03   0.000E+00
   1.739E+03   0.000E+00
   1.743E+03   0.000E+00
   1.746E+03   0.000E+00
   1.750E+03   0.000E+00
   1.754E+03   0.000E+00
   1.758E+03   0.000E+00
   1.762E+03   0.000E+00
   1.766E+03   0.000E+00
   1.769E+03   0.000E+00
   1.773E+03   0.000E+00
   1.777E+03   0.000E+00
   1.781E+03   0.000E+00
   1.785E+03   0.000E+00
   1.789E+03   0.000E+00
   1.792E+03   0.000E+00
   1.796E+03   0.000E+00
   1.800E+03   0.000E+00
