   2.730E+02   4.059E+05
   2.768E+02   3.098E+05
   2.807E+02   2.752E+05
   2.845E+02   2.490E+05
   2.883E+02   2.160E+05
   2.921E+02   1.466E+05
   2.960E+02   1.433E+04
   2.998E+02   7.601E+04
   3.036E+02   1.493E+05
   3.074E+02   2.163E+05
   3.113E+02   2.802E+05
   3.151E+02   3.413E+05
   3.189E+02   3.993E+05
   3.228E+02   4.552E+05
   3.266E+02   5.102E+05
   3.304E+02   5.621E+05
   3.342E+02   6.142E+05
   3.381E+02   6.658E+05
   3.419E+02   7.156E+05
   3.457E+02   7.641E+05
   3.495E+02   8.127E+05
   3.534E+02   8.596E+05
   3.572E+02   9.055E+05
   3.610E+02   9.512E+05
   3.648E+02   9.963E+05
   3.687E+02   1.042E+06
   3.725E+02   1.087E+06
   3.763E+02   1.130E+06
   3.802E+02   1.174E+06
   3.840E+02   1.214E+06
   3.878E+02   1.257E+06
   3.916E+02   1.297E+06
   3.955E+02   1.337E+06
   3.993E+02   1.379E+06
   4.031E+02   1.418E+06
   4.069E+02   1.456E+06
   4.108E+02   1.494E+06
   4.146E+02   1.531E+06
   4.184E+02   1.566E+06
   4.223E+02   1.606E+06
   4.261E+02   1.640E+06
   4.299E+02   1.673E+06
   4.337E+02   1.710E+06
   4.376E+02   1.745E+06
   4.414E+02   1.778E+06
   4.452E+02   1.812E+06
   4.490E+02   1.846E+06
   4.529E+02   1.877E+06
   4.567E+02   1.907E+06
   4.605E+02   1.941E+06
   4.644E+02   1.971E+06
   4.682E+02   2.002E+06
   4.720E+02   2.032E+06
   4.758E+02   2.060E+06
   4.797E+02   2.089E+06
   4.835E+02   2.118E+06
   4.873E+02   2.146E+06
   4.911E+02   2.176E+06
   4.950E+02   2.204E+06
   4.988E+02   2.232E+06
   5.026E+02   2.256E+06
   5.065E+02   2.280E+06
   5.103E+02   2.305E+06
   5.141E+02   2.332E+06
   5.179E+02   2.355E+06
   5.218E+02   2.382E+06
   5.256E+02   2.404E+06
   5.294E+02   2.430E+06
   5.332E+02   2.452E+06
   5.371E+02   2.476E+06
   5.409E+02   2.496E+06
   5.447E+02   2.516E+06
   5.485E+02   2.542E+06
   5.524E+02   2.560E+06
   5.562E+02   2.579E+06
   5.600E+02   2.601E+06
   5.639E+02   2.620E+06
   5.677E+02   2.638E+06
   5.715E+02   2.656E+06
   5.753E+02   2.676E+06
   5.792E+02   2.693E+06
   5.830E+02   2.709E+06
   5.868E+02   2.724E+06
   5.906E+02   2.740E+06
   5.945E+02   2.756E+06
   5.983E+02   2.768E+06
   6.021E+02   2.784E+06
   6.060E+02   2.798E+06
   6.098E+02   2.811E+06
   6.136E+02   2.822E+06
   6.174E+02   2.839E+06
   6.213E+02   2.849E+06
   6.251E+02   2.861E+06
   6.289E+02   2.871E+06
   6.327E+02   2.885E+06
   6.366E+02   2.891E+06
   6.404E+02   2.904E+06
   6.442E+02   2.914E+06
   6.481E+02   2.922E+06
   6.519E+02   2.933E+06
   6.557E+02   2.939E+06
   6.595E+02   2.948E+06
   6.634E+02   2.956E+06
   6.672E+02   2.964E+06
   6.710E+02   2.970E+06
   6.748E+02   2.978E+06
   6.787E+02   2.981E+06
   6.825E+02   2.985E+06
   6.863E+02   2.993E+06
   6.902E+02   2.995E+06
   6.940E+02   3.001E+06
   6.978E+02   3.002E+06
   7.016E+02   3.008E+06
   7.055E+02   3.010E+06
   7.093E+02   3.014E+06
   7.131E+02   3.016E+06
   7.169E+02   3.019E+06
   7.208E+02   3.023E+06
   7.246E+02   3.020E+06
   7.284E+02   3.026E+06
   7.322E+02   3.023E+06
   7.361E+02   3.026E+06
   7.399E+02   3.025E+06
   7.437E+02   3.019E+06
   7.476E+02   3.021E+06
   7.514E+02   3.018E+06
   7.552E+02   3.021E+06
   7.590E+02   3.017E+06
   7.629E+02   3.016E+06
   7.667E+02   3.013E+06
   7.705E+02   3.013E+06
   7.743E+02   3.008E+06
   7.782E+02   3.005E+06
   7.820E+02   3.001E+06
   7.858E+02   2.995E+06
   7.897E+02   2.994E+06
   7.935E+02   2.991E+06
   7.973E+02   2.987E+06
   8.011E+02   2.977E+06
   8.050E+02   2.977E+06
   8.088E+02   2.969E+06
   8.126E+02   2.966E+06
   8.164E+02   2.960E+06
   8.203E+02   2.951E+06
   8.241E+02   2.946E+06
   8.279E+02   2.943E+06
   8.318E+02   2.932E+06
   8.356E+02   2.926E+06
   8.394E+02   2.918E+06
   8.432E+02   2.913E+06
   8.471E+02   2.906E+06
   8.509E+02   2.896E+06
   8.547E+02   2.890E+06
   8.585E+02   2.881E+06
   8.624E+02   2.873E+06
   8.662E+02   2.864E+06
   8.700E+02   2.858E+06
   8.738E+02   2.850E+06
   8.777E+02   2.840E+06
   8.815E+02   2.829E+06
   8.853E+02   2.821E+06
   8.892E+02   2.810E+06
   8.930E+02   2.803E+06
   8.968E+02   2.791E+06
   9.006E+02   2.781E+06
   9.045E+02   2.769E+06
   9.083E+02   2.757E+06
   9.121E+02   2.748E+06
   9.159E+02   2.739E+06
   9.198E+02   2.727E+06
   9.236E+02   2.716E+06
   9.274E+02   2.704E+06
   9.313E+02   2.691E+06
   9.351E+02   2.680E+06
   9.389E+02   2.669E+06
   9.427E+02   2.656E+06
   9.466E+02   2.645E+06
   9.504E+02   2.629E+06
   9.542E+02   2.619E+06
   9.580E+02   2.606E+06
   9.619E+02   2.593E+06
   9.657E+02   2.577E+06
   9.695E+02   2.564E+06
   9.734E+02   2.554E+06
   9.772E+02   2.537E+06
   9.810E+02   2.520E+06
   9.848E+02   2.509E+06
   9.887E+02   2.492E+06
   9.925E+02   2.478E+06
   9.963E+02   2.464E+06
   1.000E+03   2.449E+06
   1.004E+03   2.433E+06
   1.008E+03   2.420E+06
   1.012E+03   2.401E+06
   1.015E+03   2.387E+06
   1.019E+03   2.371E+06
   1.023E+03   2.355E+06
   1.027E+03   2.339E+06
   1.031E+03   2.324E+06
   1.035E+03   2.308E+06
   1.038E+03   2.288E+06
   1.042E+03   2.274E+06
   1.046E+03   2.252E+06
   1.050E+03   2.235E+06
   1.054E+03   2.218E+06
   1.058E+03   2.201E+06
   1.061E+03   2.183E+06
   1.065E+03   2.164E+06
   1.069E+03   2.145E+06
   1.073E+03   2.125E+06
   1.077E+03   2.108E+06
   1.081E+03   2.087E+06
   1.084E+03   2.069E+06
   1.088E+03   2.051E+06
   1.092E+03   2.031E+06
   1.096E+03   2.012E+06
   1.100E+03   1.991E+06
   1.103E+03   1.970E+06
   1.107E+03   1.948E+06
   1.111E+03   1.927E+06
   1.115E+03   1.906E+06
   1.119E+03   1.887E+06
   1.123E+03   1.865E+06
   1.126E+03   1.842E+06
   1.130E+03   1.822E+06
   1.134E+03   1.798E+06
   1.138E+03   1.776E+06
   1.142E+03   1.753E+06
   1.146E+03   1.729E+06
   1.149E+03   1.707E+06
   1.153E+03   1.684E+06
   1.157E+03   1.659E+06
   1.161E+03   1.634E+06
   1.165E+03   1.609E+06
   1.169E+03   1.585E+06
   1.172E+03   1.561E+06
   1.176E+03   1.536E+06
   1.180E+03   1.510E+06
   1.184E+03   1.484E+06
   1.188E+03   1.457E+06
   1.191E+03   1.431E+06
   1.195E+03   1.405E+06
   1.199E+03   1.378E+06
   1.203E+03   1.352E+06
   1.207E+03   1.324E+06
   1.211E+03   1.296E+06
   1.214E+03   1.270E+06
   1.218E+03   1.242E+06
   1.222E+03   1.214E+06
   1.226E+03   1.186E+06
   1.230E+03   1.158E+06
   1.234E+03   1.129E+06
   1.237E+03   1.101E+06
   1.241E+03   1.072E+06
   1.245E+03   1.043E+06
   1.249E+03   1.015E+06
   1.253E+03   9.876E+05
   1.257E+03   9.592E+05
   1.260E+03   9.297E+05
   1.264E+03   9.002E+05
   1.268E+03   8.692E+05
   1.272E+03   8.419E+05
   1.276E+03   8.133E+05
   1.280E+03   7.831E+05
   1.283E+03   7.538E+05
   1.287E+03   7.239E+05
   1.291E+03   6.950E+05
   1.295E+03   6.656E+05
   1.299E+03   6.363E+05
   1.302E+03   6.062E+05
   1.306E+03   5.777E+05
   1.310E+03   5.491E+05
   1.314E+03   5.213E+05
   1.318E+03   4.933E+05
   1.322E+03   4.653E+05
   1.325E+03   4.383E+05
   1.329E+03   4.120E+05
   1.333E+03   3.865E+05
   1.337E+03   3.613E+05
   1.341E+03   3.367E+05
   1.345E+03   3.133E+05
   1.348E+03   2.905E+05
   1.352E+03   2.674E+05
   1.356E+03   2.453E+05
   1.360E+03   2.240E+05
   1.364E+03   2.023E+05
   1.368E+03   1.825E+05
   1.371E+03   1.642E+05
   1.375E+03   1.459E+05
   1.379E+03   1.283E+05
   1.383E+03   1.111E+05
   1.387E+03   9.543E+04
   1.391E+03   8.280E+04
   1.394E+03   7.266E+04
   1.398E+03   6.411E+04
   1.402E+03   5.473E+04
   1.406E+03   4.945E+04
   1.410E+03   4.699E+04
   1.413E+03   4.672E+04
   1.417E+03   4.796E+04
   1.421E+03   5.493E+04
   1.425E+03   6.704E+04
   1.429E+03   8.086E+04
   1.433E+03   9.501E+04
   1.436E+03   1.089E+05
   1.440E+03   1.211E+05
   1.444E+03   1.313E+05
   1.448E+03   1.418E+05
   1.452E+03   1.517E+05
   1.456E+03   1.618E+05
   1.459E+03   1.715E+05
   1.463E+03   1.804E+05
   1.467E+03   1.878E+05
   1.471E+03   1.947E+05
   1.475E+03   2.010E+05
   1.479E+03   2.068E+05
   1.482E+03   2.131E+05
   1.486E+03   2.180E+05
   1.490E+03   2.224E+05
   1.494E+03   2.265E+05
   1.498E+03   2.304E+05
   1.501E+03   2.333E+05
   1.505E+03   2.365E+05
   1.509E+03   2.386E+05
   1.513E+03   2.404E+05
   1.517E+03   2.415E+05
   1.521E+03   2.423E+05
   1.524E+03   2.426E+05
   1.528E+03   2.439E+05
   1.532E+03   2.447E+05
   1.536E+03   2.448E+05
   1.540E+03   2.442E+05
   1.544E+03   2.440E+05
   1.547E+03   2.433E+05
   1.551E+03   2.426E+05
   1.555E+03   2.415E+05
   1.559E+03   2.403E+05
   1.563E+03   2.392E+05
   1.567E+03   2.374E+05
   1.570E+03   2.352E+05
   1.574E+03   2.329E+05
   1.578E+03   2.306E+05
   1.582E+03   2.288E+05
   1.586E+03   2.262E+05
   1.590E+03   2.233E+05
   1.593E+03   2.202E+05
   1.597E+03   2.162E+05
   1.601E+03   2.112E+05
   1.605E+03   2.075E+05
   1.609E+03   2.036E+05
   1.612E+03   1.995E+05
   1.616E+03   1.950E+05
   1.620E+03   1.903E+05
   1.624E+03   1.859E+05
   1.628E+03   1.810E+05
   1.632E+03   1.766E+05
   1.635E+03   1.708E+05
   1.639E+03   1.659E+05
   1.643E+03   1.601E+05
   1.647E+03   1.560E+05
   1.651E+03   1.525E+05
   1.655E+03   1.506E+05
   1.658E+03   1.457E+05
   1.662E+03   1.434E+05
   1.666E+03   1.414E+05
   1.670E+03   1.358E+05
   1.674E+03   1.315E+05
   1.678E+03   1.268E+05
   1.681E+03   1.192E+05
   1.685E+03   1.158E+05
   1.689E+03   1.163E+05
   1.693E+03   1.169E+05
   1.697E+03   1.088E+05
   1.700E+03   1.047E+05
   1.704E+03   1.107E+05
   1.708E+03   1.022E+05
   1.712E+03   8.884E+04
   1.716E+03   7.674E+04
   1.720E+03   6.232E+04
   1.723E+03   3.869E+04
   1.727E+03   0.000E+00
   1.731E+03   0.000E+00
   1.735E+03   0.000E+00
   1.739E+03   0.000E+00
   1.743E+03   0.000E+00
   1.746E+03   0.000E+00
   1.750E+03   0.000E+00
   1.754E+03   0.000E+00
   1.758E+03   0.000E+00
   1.762E+03   0.000E+00
   1.766E+03   0.000E+00
   1.769E+03   0.000E+00
   1.773E+03   0.000E+00
   1.777E+03   0.000E+00
   1.781E+03   0.000E+00
   1.785E+03   0.000E+00
   1.789E+03   0.000E+00
   1.792E+03   0.000E+00
   1.796E+03   2.419E+00
   1.800E+03   9.547E+00
