   2.730E+02   2.012E-01
   2.768E+02   1.406E-01
   2.807E+02   1.013E-01
   2.845E+02   7.136E-02
   2.883E+02   4.295E-02
   2.921E+02   1.964E-02
   2.960E+02   4.111E-05
   2.998E+02   2.341E-03
   3.036E+02   6.383E-03
   3.074E+02   1.203E-02
   3.113E+02   1.934E-02
   3.151E+02   2.858E-02
   3.189E+02   3.926E-02
   3.228E+02   5.150E-02
   3.266E+02   6.614E-02
   3.304E+02   8.164E-02
   3.342E+02   9.934E-02
   3.381E+02   1.195E-01
   3.419E+02   1.408E-01
   3.457E+02   1.637E-01
   3.495E+02   1.884E-01
   3.534E+02   2.149E-01
   3.572E+02   2.434E-01
   3.610E+02   2.730E-01
   3.648E+02   3.046E-01
   3.687E+02   3.390E-01
   3.725E+02   3.749E-01
   3.763E+02   4.112E-01
   3.802E+02   4.509E-01
   3.840E+02   4.891E-01
   3.878E+02   5.319E-01
   3.916E+02   5.744E-01
   3.955E+02   6.171E-01
   3.993E+02   6.663E-01
   4.031E+02   7.121E-01
   4.069E+02   7.593E-01
   4.108E+02   8.083E-01
   4.146E+02   8.574E-01
   4.184E+02   9.057E-01
   4.223E+02   9.621E-01
   4.261E+02   1.011E+00
   4.299E+02   1.064E+00
   4.337E+02   1.119E+00
   4.376E+02   1.174E+00
   4.414E+02   1.230E+00
   4.452E+02   1.284E+00
   4.490E+02   1.340E+00
   4.529E+02   1.393E+00
   4.567E+02   1.448E+00
   4.605E+02   1.511E+00
   4.644E+02   1.565E+00
   4.682E+02   1.623E+00
   4.720E+02   1.677E+00
   4.758E+02   1.733E+00
   4.797E+02   1.790E+00
   4.835E+02   1.845E+00
   4.873E+02   1.900E+00
   4.911E+02   1.958E+00
   4.950E+02   2.016E+00
   4.988E+02   2.068E+00
   5.026E+02   2.117E+00
   5.065E+02   2.170E+00
   5.103E+02   2.217E+00
   5.141E+02   2.272E+00
   5.179E+02   2.321E+00
   5.218E+02   2.373E+00
   5.256E+02   2.420E+00
   5.294E+02   2.468E+00
   5.332E+02   2.510E+00
   5.371E+02   2.558E+00
   5.409E+02   2.597E+00
   5.447E+02   2.635E+00
   5.485E+02   2.686E+00
   5.524E+02   2.718E+00
   5.562E+02   2.754E+00
   5.600E+02   2.792E+00
   5.639E+02   2.825E+00
   5.677E+02   2.856E+00
   5.715E+02   2.886E+00
   5.753E+02   2.917E+00
   5.792E+02   2.944E+00
   5.830E+02   2.968E+00
   5.868E+02   2.989E+00
   5.906E+02   3.012E+00
   5.945E+02   3.035E+00
   5.983E+02   3.046E+00
   6.021E+02   3.066E+00
   6.060E+02   3.079E+00
   6.098E+02   3.089E+00
   6.136E+02   3.098E+00
   6.174E+02   3.116E+00
   6.213E+02   3.122E+00
   6.251E+02   3.125E+00
   6.289E+02   3.128E+00
   6.327E+02   3.136E+00
   6.366E+02   3.129E+00
   6.404E+02   3.137E+00
   6.442E+02   3.135E+00
   6.481E+02   3.130E+00
   6.519E+02   3.128E+00
   6.557E+02   3.121E+00
   6.595E+02   3.116E+00
   6.634E+02   3.108E+00
   6.672E+02   3.101E+00
   6.710E+02   3.090E+00
   6.748E+02   3.081E+00
   6.787E+02   3.067E+00
   6.825E+02   3.052E+00
   6.863E+02   3.041E+00
   6.902E+02   3.026E+00
   6.940E+02   3.012E+00
   6.978E+02   2.993E+00
   7.016E+02   2.981E+00
   7.055E+02   2.964E+00
   7.093E+02   2.948E+00
   7.131E+02   2.928E+00
   7.169E+02   2.914E+00
   7.208E+02   2.898E+00
   7.246E+02   2.878E+00
   7.284E+02   2.867E+00
   7.322E+02   2.846E+00
   7.361E+02   2.830E+00
   7.399E+02   2.816E+00
   7.437E+02   2.793E+00
   7.476E+02   2.781E+00
   7.514E+02   2.764E+00
   7.552E+02   2.751E+00
   7.590E+02   2.737E+00
   7.629E+02   2.727E+00
   7.667E+02   2.711E+00
   7.705E+02   2.702E+00
   7.743E+02   2.690E+00
   7.782E+02   2.681E+00
   7.820E+02   2.672E+00
   7.858E+02   2.662E+00
   7.897E+02   2.657E+00
   7.935E+02   2.652E+00
   7.973E+02   2.651E+00
   8.011E+02   2.642E+00
   8.050E+02   2.646E+00
   8.088E+02   2.643E+00
   8.126E+02   2.646E+00
   8.164E+02   2.649E+00
   8.203E+02   2.652E+00
   8.241E+02   2.659E+00
   8.279E+02   2.669E+00
   8.318E+02   2.674E+00
   8.356E+02   2.686E+00
   8.394E+02   2.696E+00
   8.432E+02   2.713E+00
   8.471E+02   2.728E+00
   8.509E+02   2.744E+00
   8.547E+02   2.765E+00
   8.585E+02   2.785E+00
   8.624E+02   2.809E+00
   8.662E+02   2.833E+00
   8.700E+02   2.862E+00
   8.738E+02   2.891E+00
   8.777E+02   2.920E+00
   8.815E+02   2.952E+00
   8.853E+02   2.987E+00
   8.892E+02   3.021E+00
   8.930E+02   3.062E+00
   8.968E+02   3.099E+00
   9.006E+02   3.142E+00
   9.045E+02   3.183E+00
   9.083E+02   3.227E+00
   9.121E+02   3.275E+00
   9.159E+02   3.327E+00
   9.198E+02   3.376E+00
   9.236E+02   3.428E+00
   9.274E+02   3.481E+00
   9.313E+02   3.537E+00
   9.351E+02   3.594E+00
   9.389E+02   3.655E+00
   9.427E+02   3.715E+00
   9.466E+02   3.778E+00
   9.504E+02   3.838E+00
   9.542E+02   3.906E+00
   9.580E+02   3.972E+00
   9.619E+02   4.042E+00
   9.657E+02   4.108E+00
   9.695E+02   4.179E+00
   9.734E+02   4.255E+00
   9.772E+02   4.323E+00
   9.810E+02   4.395E+00
   9.848E+02   4.473E+00
   9.887E+02   4.547E+00
   9.925E+02   4.626E+00
   9.963E+02   4.704E+00
   1.000E+03   4.783E+00
   1.004E+03   4.860E+00
   1.008E+03   4.945E+00
   1.012E+03   5.020E+00
   1.015E+03   5.104E+00
   1.019E+03   5.186E+00
   1.023E+03   5.268E+00
   1.027E+03   5.350E+00
   1.031E+03   5.434E+00
   1.035E+03   5.519E+00
   1.038E+03   5.594E+00
   1.042E+03   5.682E+00
   1.046E+03   5.751E+00
   1.050E+03   5.836E+00
   1.054E+03   5.917E+00
   1.058E+03   5.999E+00
   1.061E+03   6.077E+00
   1.065E+03   6.156E+00
   1.069E+03   6.230E+00
   1.073E+03   6.302E+00
   1.077E+03   6.382E+00
   1.081E+03   6.452E+00
   1.084E+03   6.529E+00
   1.088E+03   6.600E+00
   1.092E+03   6.669E+00
   1.096E+03   6.739E+00
   1.100E+03   6.798E+00
   1.103E+03   6.861E+00
   1.107E+03   6.912E+00
   1.111E+03   6.969E+00
   1.115E+03   7.026E+00
   1.119E+03   7.083E+00
   1.123E+03   7.129E+00
   1.126E+03   7.170E+00
   1.130E+03   7.217E+00
   1.134E+03   7.249E+00
   1.138E+03   7.284E+00
   1.142E+03   7.312E+00
   1.146E+03   7.333E+00
   1.149E+03   7.363E+00
   1.153E+03   7.381E+00
   1.157E+03   7.384E+00
   1.161E+03   7.391E+00
   1.165E+03   7.391E+00
   1.169E+03   7.389E+00
   1.172E+03   7.383E+00
   1.176E+03   7.372E+00
   1.180E+03   7.344E+00
   1.184E+03   7.320E+00
   1.188E+03   7.283E+00
   1.191E+03   7.245E+00
   1.195E+03   7.207E+00
   1.199E+03   7.155E+00
   1.203E+03   7.101E+00
   1.207E+03   7.034E+00
   1.211E+03   6.959E+00
   1.214E+03   6.895E+00
   1.218E+03   6.815E+00
   1.222E+03   6.726E+00
   1.226E+03   6.633E+00
   1.230E+03   6.529E+00
   1.234E+03   6.427E+00
   1.237E+03   6.315E+00
   1.241E+03   6.195E+00
   1.245E+03   6.069E+00
   1.249E+03   5.947E+00
   1.253E+03   5.820E+00
   1.257E+03   5.684E+00
   1.260E+03   5.537E+00
   1.264E+03   5.387E+00
   1.268E+03   5.217E+00
   1.272E+03   5.071E+00
   1.276E+03   4.912E+00
   1.280E+03   4.737E+00
   1.283E+03   4.564E+00
   1.287E+03   4.385E+00
   1.291E+03   4.211E+00
   1.295E+03   4.026E+00
   1.299E+03   3.844E+00
   1.302E+03   3.653E+00
   1.306E+03   3.471E+00
   1.310E+03   3.284E+00
   1.314E+03   3.101E+00
   1.318E+03   2.916E+00
   1.322E+03   2.730E+00
   1.325E+03   2.550E+00
   1.329E+03   2.376E+00
   1.333E+03   2.205E+00
   1.337E+03   2.037E+00
   1.341E+03   1.874E+00
   1.345E+03   1.719E+00
   1.348E+03   1.570E+00
   1.352E+03   1.420E+00
   1.356E+03   1.279E+00
   1.360E+03   1.145E+00
   1.364E+03   1.012E+00
   1.368E+03   8.909E-01
   1.371E+03   7.814E-01
   1.375E+03   6.747E-01
   1.379E+03   5.754E-01
   1.383E+03   4.818E-01
   1.387E+03   3.993E-01
   1.391E+03   3.343E-01
   1.394E+03   2.835E-01
   1.398E+03   2.424E-01
   1.402E+03   2.007E-01
   1.406E+03   1.779E-01
   1.410E+03   1.688E-01
   1.413E+03   1.706E-01
   1.417E+03   1.812E-01
   1.421E+03   2.185E-01
   1.425E+03   2.825E-01
   1.429E+03   3.604E-01
   1.433E+03   4.459E-01
   1.436E+03   5.349E-01
   1.440E+03   6.193E-01
   1.444E+03   6.967E-01
   1.448E+03   7.798E-01
   1.452E+03   8.619E-01
   1.456E+03   9.473E-01
   1.459E+03   1.033E+00
   1.463E+03   1.116E+00
   1.467E+03   1.190E+00
   1.471E+03   1.264E+00
   1.475E+03   1.333E+00
   1.479E+03   1.403E+00
   1.482E+03   1.473E+00
   1.486E+03   1.534E+00
   1.490E+03   1.592E+00
   1.494E+03   1.648E+00
   1.498E+03   1.702E+00
   1.501E+03   1.747E+00
   1.505E+03   1.796E+00
   1.509E+03   1.839E+00
   1.513E+03   1.879E+00
   1.517E+03   1.914E+00
   1.521E+03   1.944E+00
   1.524E+03   1.970E+00
   1.528E+03   2.006E+00
   1.532E+03   2.037E+00
   1.536E+03   2.060E+00
   1.540E+03   2.076E+00
   1.544E+03   2.091E+00
   1.547E+03   2.103E+00
   1.551E+03   2.121E+00
   1.555E+03   2.134E+00
   1.559E+03   2.143E+00
   1.563E+03   2.153E+00
   1.567E+03   2.161E+00
   1.570E+03   2.163E+00
   1.574E+03   2.164E+00
   1.578E+03   2.159E+00
   1.582E+03   2.150E+00
   1.586E+03   2.136E+00
   1.590E+03   2.122E+00
   1.593E+03   2.116E+00
   1.597E+03   2.109E+00
   1.601E+03   2.089E+00
   1.605E+03   2.068E+00
   1.609E+03   2.057E+00
   1.612E+03   2.047E+00
   1.616E+03   2.038E+00
   1.620E+03   2.026E+00
   1.624E+03   2.013E+00
   1.628E+03   1.998E+00
   1.632E+03   1.977E+00
   1.635E+03   1.958E+00
   1.639E+03   1.947E+00
   1.643E+03   1.938E+00
   1.647E+03   1.917E+00
   1.651E+03   1.883E+00
   1.655E+03   1.852E+00
   1.658E+03   1.833E+00
   1.662E+03   1.805E+00
   1.666E+03   1.781E+00
   1.670E+03   1.772E+00
   1.674E+03   1.751E+00
   1.678E+03   1.749E+00
   1.681E+03   1.756E+00
   1.685E+03   1.773E+00
   1.689E+03   1.796E+00
   1.693E+03   1.843E+00
   1.697E+03   1.868E+00
   1.700E+03   1.789E+00
   1.704E+03   1.720E+00
   1.708E+03   1.511E+00
   1.712E+03   1.438E+00
   1.716E+03   1.434E+00
   1.720E+03   1.488E+00
   1.723E+03   1.494E+00
   1.727E+03   0.000E+00
   1.731E+03   0.000E+00
   1.735E+03   0.000E+00
   1.739E+03   0.000E+00
   1.743E+03   0.000E+00
   1.746E+03   0.000E+00
   1.750E+03   0.000E+00
   1.754E+03   0.000E+00
   1.758E+03   0.000E+00
   1.762E+03   0.000E+00
   1.766E+03   0.000E+00
   1.769E+03   0.000E+00
   1.773E+03   0.000E+00
   1.777E+03   0.000E+00
   1.781E+03   0.000E+00
   1.785E+03   0.000E+00
   1.789E+03   0.000E+00
   1.792E+03   0.000E+00
   1.796E+03   0.000E+00
   1.800E+03   0.000E+00
