   2.730E+02   2.880E-02
   2.768E+02   1.809E-02
   2.807E+02   1.242E-02
   2.845E+02   8.234E-03
   2.883E+02   4.474E-03
   2.921E+02   1.933E-03
   2.960E+02   4.466E-06
   2.998E+02   2.378E-04
   3.036E+02   5.903E-04
   3.074E+02   1.048E-03
   3.113E+02   1.625E-03
   3.151E+02   2.349E-03
   3.189E+02   3.187E-03
   3.228E+02   4.157E-03
   3.266E+02   5.334E-03
   3.304E+02   6.596E-03
   3.342E+02   8.077E-03
   3.381E+02   9.790E-03
   3.419E+02   1.162E-02
   3.457E+02   1.365E-02
   3.495E+02   1.588E-02
   3.534E+02   1.835E-02
   3.572E+02   2.105E-02
   3.610E+02   2.391E-02
   3.648E+02   2.706E-02
   3.687E+02   3.051E-02
   3.725E+02   3.424E-02
   3.763E+02   3.814E-02
   3.802E+02   4.255E-02
   3.840E+02   4.687E-02
   3.878E+02   5.185E-02
   3.916E+02   5.694E-02
   3.955E+02   6.215E-02
   3.993E+02   6.829E-02
   4.031E+02   7.425E-02
   4.069E+02   8.061E-02
   4.108E+02   8.743E-02
   4.146E+02   9.446E-02
   4.184E+02   1.017E-01
   4.223E+02   1.101E-01
   4.261E+02   1.178E-01
   4.299E+02   1.265E-01
   4.337E+02   1.357E-01
   4.376E+02   1.452E-01
   4.414E+02   1.551E-01
   4.452E+02   1.652E-01
   4.490E+02   1.762E-01
   4.529E+02   1.868E-01
   4.567E+02   1.984E-01
   4.605E+02   2.113E-01
   4.644E+02   2.237E-01
   4.682E+02   2.371E-01
   4.720E+02   2.504E-01
   4.758E+02   2.643E-01
   4.797E+02   2.790E-01
   4.835E+02   2.942E-01
   4.873E+02   3.099E-01
   4.911E+02   3.268E-01
   4.950E+02   3.444E-01
   4.988E+02   3.615E-01
   5.026E+02   3.784E-01
   5.065E+02   3.972E-01
   5.103E+02   4.161E-01
   5.141E+02   4.368E-01
   5.179E+02   4.571E-01
   5.218E+02   4.797E-01
   5.256E+02   5.010E-01
   5.294E+02   5.239E-01
   5.332E+02   5.469E-01
   5.371E+02   5.717E-01
   5.409E+02   5.947E-01
   5.447E+02   6.193E-01
   5.485E+02   6.486E-01
   5.524E+02   6.743E-01
   5.562E+02   7.009E-01
   5.600E+02   7.314E-01
   5.639E+02   7.596E-01
   5.677E+02   7.886E-01
   5.715E+02   8.200E-01
   5.753E+02   8.524E-01
   5.792E+02   8.848E-01
   5.830E+02   9.193E-01
   5.868E+02   9.530E-01
   5.906E+02   9.874E-01
   5.945E+02   1.023E+00
   5.983E+02   1.059E+00
   6.021E+02   1.098E+00
   6.060E+02   1.136E+00
   6.098E+02   1.175E+00
   6.136E+02   1.215E+00
   6.174E+02   1.261E+00
   6.213E+02   1.301E+00
   6.251E+02   1.344E+00
   6.289E+02   1.387E+00
   6.327E+02   1.436E+00
   6.366E+02   1.477E+00
   6.404E+02   1.530E+00
   6.442E+02   1.577E+00
   6.481E+02   1.626E+00
   6.519E+02   1.678E+00
   6.557E+02   1.731E+00
   6.595E+02   1.784E+00
   6.634E+02   1.838E+00
   6.672E+02   1.896E+00
   6.710E+02   1.949E+00
   6.748E+02   2.011E+00
   6.787E+02   2.066E+00
   6.825E+02   2.125E+00
   6.863E+02   2.190E+00
   6.902E+02   2.249E+00
   6.940E+02   2.312E+00
   6.978E+02   2.375E+00
   7.016E+02   2.445E+00
   7.055E+02   2.510E+00
   7.093E+02   2.579E+00
   7.131E+02   2.646E+00
   7.169E+02   2.721E+00
   7.208E+02   2.794E+00
   7.246E+02   2.861E+00
   7.284E+02   2.945E+00
   7.322E+02   3.013E+00
   7.361E+02   3.093E+00
   7.399E+02   3.172E+00
   7.437E+02   3.240E+00
   7.476E+02   3.326E+00
   7.514E+02   3.403E+00
   7.552E+02   3.490E+00
   7.590E+02   3.572E+00
   7.629E+02   3.663E+00
   7.667E+02   3.744E+00
   7.705E+02   3.837E+00
   7.743E+02   3.922E+00
   7.782E+02   4.011E+00
   7.820E+02   4.100E+00
   7.858E+02   4.187E+00
   7.897E+02   4.285E+00
   7.935E+02   4.380E+00
   7.973E+02   4.478E+00
   8.011E+02   4.562E+00
   8.050E+02   4.668E+00
   8.088E+02   4.761E+00
   8.126E+02   4.865E+00
   8.164E+02   4.965E+00
   8.203E+02   5.055E+00
   8.241E+02   5.160E+00
   8.279E+02   5.270E+00
   8.318E+02   5.362E+00
   8.356E+02   5.468E+00
   8.394E+02   5.568E+00
   8.432E+02   5.676E+00
   8.471E+02   5.780E+00
   8.509E+02   5.882E+00
   8.547E+02   5.990E+00
   8.585E+02   6.093E+00
   8.624E+02   6.202E+00
   8.662E+02   6.306E+00
   8.700E+02   6.423E+00
   8.738E+02   6.529E+00
   8.777E+02   6.631E+00
   8.815E+02   6.733E+00
   8.853E+02   6.844E+00
   8.892E+02   6.947E+00
   8.930E+02   7.062E+00
   8.968E+02   7.159E+00
   9.006E+02   7.266E+00
   9.045E+02   7.365E+00
   9.083E+02   7.465E+00
   9.121E+02   7.575E+00
   9.159E+02   7.684E+00
   9.198E+02   7.780E+00
   9.236E+02   7.883E+00
   9.274E+02   7.981E+00
   9.313E+02   8.076E+00
   9.351E+02   8.175E+00
   9.389E+02   8.272E+00
   9.427E+02   8.365E+00
   9.466E+02   8.465E+00
   9.504E+02   8.543E+00
   9.542E+02   8.641E+00
   9.580E+02   8.728E+00
   9.619E+02   8.814E+00
   9.657E+02   8.891E+00
   9.695E+02   8.970E+00
   9.734E+02   9.063E+00
   9.772E+02   9.125E+00
   9.810E+02   9.191E+00
   9.848E+02   9.272E+00
   9.887E+02   9.332E+00
   9.925E+02   9.402E+00
   9.963E+02   9.465E+00
   1.000E+03   9.524E+00
   1.004E+03   9.576E+00
   1.008E+03   9.640E+00
   1.012E+03   9.675E+00
   1.015E+03   9.730E+00
   1.019E+03   9.772E+00
   1.023E+03   9.812E+00
   1.027E+03   9.846E+00
   1.031E+03   9.881E+00
   1.035E+03   9.914E+00
   1.038E+03   9.925E+00
   1.042E+03   9.955E+00
   1.046E+03   9.947E+00
   1.050E+03   9.963E+00
   1.054E+03   9.971E+00
   1.058E+03   9.977E+00
   1.061E+03   9.972E+00
   1.065E+03   9.968E+00
   1.069E+03   9.947E+00
   1.073E+03   9.924E+00
   1.077E+03   9.912E+00
   1.081E+03   9.878E+00
   1.084E+03   9.858E+00
   1.088E+03   9.821E+00
   1.092E+03   9.782E+00
   1.096E+03   9.740E+00
   1.100E+03   9.683E+00
   1.103E+03   9.626E+00
   1.107E+03   9.550E+00
   1.111E+03   9.484E+00
   1.115E+03   9.416E+00
   1.119E+03   9.346E+00
   1.123E+03   9.262E+00
   1.126E+03   9.167E+00
   1.130E+03   9.084E+00
   1.134E+03   8.978E+00
   1.138E+03   8.874E+00
   1.142E+03   8.762E+00
   1.146E+03   8.644E+00
   1.149E+03   8.537E+00
   1.153E+03   8.414E+00
   1.157E+03   8.275E+00
   1.161E+03   8.142E+00
   1.165E+03   8.001E+00
   1.169E+03   7.860E+00
   1.172E+03   7.717E+00
   1.176E+03   7.572E+00
   1.180E+03   7.406E+00
   1.184E+03   7.249E+00
   1.188E+03   7.080E+00
   1.191E+03   6.913E+00
   1.195E+03   6.752E+00
   1.199E+03   6.578E+00
   1.203E+03   6.405E+00
   1.207E+03   6.224E+00
   1.211E+03   6.039E+00
   1.214E+03   5.870E+00
   1.218E+03   5.690E+00
   1.222E+03   5.506E+00
   1.226E+03   5.325E+00
   1.230E+03   5.136E+00
   1.234E+03   4.958E+00
   1.237E+03   4.774E+00
   1.241E+03   4.589E+00
   1.245E+03   4.404E+00
   1.249E+03   4.230E+00
   1.253E+03   4.057E+00
   1.257E+03   3.882E+00
   1.260E+03   3.705E+00
   1.264E+03   3.534E+00
   1.268E+03   3.351E+00
   1.272E+03   3.192E+00
   1.276E+03   3.031E+00
   1.280E+03   2.864E+00
   1.283E+03   2.704E+00
   1.287E+03   2.548E+00
   1.291E+03   2.399E+00
   1.295E+03   2.248E+00
   1.299E+03   2.106E+00
   1.302E+03   1.964E+00
   1.306E+03   1.832E+00
   1.310E+03   1.702E+00
   1.314E+03   1.578E+00
   1.318E+03   1.457E+00
   1.322E+03   1.340E+00
   1.325E+03   1.231E+00
   1.329E+03   1.128E+00
   1.333E+03   1.030E+00
   1.337E+03   9.359E-01
   1.341E+03   8.479E-01
   1.345E+03   7.659E-01
   1.348E+03   6.897E-01
   1.352E+03   6.147E-01
   1.356E+03   5.457E-01
   1.360E+03   4.821E-01
   1.364E+03   4.205E-01
   1.368E+03   3.656E-01
   1.371E+03   3.164E-01
   1.375E+03   2.699E-01
   1.379E+03   2.272E-01
   1.383E+03   1.877E-01
   1.387E+03   1.534E-01
   1.391E+03   1.267E-01
   1.394E+03   1.059E-01
   1.398E+03   8.943E-02
   1.402E+03   7.325E-02
   1.406E+03   6.447E-02
   1.410E+03   6.108E-02
   1.413E+03   6.205E-02
   1.417E+03   6.665E-02
   1.421E+03   8.186E-02
   1.425E+03   1.082E-01
   1.429E+03   1.411E-01
   1.433E+03   1.784E-01
   1.436E+03   2.184E-01
   1.440E+03   2.578E-01
   1.444E+03   2.954E-01
   1.448E+03   3.369E-01
   1.452E+03   3.795E-01
   1.456E+03   4.252E-01
   1.459E+03   4.725E-01
   1.463E+03   5.200E-01
   1.467E+03   5.660E-01
   1.471E+03   6.125E-01
   1.475E+03   6.600E-01
   1.479E+03   7.078E-01
   1.482E+03   7.575E-01
   1.486E+03   8.044E-01
   1.490E+03   8.507E-01
   1.494E+03   8.983E-01
   1.498E+03   9.466E-01
   1.501E+03   9.919E-01
   1.505E+03   1.041E+00
   1.509E+03   1.088E+00
   1.513E+03   1.136E+00
   1.517E+03   1.182E+00
   1.521E+03   1.224E+00
   1.524E+03   1.265E+00
   1.528E+03   1.313E+00
   1.532E+03   1.360E+00
   1.536E+03   1.399E+00
   1.540E+03   1.434E+00
   1.544E+03   1.469E+00
   1.547E+03   1.503E+00
   1.551E+03   1.542E+00
   1.555E+03   1.579E+00
   1.559E+03   1.611E+00
   1.563E+03   1.645E+00
   1.567E+03   1.676E+00
   1.570E+03   1.703E+00
   1.574E+03   1.727E+00
   1.578E+03   1.749E+00
   1.582E+03   1.765E+00
   1.586E+03   1.778E+00
   1.590E+03   1.787E+00
   1.593E+03   1.802E+00
   1.597E+03   1.814E+00
   1.601E+03   1.812E+00
   1.605E+03   1.807E+00
   1.609E+03   1.809E+00
   1.612E+03   1.810E+00
   1.616E+03   1.811E+00
   1.620E+03   1.803E+00
   1.624E+03   1.795E+00
   1.628E+03   1.784E+00
   1.632E+03   1.763E+00
   1.635E+03   1.748E+00
   1.639E+03   1.736E+00
   1.643E+03   1.720E+00
   1.647E+03   1.697E+00
   1.651E+03   1.669E+00
   1.655E+03   1.639E+00
   1.658E+03   1.620E+00
   1.662E+03   1.591E+00
   1.666E+03   1.560E+00
   1.670E+03   1.536E+00
   1.674E+03   1.503E+00
   1.678E+03   1.488E+00
   1.681E+03   1.470E+00
   1.685E+03   1.486E+00
   1.689E+03   1.511E+00
   1.693E+03   1.543E+00
   1.697E+03   1.524E+00
   1.700E+03   1.451E+00
   1.704E+03   1.390E+00
   1.708E+03   1.198E+00
   1.712E+03   1.097E+00
   1.716E+03   1.056E+00
   1.720E+03   1.080E+00
   1.723E+03   1.032E+00
   1.727E+03   0.000E+00
   1.731E+03   0.000E+00
   1.735E+03   0.000E+00
   1.739E+03   0.000E+00
   1.743E+03   0.000E+00
   1.746E+03   0.000E+00
   1.750E+03   0.000E+00
   1.754E+03   0.000E+00
   1.758E+03   0.000E+00
   1.762E+03   0.000E+00
   1.766E+03   0.000E+00
   1.769E+03   0.000E+00
   1.773E+03   0.000E+00
   1.777E+03   0.000E+00
   1.781E+03   0.000E+00
   1.785E+03   0.000E+00
   1.789E+03   0.000E+00
   1.792E+03   0.000E+00
   1.796E+03   0.000E+00
   1.800E+03   0.000E+00
