   2.980E+02   1.170E+00
   3.230E+02   8.387E+00
   3.481E+02   9.615E+00
   3.731E+02   1.029E+01
   3.982E+02   1.062E+01
   4.232E+02   1.083E+01
   4.483E+02   1.099E+01
   4.733E+02   1.109E+01
   4.984E+02   1.110E+01
   5.234E+02   1.112E+01
   5.485E+02   1.116E+01
   5.735E+02   1.111E+01
   5.985E+02   1.105E+01
   6.236E+02   1.103E+01
   6.486E+02   1.096E+01
   6.737E+02   1.088E+01
   6.987E+02   1.079E+01
   7.238E+02   1.068E+01
   7.488E+02   1.055E+01
   7.739E+02   1.041E+01
   7.989E+02   1.025E+01
   8.240E+02   1.008E+01
   8.490E+02   9.887E+00
   8.740E+02   9.683E+00
   8.991E+02   9.461E+00
   9.241E+02   9.222E+00
   9.492E+02   8.963E+00
   9.742E+02   8.685E+00
   9.993E+02   8.386E+00
   1.024E+03   8.067E+00
   1.049E+03   7.728E+00
   1.074E+03   7.319E+00
   1.099E+03   6.806E+00
   1.124E+03   6.169E+00
   1.150E+03   5.615E+00
   1.175E+03   4.829E+00
   1.200E+03   4.078E+00
   1.225E+03   3.393E+00
   1.250E+03   2.769E+00
   1.275E+03   2.034E+00
   1.300E+03   1.327E+00
   1.325E+03   8.235E-01
   1.350E+03   4.207E-01
   1.375E+03   1.380E-01
   1.400E+03   5.148E-03
