   0.000E+00   3.191E+02
   2.614E-04   6.868E+00
   5.227E-04   6.057E-01
   7.841E-04   3.522E-01
   1.045E-03   2.842E-01
   1.307E-03   2.705E-01
   1.568E-03   2.844E-01
   1.830E-03   3.244E-01
   2.091E-03   4.035E-01
   2.352E-03   5.134E-01
   2.614E-03   6.833E-01
   2.875E-03   1.058E+00
   3.136E-03   1.624E+00
   3.398E-03   2.633E+00
   3.659E-03   4.355E+00
   3.920E-03   7.820E+00
   4.182E-03   1.692E+01
   4.443E-03   3.155E+01
   4.705E-03   5.906E+01
   4.966E-03   9.837E+01
   5.227E-03   1.611E+02
   5.489E-03   2.114E+02
   5.750E-03   2.372E+02
   6.011E-03   2.614E+02
   6.273E-03   2.905E+02
   6.534E-03   3.281E+02
   6.795E-03   3.769E+02
   7.057E-03   4.320E+02
   7.318E-03   5.106E+02
   7.580E-03   6.213E+02
   7.841E-03   7.832E+02
   8.102E-03   1.040E+03
   8.364E-03   1.435E+03
   8.625E-03   2.457E+03
   8.886E-03   1.579E+04
   9.148E-03   8.486E+03
   9.409E-03   2.681E+03
   9.670E-03   1.926E+03
   9.932E-03   1.772E+03
   1.019E-02   3.300E+03
   1.045E-02   1.566E+03
   1.072E-02   1.437E+03
   1.098E-02   1.670E+03
   1.124E-02   3.436E+03
   1.150E-02   3.251E+06
