   2.980E+02   3.989E+00
   3.230E+02   2.259E+01
   3.481E+02   3.923E+01
   3.731E+02   5.395E+01
   3.982E+02   6.601E+01
   4.232E+02   7.653E+01
   4.483E+02   8.757E+01
   4.733E+02   9.880E+01
   4.984E+02   1.073E+02
   5.234E+02   1.133E+02
   5.485E+02   1.218E+02
   5.735E+02   1.294E+02
   5.985E+02   1.342E+02
   6.236E+02   1.397E+02
   6.486E+02   1.441E+02
   6.737E+02   1.480E+02
   6.987E+02   1.514E+02
   7.238E+02   1.543E+02
   7.488E+02   1.566E+02
   7.739E+02   1.583E+02
   7.989E+02   1.594E+02
   8.240E+02   1.599E+02
   8.490E+02   1.599E+02
   8.740E+02   1.592E+02
   8.991E+02   1.580E+02
   9.241E+02   1.562E+02
   9.492E+02   1.538E+02
   9.742E+02   1.509E+02
   9.993E+02   1.474E+02
   1.024E+03   1.433E+02
   1.049E+03   1.386E+02
   1.074E+03   1.328E+02
   1.099E+03   1.249E+02
   1.124E+03   1.149E+02
   1.150E+03   1.056E+02
   1.175E+03   9.232E+01
   1.200E+03   7.929E+01
   1.225E+03   6.713E+01
   1.250E+03   5.598E+01
   1.275E+03   4.242E+01
   1.300E+03   2.902E+01
   1.325E+03   1.909E+01
   1.350E+03   1.028E+01
   1.375E+03   3.847E+00
   1.400E+03   6.511E-01
