   0.000E+00   1.485E+00
   2.614E-04   5.236E+01
   5.227E-04   8.817E+01
   7.841E-04   1.122E+02
   1.045E-03   1.308E+02
   1.307E-03   1.431E+02
   1.568E-03   1.499E+02
   1.830E-03   1.537E+02
   2.091E-03   1.548E+02
   2.352E-03   1.536E+02
   2.614E-03   1.516E+02
   2.875E-03   1.474E+02
   3.136E-03   1.425E+02
   3.398E-03   1.369E+02
   3.659E-03   1.303E+02
   3.920E-03   1.225E+02
   4.182E-03   1.115E+02
   4.443E-03   1.016E+02
   4.705E-03   9.321E+01
   4.966E-03   8.337E+01
   5.227E-03   7.507E+01
   5.489E-03   6.686E+01
   5.750E-03   5.922E+01
   6.011E-03   5.216E+01
   6.273E-03   4.588E+01
   6.534E-03   3.888E+01
   6.795E-03   3.422E+01
   7.057E-03   2.838E+01
   7.318E-03   2.188E+01
   7.580E-03   1.608E+01
   7.841E-03   1.215E+01
   8.102E-03   1.005E+01
   8.364E-03   8.354E+00
   8.625E-03   5.532E+00
   8.886E-03   4.178E+00
   9.148E-03   1.809E+00
   9.409E-03   1.213E+00
   9.670E-03   1.507E+00
   9.932E-03   9.693E-01
   1.019E-02   1.048E+00
   1.045E-02   9.530E-01
   1.072E-02   9.217E-01
   1.098E-02   6.252E-01
   1.124E-02   1.176E+00
   1.150E-02   5.494E+00
