   0.000E+00   3.517E+01
   2.614E-04   2.194E-02
   5.227E-04   1.270E-02
   7.841E-04   9.799E-03
   1.045E-03   8.225E-03
   1.307E-03   7.352E-03
   1.568E-03   6.883E-03
   1.830E-03   6.565E-03
   2.091E-03   6.367E-03
   2.352E-03   6.297E-03
   2.614E-03   6.255E-03
   2.875E-03   6.286E-03
   3.136E-03   6.413E-03
   3.398E-03   6.557E-03
   3.659E-03   6.776E-03
   3.920E-03   7.073E-03
   4.182E-03   7.554E-03
   4.443E-03   8.069E-03
   4.705E-03   8.605E-03
   4.966E-03   9.319E-03
   5.227E-03   1.013E-02
   5.489E-03   1.108E-02
   5.750E-03   1.222E-02
   6.011E-03   1.355E-02
   6.273E-03   1.518E-02
   6.534E-03   1.770E-02
   6.795E-03   1.986E-02
   7.057E-03   2.321E-02
   7.318E-03   2.806E-02
   7.580E-03   3.431E-02
   7.841E-03   4.239E-02
   8.102E-03   5.286E-02
   8.364E-03   6.697E-02
   8.625E-03   8.492E-02
   8.886E-03   1.151E-01
   9.148E-03   1.669E-01
   9.409E-03   2.465E-01
   9.670E-03   3.635E-01
   9.932E-03   6.178E-01
   1.019E-02   1.192E+00
   1.045E-02   2.515E+00
   1.072E-02   7.145E+00
   1.098E-02   3.608E+01
   1.124E-02   1.994E+03
   1.150E-02   9.602E+07
