   0.000E+00   6.113E-03
   2.614E-04   7.257E-02
   5.227E-04   1.943E-02
   7.841E-04   8.037E-02
   1.045E-03   1.373E-01
   1.307E-03   1.701E-01
   1.568E-03   1.811E-01
   1.830E-03   1.782E-01
   2.091E-03   1.629E-01
   2.352E-03   1.434E-01
   2.614E-03   1.228E-01
   2.875E-03   9.382E-02
   3.136E-03   6.984E-02
   3.398E-03   5.025E-02
   3.659E-03   3.330E-02
   3.920E-03   2.068E-02
   4.182E-03   9.731E-03
   4.443E-03   4.636E-03
   4.705E-03   2.213E-03
   4.966E-03   9.229E-04
   5.227E-03   5.902E-04
   5.489E-03   6.242E-04
   5.750E-03   6.406E-04
   6.011E-03   6.393E-04
   6.273E-03   6.354E-04
   6.534E-03   6.316E-04
   6.795E-03   6.210E-04
   7.057E-03   6.150E-04
   7.318E-03   6.073E-04
   7.580E-03   5.940E-04
   7.841E-03   5.762E-04
   8.102E-03   5.550E-04
   8.364E-03   5.375E-04
   8.625E-03   5.052E-04
   8.886E-03   4.712E-04
   9.148E-03   4.302E-04
   9.409E-03   3.925E-04
   9.670E-03   3.494E-04
   9.932E-03   2.960E-04
   1.019E-02   2.364E-04
   1.045E-02   1.783E-04
   1.072E-02   1.102E-04
   1.098E-02   3.052E-05
   1.124E-02   8.582E-05
   1.150E-02   2.713E-03
