   2.980E+02   3.720E-02
   3.230E+02   1.484E-03
   3.481E+02   2.605E-03
   3.731E+02   3.257E-03
   3.982E+02   3.902E-03
   4.232E+02   4.531E-03
   4.483E+02   4.999E-03
   4.733E+02   6.735E-03
   4.984E+02   1.033E-02
   5.234E+02   1.452E-02
   5.485E+02   2.666E-02
   5.735E+02   4.800E-02
   5.985E+02   7.290E-02
   6.236E+02   1.124E-01
   6.486E+02   1.657E-01
   6.737E+02   2.399E-01
   6.987E+02   3.403E-01
   7.238E+02   4.717E-01
   7.488E+02   6.385E-01
   7.739E+02   8.431E-01
   7.989E+02   1.086E+00
   8.240E+02   1.363E+00
   8.490E+02   1.669E+00
   8.740E+02   1.995E+00
   8.991E+02   2.327E+00
   9.241E+02   2.652E+00
   9.492E+02   2.956E+00
   9.742E+02   3.222E+00
   9.993E+02   3.440E+00
   1.024E+03   3.597E+00
   1.049E+03   3.688E+00
   1.074E+03   3.689E+00
   1.099E+03   3.607E+00
   1.124E+03   3.337E+00
   1.150E+03   3.004E+00
   1.175E+03   2.405E+00
   1.200E+03   1.736E+00
   1.225E+03   1.066E+00
   1.250E+03   4.293E-01
   1.275E+03   3.444E-01
   1.300E+03   1.017E+00
   1.325E+03   1.382E+00
   1.350E+03   1.418E+00
   1.375E+03   8.992E-01
   1.400E+03   4.891E-02
