   2.980E+02   2.429E+00
   3.230E+02   3.804E+00
   3.481E+02   8.660E+00
   3.731E+02   1.200E+01
   3.982E+02   1.089E+01
   4.232E+02   1.028E+01
   4.483E+02   1.009E+01
   4.733E+02   1.002E+01
   4.984E+02   9.342E+00
   5.234E+02   9.856E+00
   5.485E+02   1.052E+01
   5.735E+02   1.027E+01
   5.985E+02   1.147E+01
   6.236E+02   1.132E+01
   6.486E+02   1.087E+01
   6.737E+02   9.980E+00
   6.987E+02   8.735E+00
   7.238E+02   7.269E+00
   7.488E+02   5.722E+00
   7.739E+02   4.213E+00
   7.989E+02   2.814E+00
   8.240E+02   1.545E+00
   8.490E+02   7.161E-01
   8.740E+02   1.702E+00
   8.991E+02   2.677E+00
   9.241E+02   3.521E+00
   9.492E+02   4.209E+00
   9.742E+02   5.014E+00
   9.993E+02   5.990E+00
   1.024E+03   6.874E+00
   1.049E+03   7.639E+00
   1.074E+03   8.972E+00
   1.099E+03   8.439E+00
   1.124E+03   9.659E+00
   1.150E+03   8.060E+00
   1.175E+03   7.723E+00
   1.200E+03   6.581E+00
   1.225E+03   5.283E+00
   1.250E+03   5.024E+00
   1.275E+03   3.398E+00
   1.300E+03   2.094E+00
   1.325E+03   2.468E+00
   1.350E+03   2.265E+00
   1.375E+03   1.748E+00
   1.400E+03   4.051E+00
