   0.000E+00   1.011E+01
   2.614E-04   2.011E-02
   5.227E-04   1.143E-02
   7.841E-04   8.938E-03
   1.045E-03   7.655E-03
   1.307E-03   6.988E-03
   1.568E-03   6.672E-03
   1.830E-03   6.505E-03
   2.091E-03   6.460E-03
   2.352E-03   6.510E-03
   2.614E-03   6.596E-03
   2.875E-03   6.785E-03
   3.136E-03   7.019E-03
   3.398E-03   7.306E-03
   3.659E-03   7.676E-03
   3.920E-03   8.169E-03
   4.182E-03   8.975E-03
   4.443E-03   9.851E-03
   4.705E-03   1.074E-02
   4.966E-03   1.201E-02
   5.227E-03   1.335E-02
   5.489E-03   1.496E-02
   5.750E-03   1.692E-02
   6.011E-03   1.918E-02
   6.273E-03   2.184E-02
   6.534E-03   2.584E-02
   6.795E-03   2.938E-02
   7.057E-03   3.548E-02
   7.318E-03   4.607E-02
   7.580E-03   6.671E-02
   7.841E-03   8.923E-02
   8.102E-03   1.006E-01
   8.364E-03   1.255E-01
   8.625E-03   2.242E-01
   8.886E-03   2.686E-01
   9.148E-03   6.612E-01
   9.409E-03   3.026E+00
   9.670E-03   8.585E+00
   9.932E-03   2.172E+01
   1.019E-02   3.316E+00
   1.045E-02   3.771E+00
   1.072E-02   4.542E+00
   1.098E-02   8.967E+00
   1.124E-02   1.458E+01
   1.150E-02   4.923E+03
