   0.000E+00   4.365E-02
   2.614E-04   2.324E+00
   5.227E-04   4.086E+00
   7.841E-04   5.420E+00
   1.045E-03   6.610E+00
   1.307E-03   7.549E+00
   1.568E-03   8.226E+00
   1.830E-03   8.824E+00
   2.091E-03   9.342E+00
   2.352E-03   9.672E+00
   2.614E-03   9.999E+00
   2.875E-03   1.035E+01
   3.136E-03   1.053E+01
   3.398E-03   1.074E+01
   3.659E-03   1.089E+01
   3.920E-03   1.100E+01
   4.182E-03   1.111E+01
   4.443E-03   1.109E+01
   4.705E-03   1.116E+01
   4.966E-03   1.109E+01
   5.227E-03   1.109E+01
   5.489E-03   1.102E+01
   5.750E-03   1.091E+01
   6.011E-03   1.078E+01
   6.273E-03   1.062E+01
   6.534E-03   1.037E+01
   6.795E-03   1.017E+01
   7.057E-03   9.855E+00
   7.318E-03   9.426E+00
   7.580E-03   8.959E+00
   7.841E-03   8.502E+00
   8.102E-03   8.071E+00
   8.364E-03   7.608E+00
   8.625E-03   7.090E+00
   8.886E-03   6.487E+00
   9.148E-03   5.835E+00
   9.409E-03   5.248E+00
   9.670E-03   4.719E+00
   9.932E-03   3.996E+00
   1.019E-02   3.262E+00
   1.045E-02   2.608E+00
   1.072E-02   1.937E+00
   1.098E-02   1.183E+00
   1.124E-02   4.198E-01
   1.150E-02   7.066E-01
