   0.000E+00   1.527E+00
   2.614E-04   4.769E+01
   5.227E-04   7.940E+01
   7.841E-04   1.023E+02
   1.045E-03   1.218E+02
   1.307E-03   1.361E+02
   1.568E-03   1.453E+02
   1.830E-03   1.524E+02
   2.091E-03   1.571E+02
   2.352E-03   1.588E+02
   2.614E-03   1.599E+02
   2.875E-03   1.591E+02
   3.136E-03   1.560E+02
   3.398E-03   1.526E+02
   3.659E-03   1.476E+02
   3.920E-03   1.415E+02
   4.182E-03   1.324E+02
   4.443E-03   1.240E+02
   4.705E-03   1.163E+02
   4.966E-03   1.073E+02
   5.227E-03   9.880E+01
   5.489E-03   9.029E+01
   5.750E-03   8.194E+01
   6.011E-03   7.380E+01
   6.273E-03   6.601E+01
   6.534E-03   5.662E+01
   6.795E-03   5.045E+01
   7.057E-03   4.319E+01
   7.318E-03   3.572E+01
   7.580E-03   2.922E+01
   7.841E-03   2.366E+01
   8.102E-03   1.898E+01
   8.364E-03   1.500E+01
   8.625E-03   1.183E+01
   8.886E-03   8.778E+00
   9.148E-03   6.058E+00
   9.409E-03   4.112E+00
   9.670E-03   2.789E+00
   9.932E-03   1.677E+00
   1.019E-02   8.694E-01
   1.045E-02   4.201E-01
   1.072E-02   1.583E-01
   1.098E-02   3.679E-02
   1.124E-02   2.659E-03
   1.150E-02   5.528E+00
