   0.000E+00   8.837E-03
   2.614E-04   1.408E-01
   5.227E-04   2.097E-01
   7.841E-04   2.761E-01
   1.045E-03   3.569E-01
   1.307E-03   4.452E-01
   1.568E-03   5.329E-01
   1.830E-03   6.341E-01
   2.091E-03   7.403E-01
   2.352E-03   8.108E-01
   2.614E-03   8.438E-01
   2.875E-03   7.816E-01
   3.136E-03   5.845E-01
   3.398E-03   2.530E-01
   3.659E-03   2.249E-01
   3.920E-03   7.250E-01
   4.182E-03   1.238E+00
   4.443E-03   1.428E+00
   4.705E-03   1.422E+00
   4.966E-03   1.274E+00
   5.227E-03   1.051E+00
   5.489E-03   8.175E-01
   5.750E-03   6.376E-01
   6.011E-03   4.945E-01
   6.273E-03   3.863E-01
   6.534E-03   2.806E-01
   6.795E-03   2.245E-01
   7.057E-03   1.690E-01
   7.318E-03   1.222E-01
   7.580E-03   8.880E-02
   7.841E-03   6.474E-02
   8.102E-03   4.733E-02
   8.364E-03   3.425E-02
   8.625E-03   2.525E-02
   8.886E-03   1.733E-02
   9.148E-03   1.095E-02
   9.409E-03   6.770E-03
   9.670E-03   4.219E-03
   9.932E-03   2.219E-03
   1.019E-02   8.994E-04
   1.045E-02   2.577E-04
   1.072E-02   4.373E-05
   1.098E-02   6.695E-05
   1.124E-02   3.580E-05
   1.150E-02   3.825E-03
