   0.000E+00   2.151E+05
   2.614E-04   1.532E+01
   5.227E-04   1.602E+02
   7.841E-04   1.304E+01
   1.045E-03   7.357E+00
   1.307E-03   5.886E+00
   1.568E-03   5.524E+00
   1.830E-03   5.615E+00
   2.091E-03   6.147E+00
   2.352E-03   6.994E+00
   2.614E-03   8.204E+00
   2.875E-03   1.074E+01
   3.136E-03   1.442E+01
   3.398E-03   2.040E+01
   3.659E-03   3.040E+01
   3.920E-03   5.065E+01
   4.182E-03   1.077E+02
   4.443E-03   2.201E+02
   4.705E-03   4.875E+02
   4.966E-03   1.087E+03
   5.227E-03   1.713E+03
   5.489E-03   1.612E+03
   5.750E-03   1.568E+03
   6.011E-03   1.571E+03
   6.273E-03   1.580E+03
   6.534E-03   1.590E+03
   6.795E-03   1.615E+03
   7.057E-03   1.632E+03
   7.318E-03   1.655E+03
   7.580E-03   1.693E+03
   7.841E-03   1.746E+03
   8.102E-03   1.813E+03
   8.364E-03   1.875E+03
   8.625E-03   1.990E+03
   8.886E-03   2.134E+03
   9.148E-03   2.340E+03
   9.409E-03   2.571E+03
   9.670E-03   2.888E+03
   9.932E-03   3.412E+03
   1.019E-02   4.290E+03
   1.045E-02   5.712E+03
   1.072E-02   9.521E+03
   1.098E-02   2.499E+05
   1.124E-02   1.563E+04
   1.150E-02   1.125E+04
