   0.000E+00   2.630E+04
   2.614E-04   7.244E+00
   5.227E-04   4.804E+00
   7.841E-04   3.638E+00
   1.045E-03   2.817E+00
   1.307E-03   2.251E+00
   1.568E-03   1.880E+00
   1.830E-03   1.580E+00
   2.091E-03   1.353E+00
   2.352E-03   1.233E+00
   2.614E-03   1.186E+00
   2.875E-03   1.283E+00
   3.136E-03   1.742E+00
   3.398E-03   5.324E+00
   3.659E-03   4.829E+00
   3.920E-03   1.466E+00
   4.182E-03   8.126E-01
   4.443E-03   7.003E-01
   4.705E-03   7.037E-01
   4.966E-03   7.861E-01
   5.227E-03   9.598E-01
   5.489E-03   1.227E+00
   5.750E-03   1.583E+00
   6.011E-03   2.027E+00
   6.273E-03   2.612E+00
   6.534E-03   3.597E+00
   6.795E-03   4.493E+00
   7.057E-03   5.966E+00
   7.318E-03   8.245E+00
   7.580E-03   1.134E+01
   7.841E-03   1.555E+01
   8.102E-03   2.128E+01
   8.364E-03   2.953E+01
   8.625E-03   4.005E+01
   8.886E-03   5.891E+01
   9.148E-03   9.338E+01
   9.409E-03   1.529E+02
   9.670E-03   2.463E+02
   9.932E-03   4.888E+02
   1.019E-02   1.250E+03
   1.045E-02   9.062E+03
   1.072E-02   1.442E+05
   1.098E-02   2.304E+04
   1.124E-02   4.151E+05
   1.150E-02   4.227E+07
