   2.980E+02   3.992E+00
   3.230E+02   1.226E+01
   3.481E+02   2.482E+01
   3.731E+02   3.680E+01
   3.982E+02   4.588E+01
   4.232E+02   5.451E+01
   4.483E+02   6.431E+01
   4.733E+02   7.507E+01
   4.984E+02   8.348E+01
   5.234E+02   8.974E+01
   5.485E+02   9.934E+01
   5.735E+02   1.079E+02
   5.985E+02   1.141E+02
   6.236E+02   1.204E+02
   6.486E+02   1.258E+02
   6.737E+02   1.307E+02
   6.987E+02   1.352E+02
   7.238E+02   1.393E+02
   7.488E+02   1.428E+02
   7.739E+02   1.460E+02
   7.989E+02   1.487E+02
   8.240E+02   1.509E+02
   8.490E+02   1.527E+02
   8.740E+02   1.540E+02
   8.991E+02   1.547E+02
   9.241E+02   1.549E+02
   9.492E+02   1.543E+02
   9.742E+02   1.531E+02
   9.993E+02   1.512E+02
   1.024E+03   1.486E+02
   1.049E+03   1.452E+02
   1.074E+03   1.402E+02
   1.099E+03   1.338E+02
   1.124E+03   1.242E+02
   1.150E+03   1.156E+02
   1.175E+03   1.019E+02
   1.200E+03   8.811E+01
   1.225E+03   7.479E+01
   1.250E+03   6.190E+01
   1.275E+03   4.622E+01
   1.300E+03   3.035E+01
   1.325E+03   1.839E+01
   1.350E+03   8.960E+00
   1.375E+03   2.029E+00
   1.400E+03   7.577E-01
