   1.500E-01   3.605E+00
   1.511E-01   0.000E+00
   1.523E-01   0.000E+00
   1.534E-01   0.000E+00
   1.545E-01   0.000E+00
   1.557E-01   0.000E+00
   1.568E-01   0.000E+00
   1.580E-01   0.000E+00
   1.591E-01   0.000E+00
   1.602E-01   0.000E+00
   1.614E-01   0.000E+00
   1.625E-01   0.000E+00
   1.636E-01   0.000E+00
   1.648E-01   0.000E+00
   1.659E-01   0.000E+00
   1.670E-01   0.000E+00
   1.682E-01   0.000E+00
   1.693E-01   0.000E+00
   1.705E-01   0.000E+00
   1.716E-01   0.000E+00
   1.727E-01   0.000E+00
   1.739E-01   0.000E+00
   1.750E-01   0.000E+00
   1.761E-01   0.000E+00
   1.773E-01   0.000E+00
   1.784E-01   0.000E+00
   1.795E-01   0.000E+00
   1.807E-01   0.000E+00
   1.818E-01   0.000E+00
   1.830E-01   0.000E+00
   1.841E-01   0.000E+00
   1.852E-01   0.000E+00
   1.864E-01   0.000E+00
   1.875E-01   0.000E+00
   1.886E-01   0.000E+00
   1.898E-01   0.000E+00
   1.909E-01   0.000E+00
   1.920E-01   0.000E+00
   1.932E-01   0.000E+00
   1.943E-01   0.000E+00
   1.955E-01   0.000E+00
   1.966E-01   0.000E+00
   1.977E-01   0.000E+00
   1.989E-01   0.000E+00
   2.000E-01   0.000E+00
