   0.000E+00   2.130E-01
   2.614E-04   2.237E+00
   5.227E-04   3.570E+00
   7.841E-04   3.806E+00
   1.045E-03   3.524E+00
   1.307E-03   3.020E+00
   1.568E-03   2.520E+00
   1.830E-03   2.027E+00
   2.091E-03   1.607E+00
   2.352E-03   1.344E+00
   2.614E-03   1.170E+00
   2.875E-03   1.001E+00
   3.136E-03   8.742E-01
   3.398E-03   7.485E-01
   3.659E-03   6.002E-01
   3.920E-03   4.400E-01
   4.182E-03   2.538E-01
   4.443E-03   1.410E-01
   4.705E-03   7.671E-02
   4.966E-03   3.580E-02
   5.227E-03   1.717E-02
   5.489E-03   8.011E-03
   5.750E-03   5.820E-03
   6.011E-03   5.203E-03
   6.273E-03   4.709E-03
   6.534E-03   4.271E-03
   6.795E-03   3.601E-03
   7.057E-03   3.201E-03
   7.318E-03   2.806E-03
   7.580E-03   2.364E-03
   7.841E-03   1.935E-03
   8.102E-03   1.534E-03
   8.364E-03   1.319E-03
   8.625E-03   8.148E-04
   8.886E-03   4.652E-04
   9.148E-03   3.141E-04
   9.409E-03   5.086E-04
   9.670E-03   5.825E-04
   9.932E-03   6.424E-04
   1.019E-02   6.983E-04
   1.045E-02   7.425E-04
   1.072E-02   7.586E-04
   1.098E-02   7.128E-04
   1.124E-02   5.410E-04
   1.150E-02   6.701E-02
