   0.000E+00   2.592E+01
   2.614E-04   4.836E-01
   5.227E-04   2.807E-01
   7.841E-04   2.628E-01
   1.045E-03   2.842E-01
   1.307E-03   3.318E-01
   1.568E-03   3.980E-01
   1.830E-03   4.951E-01
   2.091E-03   6.243E-01
   2.352E-03   7.457E-01
   2.614E-03   8.578E-01
   2.875E-03   1.001E+00
   3.136E-03   1.147E+00
   3.398E-03   1.346E+00
   3.659E-03   1.676E+00
   3.920E-03   2.328E+00
   4.182E-03   4.054E+00
   4.443E-03   7.202E+00
   4.705E-03   1.374E+01
   4.966E-03   2.828E+01
   5.227E-03   6.258E+01
   5.489E-03   1.332E+02
   5.750E-03   1.955E+02
   6.011E-03   2.202E+02
   6.273E-03   2.445E+02
   6.534E-03   2.755E+02
   6.795E-03   3.164E+02
   7.057E-03   3.621E+02
   7.318E-03   4.273E+02
   7.580E-03   5.185E+02
   7.841E-03   6.498E+02
   8.102E-03   8.533E+02
   8.364E-03   1.152E+03
   8.625E-03   1.881E+03
   8.886E-03   6.052E+03
   9.148E-03   2.842E+04
   9.409E-03   2.739E+03
   9.670E-03   1.858E+03
   9.932E-03   1.623E+03
   1.019E-02   2.428E+03
   1.045E-02   1.466E+03
   1.072E-02   1.326E+03
   1.098E-02   1.535E+03
   1.124E-02   3.123E+03
   1.150E-02   1.646E+06
