   2.980E+02   3.268E-03
   3.230E+02   6.189E-02
   3.481E+02   1.442E-01
   3.731E+02   2.563E-01
   3.982E+02   3.863E-01
   4.232E+02   5.400E-01
   4.483E+02   7.558E-01
   4.733E+02   1.051E+00
   4.984E+02   1.274E+00
   5.234E+02   1.389E+00
   5.485E+02   1.443E+00
   5.735E+02   1.338E+00
   5.985E+02   1.144E+00
   6.236E+02   8.590E-01
   6.486E+02   5.337E-01
   6.737E+02   1.927E-01
   6.987E+02   1.276E-01
   7.238E+02   3.988E-01
   7.488E+02   6.049E-01
   7.739E+02   7.432E-01
   7.989E+02   8.205E-01
   8.240E+02   8.487E-01
   8.490E+02   8.414E-01
   8.740E+02   8.107E-01
   8.991E+02   7.660E-01
   9.241E+02   7.145E-01
   9.492E+02   6.607E-01
   9.742E+02   6.075E-01
   9.993E+02   5.567E-01
   1.024E+03   5.091E-01
   1.049E+03   4.652E-01
   1.074E+03   4.213E-01
   1.099E+03   3.717E-01
   1.124E+03   3.234E-01
   1.150E+03   2.869E-01
   1.175E+03   2.439E-01
   1.200E+03   2.088E-01
   1.225E+03   1.804E-01
   1.250E+03   1.566E-01
   1.275E+03   1.302E-01
   1.300E+03   1.051E-01
   1.325E+03   8.572E-02
   1.350E+03   6.641E-02
   1.375E+03   4.156E-02
   1.400E+03   3.227E-03
