   0.000E+00   4.196E+03
   2.614E-04   4.553E-01
   5.227E-04   2.471E-01
   7.841E-04   1.852E-01
   1.045E-03   1.517E-01
   1.307E-03   1.325E-01
   1.568E-03   1.216E-01
   1.830E-03   1.134E-01
   2.091E-03   1.071E-01
   2.352E-03   1.034E-01
   2.614E-03   1.000E-01
   2.875E-03   9.663E-02
   3.136E-03   9.497E-02
   3.398E-03   9.308E-02
   3.659E-03   9.181E-02
   3.920E-03   9.092E-02
   4.182E-03   8.999E-02
   4.443E-03   9.018E-02
   4.705E-03   8.958E-02
   4.966E-03   9.023E-02
   5.227E-03   9.022E-02
   5.489E-03   9.078E-02
   5.750E-03   9.165E-02
   6.011E-03   9.275E-02
   6.273E-03   9.417E-02
   6.534E-03   9.644E-02
   6.795E-03   9.831E-02
   7.057E-03   1.015E-01
   7.318E-03   1.061E-01
   7.580E-03   1.117E-01
   7.841E-03   1.177E-01
   8.102E-03   1.239E-01
   8.364E-03   1.315E-01
   8.625E-03   1.412E-01
   8.886E-03   1.545E-01
   9.148E-03   1.716E-01
   9.409E-03   1.907E-01
   9.670E-03   2.121E-01
   9.932E-03   2.516E-01
   1.019E-02   3.077E-01
   1.045E-02   3.853E-01
   1.072E-02   5.235E-01
   1.098E-02   8.778E-01
   1.124E-02   3.762E+00
   1.150E-02   1.616E+03
