   2.980E+02   2.719E-03
   3.230E+02   1.197E-01
   3.481E+02   2.140E-01
   3.731E+02   2.922E-01
   3.982E+02   3.465E-01
   4.232E+02   3.807E-01
   4.483E+02   3.978E-01
   4.733E+02   3.839E-01
   4.984E+02   3.439E-01
   5.234E+02   2.980E-01
   5.485E+02   2.034E-01
   5.735E+02   8.328E-02
   5.985E+02   2.280E-02
   6.236E+02   1.195E-01
   6.486E+02   2.152E-01
   6.737E+02   3.023E-01
   6.987E+02   3.764E-01
   7.238E+02   4.343E-01
   7.488E+02   4.747E-01
   7.739E+02   4.977E-01
   7.989E+02   5.045E-01
   8.240E+02   4.969E-01
   8.490E+02   4.773E-01
   8.740E+02   4.483E-01
   8.991E+02   4.121E-01
   9.241E+02   3.714E-01
   9.492E+02   3.282E-01
   9.742E+02   2.845E-01
   9.993E+02   2.420E-01
   1.024E+03   2.019E-01
   1.049E+03   1.652E-01
   1.074E+03   1.303E-01
   1.099E+03   9.104E-02
   1.124E+03   5.862E-02
   1.150E+03   3.657E-02
   1.175E+03   1.695E-02
   1.200E+03   5.851E-03
   1.225E+03   8.196E-04
   1.250E+03   9.649E-04
   1.275E+03   6.472E-04
   1.300E+03   3.072E-03
   1.325E+03   6.148E-03
   1.350E+03   8.431E-03
   1.375E+03   7.484E-03
   1.400E+03   6.989E-04
