   0.000E+00   1.565E-01
   2.614E-04   4.893E-01
   5.227E-04   1.736E+00
   7.841E-04   2.859E+00
   1.045E-03   3.524E+00
   1.307E-03   3.698E+00
   1.568E-03   3.519E+00
   1.830E-03   3.089E+00
   2.091E-03   2.490E+00
   2.352E-03   1.957E+00
   2.614E-03   1.489E+00
   2.875E-03   9.607E-01
   3.136E-03   6.218E-01
   3.398E-03   3.950E-01
   3.659E-03   2.328E-01
   3.920E-03   1.347E-01
   4.182E-03   6.165E-02
   4.443E-03   3.191E-02
   4.705E-03   1.764E-02
   4.966E-03   1.053E-02
   5.227E-03   6.735E-03
   5.489E-03   5.263E-03
   5.750E-03   4.737E-03
   6.011E-03   4.314E-03
   6.273E-03   3.902E-03
   6.534E-03   3.527E-03
   6.795E-03   2.984E-03
   7.057E-03   2.651E-03
   7.318E-03   2.323E-03
   7.580E-03   1.957E-03
   7.841E-03   1.597E-03
   8.102E-03   1.257E-03
   8.364E-03   1.071E-03
   8.625E-03   6.469E-04
   8.886E-03   3.472E-04
   9.148E-03   3.092E-04
   9.409E-03   4.792E-04
   9.670E-03   5.492E-04
   9.932E-03   6.015E-04
   1.019E-02   6.505E-04
   1.045E-02   6.899E-04
   1.072E-02   6.997E-04
   1.098E-02   6.533E-04
   1.124E-02   4.903E-04
   1.150E-02   5.776E-02
