   2.980E+02   1.795E-03
   3.230E+02   5.685E-04
   3.481E+02   6.151E-04
   3.731E+02   6.262E-04
   3.982E+02   6.354E-04
   4.232E+02   6.415E-04
   4.483E+02   6.307E-04
   4.733E+02   5.902E-04
   4.984E+02   9.177E-04
   5.234E+02   1.616E-03
   5.485E+02   3.781E-03
   5.735E+02   7.453E-03
   5.985E+02   1.152E-02
   6.236E+02   1.760E-02
   6.486E+02   2.498E-02
   6.737E+02   3.415E-02
   6.987E+02   4.508E-02
   7.238E+02   5.760E-02
   7.488E+02   7.143E-02
   7.739E+02   8.621E-02
   7.989E+02   1.015E-01
   8.240E+02   1.168E-01
   8.490E+02   1.316E-01
   8.740E+02   1.455E-01
   8.991E+02   1.578E-01
   9.241E+02   1.681E-01
   9.492E+02   1.758E-01
   9.742E+02   1.806E-01
   9.993E+02   1.821E-01
   1.024E+03   1.801E-01
   1.049E+03   1.746E-01
   1.074E+03   1.638E-01
   1.099E+03   1.457E-01
   1.124E+03   1.185E-01
   1.150E+03   9.044E-02
   1.175E+03   4.890E-02
   1.200E+03   9.939E-03
   1.225E+03   2.762E-02
   1.250E+03   5.680E-02
   1.275E+03   8.450E-02
   1.300E+03   9.859E-02
   1.325E+03   9.341E-02
   1.350E+03   6.994E-02
   1.375E+03   2.951E-02
   1.400E+03   7.904E-04
