   0.000E+00   1.369E-03
   2.614E-04   8.090E-04
   5.227E-04   6.583E-03
   7.841E-04   3.162E-02
   1.045E-03   8.122E-02
   1.307E-03   1.489E-01
   1.568E-03   2.220E-01
   1.830E-03   3.064E-01
   2.091E-03   3.918E-01
   2.352E-03   4.510E-01
   2.614E-03   4.885E-01
   2.875E-03   5.008E-01
   3.136E-03   4.716E-01
   3.398E-03   3.992E-01
   3.659E-03   2.941E-01
   3.920E-03   1.581E-01
   4.182E-03   4.767E-02
   4.443E-03   1.657E-01
   4.705E-03   2.708E-01
   4.966E-03   3.425E-01
   5.227E-03   3.839E-01
   5.489E-03   3.985E-01
   5.750E-03   3.921E-01
   6.011E-03   3.740E-01
   6.273E-03   3.465E-01
   6.534E-03   3.050E-01
   6.795E-03   2.750E-01
   7.057E-03   2.363E-01
   7.318E-03   1.947E-01
   7.580E-03   1.577E-01
   7.841E-03   1.258E-01
   8.102E-03   9.898E-02
   8.364E-03   7.629E-02
   8.625E-03   5.910E-02
   8.886E-03   4.269E-02
   9.148E-03   2.846E-02
   9.409E-03   1.857E-02
   9.670E-03   1.228E-02
   9.932E-03   7.253E-03
   1.019E-02   3.757E-03
   1.045E-02   2.000E-03
   1.072E-02   1.112E-03
   1.098E-02   8.447E-04
   1.124E-02   8.342E-04
   1.150E-02   6.416E-04
