   2.980E+02   4.349E+04
   3.230E+02   2.445E+05
   3.481E+02   4.047E+05
   3.731E+02   5.495E+05
   3.982E+02   6.717E+05
   4.232E+02   7.825E+05
   4.483E+02   9.033E+05
   4.733E+02   1.032E+06
   4.984E+02   1.132E+06
   5.234E+02   1.204E+06
   5.485E+02   1.309E+06
   5.735E+02   1.403E+06
   5.985E+02   1.464E+06
   6.236E+02   1.530E+06
   6.486E+02   1.582E+06
   6.737E+02   1.626E+06
   6.987E+02   1.662E+06
   7.238E+02   1.689E+06
   7.488E+02   1.707E+06
   7.739E+02   1.715E+06
   7.989E+02   1.713E+06
   8.240E+02   1.704E+06
   8.490E+02   1.686E+06
   8.740E+02   1.661E+06
   8.991E+02   1.630E+06
   9.241E+02   1.593E+06
   9.492E+02   1.552E+06
   9.742E+02   1.506E+06
   9.993E+02   1.457E+06
   1.024E+03   1.404E+06
   1.049E+03   1.349E+06
   1.074E+03   1.285E+06
   1.099E+03   1.204E+06
   1.124E+03   1.110E+06
   1.150E+03   1.029E+06
   1.175E+03   9.172E+05
   1.200E+03   8.114E+05
   1.225E+03   7.139E+05
   1.250E+03   6.226E+05
   1.275E+03   5.087E+05
   1.300E+03   3.871E+05
   1.325E+03   2.847E+05
   1.350E+03   1.805E+05
   1.375E+03   7.532E+04
   1.400E+03   3.223E+03
