   2.980E+02   1.175E+00
   3.230E+02   4.249E-06
   3.481E+02   2.499E-06
   3.731E+02   1.829E-06
   3.982E+02   1.491E-06
   4.232E+02   1.280E-06
   4.483E+02   1.109E-06
   4.733E+02   9.708E-07
   4.984E+02   8.835E-07
   5.234E+02   8.304E-07
   5.485E+02   7.646E-07
   5.735E+02   7.130E-07
   5.985E+02   6.833E-07
   6.236E+02   6.537E-07
   6.486E+02   6.323E-07
   6.737E+02   6.149E-07
   6.987E+02   6.016E-07
   7.238E+02   5.920E-07
   7.488E+02   5.860E-07
   7.739E+02   5.833E-07
   7.989E+02   5.837E-07
   8.240E+02   5.871E-07
   8.490E+02   5.932E-07
   8.740E+02   6.021E-07
   8.991E+02   6.135E-07
   9.241E+02   6.277E-07
   9.492E+02   6.444E-07
   9.742E+02   6.640E-07
   9.993E+02   6.865E-07
   1.024E+03   7.123E-07
   1.049E+03   7.414E-07
   1.074E+03   7.785E-07
   1.099E+03   8.309E-07
   1.124E+03   9.012E-07
   1.150E+03   9.728E-07
   1.175E+03   1.091E-06
   1.200E+03   1.234E-06
   1.225E+03   1.402E-06
   1.250E+03   1.609E-06
   1.275E+03   1.978E-06
   1.300E+03   2.599E-06
   1.325E+03   3.549E-06
   1.350E+03   5.721E-06
   1.375E+03   1.566E-05
   1.400E+03   1.134E-02
