   0.000E+00   1.594E+04
   2.614E-04   2.265E+03
   5.227E-04   2.965E+02
   7.841E-04   3.468E+01
   1.045E-03   1.296E+01
   1.307E-03   6.801E+00
   1.568E-03   4.542E+00
   1.830E-03   3.281E+00
   2.091E-03   2.560E+00
   2.352E-03   2.218E+00
   2.614E-03   2.048E+00
   2.875E-03   1.997E+00
   3.136E-03   2.121E+00
   3.398E-03   2.524E+00
   3.659E-03   3.418E+00
   3.920E-03   7.306E+00
   4.182E-03   3.424E+01
   4.443E-03   6.096E+00
   4.705E-03   3.737E+00
   4.966E-03   2.923E+00
   5.227E-03   2.607E+00
   5.489E-03   2.511E+00
   5.750E-03   2.553E+00
   6.011E-03   2.677E+00
   6.273E-03   2.892E+00
   6.534E-03   3.287E+00
   6.795E-03   3.648E+00
   7.057E-03   4.245E+00
   7.318E-03   5.153E+00
   7.580E-03   6.363E+00
   7.841E-03   7.981E+00
   8.102E-03   1.015E+01
   8.364E-03   1.321E+01
   8.625E-03   1.705E+01
   8.886E-03   2.378E+01
   9.148E-03   3.572E+01
   9.409E-03   5.539E+01
   9.670E-03   8.428E+01
   9.932E-03   1.453E+02
   1.019E-02   2.820E+02
   1.045E-02   5.184E+02
   1.072E-02   9.980E+02
   1.098E-02   2.013E+03
   1.124E-02   6.527E+03
   1.150E-02   6.057E+07
