   2.980E+02   4.314E-02
   3.230E+02   1.800E-03
   3.481E+02   3.152E-03
   3.731E+02   3.936E-03
   3.982E+02   4.709E-03
   4.232E+02   5.472E-03
   4.483E+02   6.970E-03
   4.733E+02   1.717E-02
   4.984E+02   3.566E-02
   5.234E+02   5.927E-02
   5.485E+02   1.192E-01
   5.735E+02   2.067E-01
   5.985E+02   2.893E-01
   6.236E+02   3.962E-01
   6.486E+02   5.028E-01
   6.737E+02   6.103E-01
   6.987E+02   7.118E-01
   7.238E+02   8.036E-01
   7.488E+02   8.856E-01
   7.739E+02   9.619E-01
   7.989E+02   1.040E+00
   8.240E+02   1.127E+00
   8.490E+02   1.232E+00
   8.740E+02   1.360E+00
   8.991E+02   1.515E+00
   9.241E+02   1.700E+00
   9.492E+02   1.910E+00
   9.742E+02   2.143E+00
   9.993E+02   2.392E+00
   1.024E+03   2.648E+00
   1.049E+03   2.900E+00
   1.074E+03   3.144E+00
   1.099E+03   3.460E+00
   1.124E+03   3.673E+00
   1.150E+03   3.810E+00
   1.175E+03   3.791E+00
   1.200E+03   3.590E+00
   1.225E+03   3.231E+00
   1.250E+03   2.745E+00
   1.275E+03   1.953E+00
   1.300E+03   9.530E-01
   1.325E+03   2.097E-01
   1.350E+03   6.965E-01
   1.375E+03   9.824E-01
   1.400E+03   1.451E-01
